V,timestamps
0.69122314453125,0.0001
0.65826416015625,0.0002
0.42266845703125,0.00030000000000000003
0.62774658203125,0.0004
1.03240966796875,0.0005
1.10382080078125,0.0006000000000000001
0.84686279296875,0.0007
0.58319091796875,0.0008
0.59814453125,0.0009000000000000001
1.00830078125,0.001
0.69610595703125,0.0011
0.68572998046875,0.0012000000000000001
0.736083984375,0.0013000000000000002
0.59814453125,0.0014
0.96527099609375,0.0015
1.0137939453125,0.0016
0.77484130859375,0.0017000000000000001
1.27960205078125,0.0018000000000000002
0.887451171875,0.0019
0.5615234375,0.002
0.87799072265625,0.0021000000000000003
1.3702392578125,0.0022
1.13555908203125,0.0023
1.02203369140625,0.0024000000000000002
1.04736328125,0.0025
0.79742431640625,0.0026000000000000003
0.7513427734375,0.0027
0.880126953125,0.0028
1.14776611328125,0.0029000000000000002
1.05560302734375,0.003
0.72235107421875,0.0031000000000000003
0.56060791015625,0.0032
0.9613037109375,0.0033
1.20880126953125,0.0034000000000000002
1.31072998046875,0.0035
1.03607177734375,0.0036000000000000003
0.887451171875,0.0037
1.136474609375,0.0038
0.96893310546875,0.0039000000000000003
1.038818359375,0.004
1.011962890625,0.0041
1.45965576171875,0.004200000000000001
0.86334228515625,0.0043
0.68145751953125,0.0044
0.618896484375,0.0045000000000000005
1.1663818359375,0.0046
1.09466552734375,0.0047
1.2066650390625,0.0048000000000000004
0.94696044921875,0.0049
0.83740234375,0.005
0.92376708984375,0.0051
1.077880859375,0.005200000000000001
0.73211669921875,0.0053
1.1700439453125,0.0054
0.55419921875,0.0055000000000000005
0.723876953125,0.0056
0.98602294921875,0.0057
1.12762451171875,0.0058000000000000005
1.2310791015625,0.0059
0.85723876953125,0.006
0.61920166015625,0.0061
0.76629638671875,0.006200000000000001
0.531005859375,0.0063
1.009521484375,0.0064
1.15142822265625,0.006500000000000001
0.8917236328125,0.0066
0.85906982421875,0.0067
0.4296875,0.0068000000000000005
0.86669921875,0.006900000000000001
1.05438232421875,0.007
1.23016357421875,0.0071
0.958251953125,0.007200000000000001
0.780029296875,0.0073
1.0113525390625,0.0074
0.81451416015625,0.007500000000000001
1.0125732421875,0.0076
1.10382080078125,0.0077
0.78765869140625,0.0078000000000000005
0.8599853515625,0.0079
0.4766845703125,0.008
0.98297119140625,0.0081
1.09710693359375,0.0082
1.35162353515625,0.0083
1.05743408203125,0.008400000000000001
0.73211669921875,0.0085
0.88287353515625,0.0086
0.7305908203125,0.008700000000000001
0.9283447265625,0.0088
1.00189208984375,0.0089
0.7928466796875,0.009000000000000001
0.73028564453125,0.0091
0.4925537109375,0.0092
0.8978271484375,0.009300000000000001
1.1181640625,0.0094
0.98388671875,0.0095
0.81024169921875,0.009600000000000001
0.84686279296875,0.0097
0.8514404296875,0.0098
0.99365234375,0.0099
1.03912353515625,0.01
1.16241455078125,0.010100000000000001
0.9326171875,0.0102
0.9503173828125,0.0103
0.48583984375,0.010400000000000001
1.02264404296875,0.0105
1.21307373046875,0.0106
1.2548828125,0.010700000000000001
1.35040283203125,0.0108
0.74462890625,0.0109
0.8795166015625,0.011000000000000001
0.9576416015625,0.0111
1.00738525390625,0.0112
1.1822509765625,0.011300000000000001
1.05804443359375,0.0114
1.004638671875,0.0115
1.04583740234375,0.011600000000000001
1.09771728515625,0.0117
0.9478759765625,0.0118
1.30706787109375,0.0119
1.287841796875,0.012
0.99334716796875,0.012100000000000001
1.15478515625,0.0122
1.42669677734375,0.0123
1.4471435546875,0.012400000000000001
1.2432861328125,0.0125
1.558837890625,0.0126
0.95794677734375,0.012700000000000001
1.18194580078125,0.0128
0.987548828125,0.0129
0.953369140625,0.013000000000000001
1.36871337890625,0.0131
1.01104736328125,0.0132
1.37237548828125,0.013300000000000001
1.273193359375,0.0134
1.50543212890625,0.0135
1.6888427734375,0.013600000000000001
1.3470458984375,0.0137
1.431884765625,0.013800000000000002
1.18255615234375,0.013900000000000001
1.67633056640625,0.014
1.6082763671875,0.014100000000000001
1.49200439453125,0.0142
1.62109375,0.0143
0.94757080078125,0.014400000000000001
1.22772216796875,0.0145
1.21917724609375,0.0146
1.6357421875,0.014700000000000001
1.673583984375,0.0148
1.34674072265625,0.0149
1.22314453125,0.015000000000000001
1.4202880859375,0.0151
1.563720703125,0.0152
1.7041015625,0.015300000000000001
1.56341552734375,0.0154
1.52069091796875,0.0155
1.39007568359375,0.015600000000000001
1.77520751953125,0.015700000000000002
1.6552734375,0.0158
1.68182373046875,0.0159
1.552734375,0.016
1.1224365234375,0.0161
1.3482666015625,0.0162
1.2408447265625,0.016300000000000002
1.73248291015625,0.0164
1.844482421875,0.0165
1.534423828125,0.0166
1.6485595703125,0.0167
1.16729736328125,0.016800000000000002
1.66534423828125,0.016900000000000002
1.82952880859375,0.017
1.60003662109375,0.0171
1.83349609375,0.0172
1.1712646484375,0.0173
1.5997314453125,0.017400000000000002
1.2060546875,0.0175
1.84234619140625,0.0176
1.97509765625,0.0177
1.4306640625,0.0178
1.3067626953125,0.0179
1.22314453125,0.018000000000000002
1.6033935546875,0.0181
1.74102783203125,0.0182
1.6082763671875,0.0183
1.6949462890625,0.0184
1.36322021484375,0.018500000000000003
1.43524169921875,0.018600000000000002
1.6815185546875,0.0187
1.69525146484375,0.0188
1.80206298828125,0.0189
1.6949462890625,0.019
1.72210693359375,0.019100000000000002
1.466064453125,0.019200000000000002
1.6632080078125,0.0193
1.79412841796875,0.0194
1.52923583984375,0.0195
1.16912841796875,0.0196
1.5496826171875,0.019700000000000002
1.63787841796875,0.0198
1.67999267578125,0.0199
1.8304443359375,0.02
1.6143798828125,0.0201
1.46453857421875,0.020200000000000003
1.55426025390625,0.020300000000000002
1.71173095703125,0.0204
1.9732666015625,0.0205
1.82952880859375,0.0206
1.676025390625,0.0207
1.378173828125,0.020800000000000003
1.58416748046875,0.020900000000000002
1.85699462890625,0.021
2.0465087890625,0.0211
1.6864013671875,0.0212
1.8927001953125,0.0213
1.68487548828125,0.021400000000000002
1.754150390625,0.021500000000000002
1.91558837890625,0.0216
2.2454833984375,0.0217
2.044677734375,0.0218
1.82525634765625,0.0219
1.59423828125,0.022000000000000002
1.59149169921875,0.0221
1.76055908203125,0.0222
1.89117431640625,0.0223
2.16888427734375,0.0224
1.93511962890625,0.022500000000000003
1.92047119140625,0.022600000000000002
1.66748046875,0.0227
1.8011474609375,0.0228
1.94183349609375,0.0229
1.728515625,0.023
1.95037841796875,0.023100000000000002
1.4984130859375,0.023200000000000002
1.78955078125,0.0233
2.2528076171875,0.0234
2.11029052734375,0.0235
1.89422607421875,0.0236
1.36688232421875,0.023700000000000002
1.8951416015625,0.0238
1.91802978515625,0.0239
1.9598388671875,0.024
2.04620361328125,0.0241
1.7828369140625,0.024200000000000003
1.68701171875,0.024300000000000002
1.55670166015625,0.0244
1.8927001953125,0.0245
2.3565673828125,0.0246
1.88629150390625,0.0247
1.98883056640625,0.024800000000000003
1.53778076171875,0.024900000000000002
1.6546630859375,0.024999999999999998
2.17681884765625,0.025099999999999997
1.48651123046875,0.0252
1.783447265625,0.0253
1.7626953125,0.0254
1.72821044921875,0.0255
1.76727294921875,0.025599999999999998
1.4593505859375,0.025699999999999997
2.21771240234375,0.0258
1.74713134765625,0.0259
1.74468994140625,0.026
1.6522216796875,0.026099999999999998
1.82281494140625,0.026199999999999998
2.20367431640625,0.0263
1.54541015625,0.0264
1.38916015625,0.0265
1.35162353515625,0.0266
1.8035888671875,0.026699999999999998
2.2088623046875,0.026799999999999997
1.60858154296875,0.0269
2.02423095703125,0.027
1.58538818359375,0.0271
1.93572998046875,0.0272
1.4739990234375,0.027299999999999998
1.90826416015625,0.027399999999999997
2.3382568359375,0.0275
1.62994384765625,0.0276
1.602783203125,0.0277
1.4874267578125,0.0278
1.6851806640625,0.027899999999999998
1.7376708984375,0.028
1.79595947265625,0.0281
1.6802978515625,0.0282
1.5386962890625,0.0283
1.85394287109375,0.028399999999999998
1.8585205078125,0.028499999999999998
1.82373046875,0.0286
2.15179443359375,0.0287
1.73583984375,0.0288
1.6497802734375,0.0289
1.53839111328125,0.028999999999999998
1.95648193359375,0.029099999999999997
1.92657470703125,0.0292
1.610107421875,0.0293
1.53472900390625,0.0294
1.5301513671875,0.0295
1.617431640625,0.029599999999999998
1.85546875,0.029699999999999997
1.70623779296875,0.0298
1.8646240234375,0.0299
1.5557861328125,0.03
1.7401123046875,0.0301
1.6864013671875,0.030199999999999998
2.1246337890625,0.0303
2.05352783203125,0.0304
1.56494140625,0.0305
1.24664306640625,0.0306
1.57867431640625,0.030699999999999998
1.84478759765625,0.030799999999999998
1.778564453125,0.0309
1.859130859375,0.031
1.69586181640625,0.0311
1.6326904296875,0.0312
1.55975341796875,0.031299999999999994
1.1578369140625,0.0314
1.9293212890625,0.0315
1.38671875,0.0316
1.72515869140625,0.0317
1.6650390625,0.031799999999999995
1.79534912109375,0.0319
2.14019775390625,0.032
1.2158203125,0.032100000000000004
1.93328857421875,0.0322
1.6650390625,0.032299999999999995
2.039794921875,0.0324
2.01019287109375,0.0325
1.81915283203125,0.032600000000000004
2.052001953125,0.0327
1.3482666015625,0.032799999999999996
1.678466796875,0.0329
1.439208984375,0.033
1.7889404296875,0.0331
1.91680908203125,0.0332
1.47857666015625,0.033299999999999996
1.7938232421875,0.0334
1.70867919921875,0.0335
1.9183349609375,0.0336
1.5960693359375,0.0337
1.6204833984375,0.0338
1.90155029296875,0.0339
1.6851806640625,0.034
1.88446044921875,0.0341
1.8902587890625,0.034199999999999994
1.88323974609375,0.0343
1.7633056640625,0.0344
1.31378173828125,0.0345
1.50970458984375,0.0346
1.4215087890625,0.0347
1.90399169921875,0.0348
1.5155029296875,0.0349
1.77642822265625,0.035
1.70074462890625,0.0351
1.43310546875,0.035199999999999995
1.895751953125,0.0353
1.79931640625,0.0354
1.60247802734375,0.0355
1.72149658203125,0.0356
1.1395263671875,0.035699999999999996
1.7047119140625,0.0358
1.56707763671875,0.0359
1.52984619140625,0.036
1.759033203125,0.0361
1.03851318359375,0.036199999999999996
1.5643310546875,0.0363
1.5875244140625,0.0364
1.6229248046875,0.0365
1.69158935546875,0.0366
1.5472412109375,0.036699999999999997
1.69830322265625,0.0368
1.5185546875,0.0369
1.37939453125,0.037
1.3555908203125,0.0371
1.80877685546875,0.0372
1.781005859375,0.0373
1.1761474609375,0.0374
1.199951171875,0.0375
1.53350830078125,0.0376
1.84173583984375,0.0377
1.44805908203125,0.0378
1.77734375,0.0379
1.46636962890625,0.038
1.3970947265625,0.0381
1.1602783203125,0.0382
1.561279296875,0.0383
1.34521484375,0.038400000000000004
1.424560546875,0.0385
1.51153564453125,0.038599999999999995
1.15692138671875,0.0387
1.7108154296875,0.0388
1.83624267578125,0.0389
1.64520263671875,0.039
1.59576416015625,0.039099999999999996
1.53656005859375,0.0392
1.6265869140625,0.0393
1.22955322265625,0.0394
1.44134521484375,0.0395
1.43310546875,0.039599999999999996
1.44439697265625,0.0397
1.072998046875,0.0398
1.27288818359375,0.0399
1.551513671875,0.04
1.78436279296875,0.0401
1.73583984375,0.0402
1.52740478515625,0.0403
1.629638671875,0.0404
1.42303466796875,0.0405
1.29608154296875,0.0406
1.65618896484375,0.0407
1.8499755859375,0.0408
1.671142578125,0.0409
1.47216796875,0.041
1.42608642578125,0.0411
1.40869140625,0.0412
1.38427734375,0.0413
1.1669921875,0.0414
1.52496337890625,0.041499999999999995
1.60980224609375,0.0416
1.50115966796875,0.0417
1.51947021484375,0.041800000000000004
1.59454345703125,0.0419
1.97540283203125,0.041999999999999996
1.5118408203125,0.0421
1.610107421875,0.0422
1.57989501953125,0.0423
1.55731201171875,0.0424
1.566162109375,0.042499999999999996
1.36444091796875,0.0426
1.4215087890625,0.0427
1.309814453125,0.0428
1.32659912109375,0.0429
1.55853271484375,0.043
1.31561279296875,0.0431
1.39129638671875,0.0432
1.68212890625,0.0433
1.29241943359375,0.0434
1.5008544921875,0.0435
1.3592529296875,0.0436
1.859130859375,0.0437
1.6766357421875,0.0438
1.0516357421875,0.0439
1.5899658203125,0.044
1.4990234375,0.0441
1.67388916015625,0.0442
1.43280029296875,0.0443
1.680908203125,0.0444
1.54571533203125,0.0445
1.09893798828125,0.0446
1.46270751953125,0.0447
1.44775390625,0.0448
1.66412353515625,0.0449
1.22528076171875,0.045
1.2994384765625,0.0451
1.56707763671875,0.0452
1.3909912109375,0.0453
1.6815185546875,0.045399999999999996
1.3232421875,0.0455
1.57928466796875,0.0456
1.29241943359375,0.0457
1.15997314453125,0.0458
1.80999755859375,0.045899999999999996
1.43402099609375,0.046
1.192626953125,0.0461
1.06781005859375,0.0462
0.90667724609375,0.0463
1.4752197265625,0.0464
1.51763916015625,0.0465
1.695556640625,0.0466
1.06597900390625,0.0467
1.59576416015625,0.0468
1.2835693359375,0.0469
1.3360595703125,0.047
1.69586181640625,0.0471
1.12579345703125,0.0472
1.4544677734375,0.0473
1.15325927734375,0.0474
1.05560302734375,0.0475
1.7022705078125,0.0476
1.5576171875,0.0477
1.573486328125,0.0478
1.2335205078125,0.0479
1.279296875,0.048
1.593017578125,0.0481
1.356201171875,0.0482
1.2445068359375,0.0483
1.3311767578125,0.0484
1.3031005859375,0.0485
1.35009765625,0.0486
1.40869140625,0.0487
1.68060302734375,0.0488
1.42303466796875,0.0489
1.19476318359375,0.049
1.23291015625,0.0491
1.65496826171875,0.0492
1.7718505859375,0.0493
1.50970458984375,0.0494
1.1395263671875,0.0495
1.015625,0.0496
1.45782470703125,0.0497
1.258544921875,0.0498
1.4007568359375,0.0499
1.4849853515625,0.05
1.54693603515625,0.050100000000000006
1.29364013671875,0.0502
1.19476318359375,0.050300000000000004
1.71722412109375,0.0504
1.3226318359375,0.0505
1.60675048828125,0.050600000000000006
1.180419921875,0.0507
1.58416748046875,0.050800000000000005
1.8292236328125,0.0509
1.43035888671875,0.051000000000000004
1.58416748046875,0.0511
0.93719482421875,0.0512
1.42730712890625,0.051300000000000005
1.17889404296875,0.0514
1.24755859375,0.051500000000000004
1.50909423828125,0.0516
1.312255859375,0.0517
1.517333984375,0.051800000000000006
1.14501953125,0.0519
1.24420166015625,0.052000000000000005
1.82586669921875,0.0521
1.67510986328125,0.0522
1.1798095703125,0.0523
1.4459228515625,0.0524
1.77825927734375,0.052500000000000005
1.52587890625,0.0526
1.42303466796875,0.052700000000000004
1.6424560546875,0.0528
1.5130615234375,0.0529
1.42852783203125,0.053000000000000005
1.18499755859375,0.0531
1.290283203125,0.053200000000000004
1.83837890625,0.0533
1.5478515625,0.0534
1.478271484375,0.053500000000000006
1.47125244140625,0.0536
1.6351318359375,0.053700000000000005
1.617431640625,0.0538
1.10809326171875,0.0539
1.66900634765625,0.054000000000000006
1.5240478515625,0.0541
1.68670654296875,0.054200000000000005
1.419677734375,0.0543
1.12640380859375,0.054400000000000004
1.91070556640625,0.05450000000000001
1.22772216796875,0.0546
1.370849609375,0.054700000000000006
1.56097412109375,0.0548
1.58294677734375,0.054900000000000004
1.88690185546875,0.055
1.5472412109375,0.0551
1.32354736328125,0.055200000000000006
1.28936767578125,0.0553
1.25152587890625,0.055400000000000005
1.5814208984375,0.0555
1.5020751953125,0.055600000000000004
1.6497802734375,0.0557
1.35528564453125,0.0558
1.31439208984375,0.055900000000000005
1.63787841796875,0.056
1.466064453125,0.056100000000000004
1.60491943359375,0.0562
1.4337158203125,0.0563
0.92926025390625,0.056400000000000006
1.376953125,0.0565
1.35345458984375,0.056600000000000004
1.57135009765625,0.0567
1.49444580078125,0.0568
1.91558837890625,0.056900000000000006
1.4813232421875,0.057
1.12823486328125,0.057100000000000005
1.69464111328125,0.0572
1.361083984375,0.057300000000000004
1.8975830078125,0.05740000000000001
1.4984130859375,0.0575
1.28448486328125,0.057600000000000005
1.5631103515625,0.0577
1.60980224609375,0.057800000000000004
1.64642333984375,0.05790000000000001
1.4288330078125,0.058
1.563720703125,0.0581
1.45233154296875,0.0582
1.53350830078125,0.058300000000000005
1.62841796875,0.05840000000000001
1.66717529296875,0.0585
2.13226318359375,0.0586
1.44744873046875,0.0587
1.2408447265625,0.058800000000000005
1.45050048828125,0.0589
1.35589599609375,0.059000000000000004
1.67999267578125,0.0591
1.59576416015625,0.0592
1.6363525390625,0.059300000000000005
1.72271728515625,0.0594
1.16943359375,0.059500000000000004
1.4935302734375,0.0596
1.5130615234375,0.0597
1.78680419921875,0.059800000000000006
1.7913818359375,0.0599
1.28204345703125,0.060000000000000005
1.48590087890625,0.0601
1.5869140625,0.060200000000000004
1.71600341796875,0.060300000000000006
1.8414306640625,0.0604
1.62750244140625,0.060500000000000005
1.68853759765625,0.0606
1.64520263671875,0.060700000000000004
1.56646728515625,0.06080000000000001
1.70623779296875,0.0609
1.91802978515625,0.061000000000000006
1.5716552734375,0.0611
1.5985107421875,0.061200000000000004
1.25823974609375,0.06130000000000001
1.6534423828125,0.0614
1.7742919921875,0.0615
1.51641845703125,0.0616
1.71844482421875,0.061700000000000005
1.4697265625,0.0618
1.83746337890625,0.061900000000000004
1.4141845703125,0.062
1.6033935546875,0.0621
2.1563720703125,0.062200000000000005
1.46240234375,0.0623
1.622314453125,0.062400000000000004
1.4288330078125,0.0625
1.9708251953125,0.0626
2.02880859375,0.0627
1.66656494140625,0.06280000000000001
1.82373046875,0.0629
1.302490234375,0.063
1.79168701171875,0.0631
1.5191650390625,0.0632
1.8792724609375,0.06330000000000001
1.7529296875,0.0634
1.39984130859375,0.0635
1.7364501953125,0.0636
1.42974853515625,0.0637
1.6876220703125,0.06380000000000001
1.85516357421875,0.0639
2.0263671875,0.064
1.651611328125,0.0641
1.56524658203125,0.06420000000000001
2.03582763671875,0.0643
1.6741943359375,0.0644
1.5771484375,0.0645
1.70989990234375,0.0646
1.50634765625,0.06470000000000001
1.58782958984375,0.0648
1.28692626953125,0.0649
1.6632080078125,0.065
1.88262939453125,0.0651
1.56402587890625,0.06520000000000001
1.56341552734375,0.0653
1.48651123046875,0.0654
2.10540771484375,0.0655
1.8365478515625,0.0656
1.66015625,0.06570000000000001
1.6534423828125,0.0658
1.12640380859375,0.0659
1.788330078125,0.066
1.6680908203125,0.0661
1.8121337890625,0.06620000000000001
1.829833984375,0.0663
1.22406005859375,0.0664
1.6064453125,0.0665
1.456298828125,0.0666
1.76971435546875,0.06670000000000001
1.9732666015625,0.0668
1.84112548828125,0.0669
1.766357421875,0.067
1.36566162109375,0.0671
1.19354248046875,0.06720000000000001
1.55731201171875,0.0673
1.76727294921875,0.0674
1.78863525390625,0.0675
1.64031982421875,0.06760000000000001
1.68914794921875,0.06770000000000001
1.3067626953125,0.0678
1.71356201171875,0.0679
1.65252685546875,0.068
1.54449462890625,0.06810000000000001
1.32659912109375,0.06820000000000001
1.30767822265625,0.0683
1.47125244140625,0.0684
1.86004638671875,0.0685
1.7169189453125,0.06860000000000001
1.7242431640625,0.06870000000000001
1.3275146484375,0.0688
1.439208984375,0.0689
1.68182373046875,0.069
1.7376708984375,0.06910000000000001
1.75048828125,0.06920000000000001
1.47491455078125,0.0693
1.55853271484375,0.0694
1.34368896484375,0.0695
1.29302978515625,0.0696
1.93267822265625,0.06970000000000001
1.7034912109375,0.0698
1.9842529296875,0.0699
1.29547119140625,0.07
1.62689208984375,0.0701
1.42791748046875,0.07020000000000001
1.80206298828125,0.0703
1.90216064453125,0.0704
1.27685546875,0.07050000000000001
1.510009765625,0.0706
1.23077392578125,0.0707
1.2548828125,0.0708
1.6192626953125,0.0709
1.500244140625,0.07100000000000001
1.5130615234375,0.0711
1.4227294921875,0.0712
1.4215087890625,0.0713
1.50482177734375,0.0714
1.69708251953125,0.07150000000000001
1.7431640625,0.0716
1.5863037109375,0.0717
1.5142822265625,0.0718
1.6571044921875,0.0719
1.49658203125,0.07200000000000001
1.79046630859375,0.0721
1.639404296875,0.0722
1.65863037109375,0.0723
1.16668701171875,0.0724
1.16302490234375,0.07250000000000001
1.5338134765625,0.0726
1.82586669921875,0.0727
1.806640625,0.0728
1.39434814453125,0.0729
1.76422119140625,0.07300000000000001
1.31134033203125,0.0731
1.42730712890625,0.0732
1.53106689453125,0.0733
1.73980712890625,0.0734
1.53564453125,0.07350000000000001
1.4190673828125,0.0736
1.22344970703125,0.0737
1.29669189453125,0.0738
1.79718017578125,0.07390000000000001
1.7974853515625,0.07400000000000001
1.71966552734375,0.0741
1.5673828125,0.0742
1.34368896484375,0.0743
1.490478515625,0.07440000000000001
1.5533447265625,0.07450000000000001
1.72607421875,0.0746
1.5777587890625,0.0747
1.60308837890625,0.0748
1.43096923828125,0.07490000000000001
1.357421875,0.075
1.7926025390625,0.0751
1.45660400390625,0.0752
1.77154541015625,0.0753
1.61712646484375,0.0754
1.32415771484375,0.0755
1.44134521484375,0.0756
1.622314453125,0.0757
1.5618896484375,0.0758
1.2774658203125,0.0759
1.34735107421875,0.076
1.427001953125,0.0761
1.48529052734375,0.0762
2.0245361328125,0.0763
1.317138671875,0.0764
1.28509521484375,0.0765
1.40899658203125,0.0766
1.1065673828125,0.0767
1.6363525390625,0.07680000000000001
1.5826416015625,0.0769
1.76910400390625,0.077
1.53900146484375,0.0771
1.14593505859375,0.0772
1.34033203125,0.07730000000000001
1.2103271484375,0.0774
2.02911376953125,0.0775
1.52801513671875,0.0776
1.34735107421875,0.0777
1.39251708984375,0.07780000000000001
1.03546142578125,0.0779
1.65313720703125,0.078
1.3714599609375,0.0781
1.6229248046875,0.0782
1.6278076171875,0.07830000000000001
1.31744384765625,0.0784
1.4910888671875,0.0785
1.614990234375,0.0786
1.893310546875,0.0787
1.5362548828125,0.07880000000000001
1.4117431640625,0.0789
1.15875244140625,0.079
1.3671875,0.0791
1.56585693359375,0.0792
1.20513916015625,0.07930000000000001
1.49139404296875,0.0794
1.513671875,0.0795
1.34246826171875,0.0796
1.4886474609375,0.0797
1.57989501953125,0.07980000000000001
1.70074462890625,0.0799
1.67999267578125,0.08
1.240234375,0.0801
1.4056396484375,0.0802
1.180419921875,0.08030000000000001
1.85272216796875,0.0804
1.70074462890625,0.0805
1.419677734375,0.0806
1.6412353515625,0.0807
1.24359130859375,0.0808
1.41326904296875,0.0809
1.57623291015625,0.081
1.8121337890625,0.0811
1.8707275390625,0.0812
1.3861083984375,0.0813
1.55487060546875,0.0814
1.448974609375,0.0815
1.4385986328125,0.0816
1.8017578125,0.0817
1.4251708984375,0.0818
1.9024658203125,0.0819
1.43096923828125,0.082
1.4398193359375,0.0821
1.53717041015625,0.0822
1.62078857421875,0.0823
1.785888671875,0.0824
1.46270751953125,0.0825
1.3037109375,0.0826
1.6375732421875,0.0827
1.4825439453125,0.0828
1.904296875,0.0829
1.52496337890625,0.083
1.93450927734375,0.08310000000000001
1.47857666015625,0.0832
1.33026123046875,0.0833
1.71417236328125,0.0834
1.58782958984375,0.0835
1.846923828125,0.08360000000000001
1.40472412109375,0.0837
1.529541015625,0.0838
1.378173828125,0.0839
1.55792236328125,0.084
1.78802490234375,0.08410000000000001
1.397705078125,0.0842
1.883544921875,0.0843
1.3543701171875,0.0844
1.732177734375,0.0845
1.715087890625,0.08460000000000001
1.48468017578125,0.0847
1.8951416015625,0.0848
1.456298828125,0.0849
1.3568115234375,0.085
1.295166015625,0.08510000000000001
1.54632568359375,0.0852
1.68182373046875,0.0853
1.8438720703125,0.0854
1.6998291015625,0.0855
1.416015625,0.08560000000000001
1.1517333984375,0.0857
1.5228271484375,0.0858
1.46728515625,0.0859
1.67083740234375,0.08600000000000001
1.466064453125,0.0861
1.114501953125,0.0862
1.40960693359375,0.0863
1.40869140625,0.0864
1.50115966796875,0.08650000000000001
1.6314697265625,0.0866
1.6339111328125,0.0867
1.29608154296875,0.0868
1.31591796875,0.0869
1.617431640625,0.08700000000000001
1.40777587890625,0.0871
1.82769775390625,0.0872
1.1688232421875,0.0873
1.42425537109375,0.0874
1.19720458984375,0.0875
1.4300537109375,0.0876
1.2579345703125,0.0877
1.48101806640625,0.0878
1.46209716796875,0.0879
1.19720458984375,0.088
1.52679443359375,0.0881
1.300048828125,0.0882
1.680908203125,0.0883
1.8463134765625,0.0884
1.47003173828125,0.0885
1.5673828125,0.0886
1.48651123046875,0.0887
1.63848876953125,0.0888
1.4410400390625,0.0889
1.63299560546875,0.089
1.336669921875,0.0891
1.63604736328125,0.0892
1.533203125,0.0893
1.1956787109375,0.08940000000000001
1.7376708984375,0.0895
1.6485595703125,0.0896
1.63787841796875,0.0897
1.5673828125,0.0898
1.45751953125,0.08990000000000001
1.4276123046875,0.09
1.3983154296875,0.0901
1.76605224609375,0.0902
1.610107421875,0.0903
1.61834716796875,0.09040000000000001
1.65374755859375,0.0905
1.595458984375,0.0906
1.60003662109375,0.0907
1.35528564453125,0.0908
1.59271240234375,0.09090000000000001
1.55975341796875,0.091
1.27777099609375,0.0911
1.61834716796875,0.0912
1.8023681640625,0.0913
1.68914794921875,0.09140000000000001
2.01385498046875,0.0915
1.3836669921875,0.0916
1.66748046875,0.0917
1.69708251953125,0.0918
1.73614501953125,0.09190000000000001
1.87255859375,0.092
1.52435302734375,0.0921
1.45111083984375,0.0922
0.9832763671875,0.09230000000000001
1.69158935546875,0.0924
1.8585205078125,0.0925
1.63299560546875,0.0926
1.8865966796875,0.0927
1.43768310546875,0.09280000000000001
1.702880859375,0.0929
1.7852783203125,0.093
1.8994140625,0.0931
2.05078125,0.0932
1.776123046875,0.09330000000000001
1.3372802734375,0.0934
1.61651611328125,0.0935
1.7730712890625,0.0936
1.73065185546875,0.0937
1.85272216796875,0.09380000000000001
1.9140625,0.0939
1.5966796875,0.094
1.69677734375,0.0941
1.94244384765625,0.0942
1.793212890625,0.09430000000000001
1.96685791015625,0.0944
1.2701416015625,0.0945
1.7633056640625,0.0946
1.8658447265625,0.0947
1.68060302734375,0.0948
2.08709716796875,0.0949
1.64581298828125,0.095
1.69219970703125,0.0951
1.30828857421875,0.0952
1.78436279296875,0.0953
2.0123291015625,0.0954
1.86767578125,0.0955
1.8658447265625,0.0956
1.146240234375,0.09570000000000001
1.40625,0.0958
1.5985107421875,0.0959
1.888427734375,0.096
2.07855224609375,0.0961
1.651611328125,0.09620000000000001
1.79046630859375,0.0963
1.5673828125,0.0964
1.627197265625,0.0965
1.96929931640625,0.0966
1.71630859375,0.09670000000000001
1.8743896484375,0.0968
1.39617919921875,0.0969
1.4422607421875,0.097
1.80328369140625,0.0971
1.790771484375,0.09720000000000001
1.81121826171875,0.0973
1.4544677734375,0.0974
1.6558837890625,0.0975
1.79290771484375,0.0976
1.53533935546875,0.09770000000000001
1.9000244140625,0.0978
1.74072265625,0.0979
1.6015625,0.098
1.57318115234375,0.0981
1.895751953125,0.09820000000000001
1.97998046875,0.0983
1.96624755859375,0.0984
1.6583251953125,0.0985
1.50726318359375,0.09860000000000001
1.68701171875,0.0987
1.55731201171875,0.0988
2.04498291015625,0.0989
1.9146728515625,0.099
1.441650390625,0.09910000000000001
1.59210205078125,0.0992
1.4013671875,0.0993
1.636962890625,0.0994
1.77703857421875,0.0995
2.186279296875,0.09960000000000001
1.676025390625,0.0997
1.68975830078125,0.0998
1.8017578125,0.0999
1.48193359375,0.1
2.24700927734375,0.10010000000000001
1.84356689453125,0.10020000000000001
1.73126220703125,0.1003
1.81640625,0.1004
1.75048828125,0.1005
1.76513671875,0.10060000000000001
1.7877197265625,0.10070000000000001
1.93572998046875,0.1008
1.3568115234375,0.1009
1.86767578125,0.101
1.549072265625,0.10110000000000001
1.7181396484375,0.10120000000000001
2.3077392578125,0.1013
1.58294677734375,0.1014
1.771240234375,0.1015
1.63848876953125,0.10160000000000001
1.8408203125,0.10170000000000001
1.885986328125,0.1018
1.9879150390625,0.1019
1.875,0.10200000000000001
1.74285888671875,0.10210000000000001
1.6387939453125,0.1022
1.62872314453125,0.1023
1.75262451171875,0.1024
2.43194580078125,0.10250000000000001
1.4862060546875,0.10260000000000001
1.7852783203125,0.1027
1.45050048828125,0.1028
1.66473388671875,0.1029
2.21771240234375,0.10300000000000001
1.85028076171875,0.10310000000000001
2.18963623046875,0.1032
1.8292236328125,0.1033
1.8634033203125,0.1034
1.65740966796875,0.10350000000000001
1.69830322265625,0.10360000000000001
2.21923828125,0.1037
1.6558837890625,0.1038
1.76116943359375,0.1039
1.685791015625,0.10400000000000001
1.41021728515625,0.10410000000000001
2.39837646484375,0.1042
1.712646484375,0.1043
1.6546630859375,0.1044
1.79931640625,0.10450000000000001
1.89788818359375,0.1046
1.9989013671875,0.1047
1.9903564453125,0.1048
2.01263427734375,0.10490000000000001
1.70166015625,0.10500000000000001
1.8585205078125,0.1051
1.48193359375,0.1052
1.80206298828125,0.1053
2.31231689453125,0.10540000000000001
1.4251708984375,0.10550000000000001
1.45965576171875,0.1056
1.50390625,0.1057
1.868896484375,0.1058
1.719970703125,0.10590000000000001
1.68914794921875,0.10600000000000001
1.95526123046875,0.1061
1.63604736328125,0.1062
1.54449462890625,0.1063
1.497802734375,0.10640000000000001
1.80389404296875,0.10650000000000001
1.84234619140625,0.1066
1.7047119140625,0.1067
1.463623046875,0.1068
1.3226318359375,0.10690000000000001
1.73828125,0.10700000000000001
1.77581787109375,0.1071
1.54327392578125,0.1072
1.7578125,0.1073
1.8804931640625,0.10740000000000001
1.4453125,0.10750000000000001
1.64703369140625,0.1076
1.63818359375,0.1077
1.61376953125,0.1078
1.6400146484375,0.10790000000000001
1.429443359375,0.10800000000000001
1.80084228515625,0.1081
1.9512939453125,0.1082
1.80572509765625,0.10830000000000001
1.46942138671875,0.10840000000000001
1.2652587890625,0.10850000000000001
1.61712646484375,0.1086
1.57501220703125,0.1087
1.66656494140625,0.10880000000000001
1.8121337890625,0.10890000000000001
1.86737060546875,0.10900000000000001
1.63726806640625,0.1091
1.28265380859375,0.1092
1.544189453125,0.10930000000000001
1.94793701171875,0.10940000000000001
1.65924072265625,0.1095
1.739501953125,0.1096
1.4971923828125,0.1097
1.64093017578125,0.10980000000000001
1.85882568359375,0.10990000000000001
1.4990234375,0.11
1.845703125,0.1101
1.6387939453125,0.1102
1.63818359375,0.11030000000000001
1.44439697265625,0.11040000000000001
1.50665283203125,0.1105
1.78070068359375,0.1106
1.4404296875,0.1107
1.57501220703125,0.11080000000000001
1.0247802734375,0.1109
1.5350341796875,0.111
1.78009033203125,0.1111
1.29180908203125,0.11120000000000001
1.53900146484375,0.11130000000000001
1.74285888671875,0.1114
1.4874267578125,0.1115
1.34246826171875,0.1116
1.74835205078125,0.11170000000000001
1.82525634765625,0.11180000000000001
1.9403076171875,0.1119
1.7498779296875,0.112
1.0150146484375,0.1121
1.53778076171875,0.11220000000000001
1.7108154296875,0.11230000000000001
1.54327392578125,0.1124
1.8658447265625,0.1125
1.673583984375,0.1126
1.44287109375,0.11270000000000001
1.5435791015625,0.11280000000000001
1.12091064453125,0.1129
1.87286376953125,0.113
2.142333984375,0.1131
1.573486328125,0.11320000000000001
1.70684814453125,0.11330000000000001
1.54937744140625,0.1134
1.80572509765625,0.1135
1.38214111328125,0.1136
1.85943603515625,0.11370000000000001
1.62322998046875,0.11380000000000001
1.75628662109375,0.1139
1.671142578125,0.114
1.22467041015625,0.11410000000000001
1.77490234375,0.11420000000000001
1.86431884765625,0.11430000000000001
1.66961669921875,0.1144
1.50543212890625,0.1145
1.50604248046875,0.11460000000000001
1.8475341796875,0.11470000000000001
1.93572998046875,0.11480000000000001
1.84051513671875,0.1149
1.54998779296875,0.115
1.78802490234375,0.11510000000000001
1.53045654296875,0.11520000000000001
1.121826171875,0.11530000000000001
1.37603759765625,0.1154
2.03857421875,0.1155
1.510009765625,0.11560000000000001
1.40228271484375,0.11570000000000001
1.19781494140625,0.11580000000000001
1.5484619140625,0.1159
1.93145751953125,0.116
1.728515625,0.11610000000000001
1.79046630859375,0.1162
1.87774658203125,0.11630000000000001
1.6259765625,0.1164
1.4068603515625,0.1165
1.85760498046875,0.11660000000000001
1.834716796875,0.1167
1.87835693359375,0.11680000000000001
1.56707763671875,0.1169
0.99029541015625,0.117
1.597900390625,0.11710000000000001
1.76239013671875,0.1172
1.53717041015625,0.1173
1.92535400390625,0.1174
1.8585205078125,0.11750000000000001
1.5362548828125,0.11760000000000001
1.4544677734375,0.1177
1.67816162109375,0.1178
1.61041259765625,0.1179
1.83685302734375,0.11800000000000001
1.60614013671875,0.11810000000000001
1.56829833984375,0.1182
1.556396484375,0.1183
1.83807373046875,0.1184
1.519775390625,0.11850000000000001
1.31072998046875,0.11860000000000001
1.9378662109375,0.1187
1.4898681640625,0.1188
1.7578125,0.1189
1.75140380859375,0.11900000000000001
1.884765625,0.11910000000000001
2.37396240234375,0.1192
1.3055419921875,0.1193
1.57073974609375,0.1194
1.32354736328125,0.11950000000000001
1.88140869140625,0.11960000000000001
2.13409423828125,0.1197
1.79931640625,0.1198
1.93145751953125,0.1199
1.53961181640625,0.12000000000000001
1.55548095703125,0.12010000000000001
1.54449462890625,0.1202
1.7755126953125,0.1203
2.24334716796875,0.12040000000000001
1.92291259765625,0.12050000000000001
1.5753173828125,0.12060000000000001
1.48956298828125,0.1207
1.48773193359375,0.1208
2.03338623046875,0.12090000000000001
1.7236328125,0.12100000000000001
1.95343017578125,0.12110000000000001
1.74896240234375,0.1212
1.82403564453125,0.1213
1.92901611328125,0.12140000000000001
1.77215576171875,0.12150000000000001
2.2882080078125,0.12160000000000001
1.6387939453125,0.1217
1.80389404296875,0.1218
1.6357421875,0.12190000000000001
1.81365966796875,0.12200000000000001
2.00103759765625,0.12210000000000001
1.490478515625,0.1222
2.02667236328125,0.1223
1.4923095703125,0.12240000000000001
1.8963623046875,0.12250000000000001
2.1429443359375,0.12260000000000001
1.83380126953125,0.1227
2.301025390625,0.1228
1.748046875,0.12290000000000001
1.5386962890625,0.123
1.48773193359375,0.12310000000000001
2.2747802734375,0.1232
2.2625732421875,0.1233
1.8548583984375,0.12340000000000001
2.125244140625,0.1235
1.56982421875,0.1236
1.80145263671875,0.1237
1.95404052734375,0.12380000000000001
1.8212890625,0.12390000000000001
2.19024658203125,0.124
1.9195556640625,0.1241
1.55426025390625,0.1242
1.8206787109375,0.12430000000000001
1.79168701171875,0.12440000000000001
1.95587158203125,0.1245
2.2943115234375,0.1246
1.756591796875,0.1247
2.11517333984375,0.12480000000000001
2.0648193359375,0.12490000000000001
2.076416015625,0.125
1.92840576171875,0.1251
2.27630615234375,0.1252
1.839599609375,0.1253
1.60430908203125,0.1254
1.91619873046875,0.1255
1.922607421875,0.1256
2.22137451171875,0.1257
1.99066162109375,0.1258
1.702880859375,0.1259
1.81640625,0.126
2.05047607421875,0.1261
1.890869140625,0.1262
2.14752197265625,0.1263
2.2589111328125,0.1264
1.754150390625,0.1265
1.89453125,0.1266
1.83990478515625,0.1267
1.88140869140625,0.1268
2.31658935546875,0.1269
2.07763671875,0.127
1.76177978515625,0.1271
1.65374755859375,0.1272
2.09259033203125,0.1273
2.00164794921875,0.1274
2.32421875,0.1275
2.0379638671875,0.1276
2.00225830078125,0.1277
1.6363525390625,0.1278
1.9573974609375,0.1279
1.93145751953125,0.128
2.27935791015625,0.1281
2.34832763671875,0.1282
2.0025634765625,0.1283
2.09869384765625,0.12840000000000001
1.898193359375,0.1285
1.8841552734375,0.1286
2.26837158203125,0.1287
1.8817138671875,0.1288
1.9720458984375,0.12890000000000001
1.9537353515625,0.129
1.77093505859375,0.1291
2.23724365234375,0.1292
2.5146484375,0.1293
1.95556640625,0.12940000000000002
2.23297119140625,0.1295
1.95404052734375,0.1296
2.04925537109375,0.1297
2.198486328125,0.1298
2.2613525390625,0.12990000000000002
2.1038818359375,0.13
1.87255859375,0.1301
2.0855712890625,0.1302
1.89239501953125,0.1303
2.149658203125,0.13040000000000002
2.13348388671875,0.1305
2.144775390625,0.1306
2.3968505859375,0.1307
1.7376708984375,0.1308
2.06634521484375,0.13090000000000002
2.3663330078125,0.131
2.2796630859375,0.1311
2.34161376953125,0.1312
1.99737548828125,0.1313
2.15179443359375,0.13140000000000002
1.99310302734375,0.1315
2.15972900390625,0.1316
2.21343994140625,0.1317
2.38494873046875,0.1318
2.310791015625,0.13190000000000002
1.7181396484375,0.132
1.70196533203125,0.1321
1.982421875,0.1322
1.9921875,0.1323
2.5341796875,0.13240000000000002
2.1063232421875,0.1325
2.39837646484375,0.1326
2.09869384765625,0.1327
2.06146240234375,0.1328
2.13104248046875,0.13290000000000002
2.113037109375,0.133
2.44415283203125,0.1331
2.21954345703125,0.1332
2.2845458984375,0.1333
2.276611328125,0.13340000000000002
1.79351806640625,0.1335
2.5360107421875,0.1336
1.71844482421875,0.1337
2.38433837890625,0.1338
2.35504150390625,0.13390000000000002
2.04742431640625,0.134
2.1148681640625,0.1341
1.9659423828125,0.1342
2.47772216796875,0.1343
1.9830322265625,0.13440000000000002
2.17864990234375,0.1345
2.54791259765625,0.1346
2.27508544921875,0.13470000000000001
2.103271484375,0.1348
1.8060302734375,0.1349
2.29888916015625,0.135
2.166748046875,0.1351
2.2900390625,0.13520000000000001
2.4627685546875,0.1353
2.0184326171875,0.1354
2.2259521484375,0.1355
2.16705322265625,0.1356
2.40692138671875,0.13570000000000002
2.44049072265625,0.1358
2.40997314453125,0.1359
1.9964599609375,0.136
1.96868896484375,0.1361
2.2479248046875,0.13620000000000002
1.95343017578125,0.1363
2.53753662109375,0.1364
1.83197021484375,0.1365
2.1051025390625,0.1366
2.06878662109375,0.13670000000000002
2.15789794921875,0.1368
2.1221923828125,0.1369
2.09747314453125,0.137
2.2247314453125,0.1371
1.8609619140625,0.13720000000000002
1.73126220703125,0.1373
1.81121826171875,0.1374
2.325439453125,0.1375
2.3614501953125,0.1376
1.827392578125,0.13770000000000002
1.75201416015625,0.1378
2.027587890625,0.1379
2.0635986328125,0.138
2.29461669921875,0.1381
2.440185546875,0.13820000000000002
1.93145751953125,0.1383
2.044677734375,0.1384
1.72943115234375,0.1385
1.888427734375,0.1386
2.09442138671875,0.13870000000000002
2.265625,0.1388
1.91864013671875,0.1389
2.0941162109375,0.139
1.98272705078125,0.1391
1.96502685546875,0.1392
2.28668212890625,0.1393
2.16217041015625,0.1394
2.442626953125,0.1395
1.9610595703125,0.1396
2.00164794921875,0.1397
1.7718505859375,0.1398
1.76971435546875,0.1399
2.1612548828125,0.14
2.1026611328125,0.1401
2.30072021484375,0.1402
1.8505859375,0.1403
2.059326171875,0.1404
2.11517333984375,0.1405
1.36138916015625,0.1406
1.97265625,0.1407
2.3822021484375,0.1408
2.00775146484375,0.1409
2.08251953125,0.14100000000000001
2.1539306640625,0.1411
1.712646484375,0.1412
2.29888916015625,0.1413
2.0001220703125,0.1414
2.39898681640625,0.14150000000000001
2.3236083984375,0.1416
2.3065185546875,0.1417
2.0867919921875,0.1418
2.2149658203125,0.1419
2.2454833984375,0.14200000000000002
1.92626953125,0.1421
2.2320556640625,0.1422
2.047119140625,0.1423
2.31719970703125,0.1424
2.52349853515625,0.14250000000000002
2.4078369140625,0.1426
2.35321044921875,0.1427
1.8475341796875,0.1428
2.22259521484375,0.1429
2.13287353515625,0.14300000000000002
2.26531982421875,0.1431
2.1673583984375,0.1432
2.2955322265625,0.1433
2.30194091796875,0.1434
1.72271728515625,0.14350000000000002
1.9659423828125,0.1436
2.32025146484375,0.1437
2.0623779296875,0.1438
2.81524658203125,0.1439
2.37823486328125,0.14400000000000002
2.49847412109375,0.1441
2.431640625,0.1442
1.875,0.1443
2.57843017578125,0.1444
2.46185302734375,0.14450000000000002
2.37091064453125,0.1446
2.16827392578125,0.1447
1.9000244140625,0.1448
2.19970703125,0.1449
1.49566650390625,0.14500000000000002
2.6226806640625,0.1451
2.14935302734375,0.1452
2.0050048828125,0.1453
2.30194091796875,0.1454
1.88720703125,0.14550000000000002
2.14447021484375,0.1456
2.22503662109375,0.1457
2.49237060546875,0.1458
2.3095703125,0.1459
1.96533203125,0.14600000000000002
2.19482421875,0.1461
2.18170166015625,0.1462
2.48504638671875,0.1463
1.859130859375,0.1464
1.84539794921875,0.14650000000000002
1.94976806640625,0.1466
2.0257568359375,0.1467
2.08892822265625,0.1468
2.21282958984375,0.1469
2.2003173828125,0.147
2.0721435546875,0.1471
1.6253662109375,0.1472
1.85577392578125,0.14730000000000001
2.0623779296875,0.1474
2.38128662109375,0.1475
2.17559814453125,0.1476
1.72393798828125,0.1477
1.9488525390625,0.14780000000000001
1.65313720703125,0.1479
2.34344482421875,0.148
2.20123291015625,0.1481
1.78619384765625,0.1482
2.1673583984375,0.14830000000000002
1.6278076171875,0.1484
2.18353271484375,0.1485
2.04742431640625,0.1486
2.05474853515625,0.1487
1.95953369140625,0.14880000000000002
1.83258056640625,0.1489
2.02301025390625,0.149
1.81793212890625,0.1491
2.0880126953125,0.1492
1.76177978515625,0.14930000000000002
1.99493408203125,0.1494
1.9781494140625,0.1495
1.806640625,0.1496
2.05291748046875,0.1497
2.06024169921875,0.14980000000000002
2.11181640625,0.1499
1.85089111328125,0.15
1.75567626953125,0.15009999999999998
2.1893310546875,0.1502
2.25311279296875,0.1503
1.6986083984375,0.1504
2.26593017578125,0.1505
1.6400146484375,0.15059999999999998
1.7510986328125,0.1507
2.21954345703125,0.1508
1.96563720703125,0.1509
2.2686767578125,0.151
2.18963623046875,0.15109999999999998
1.9903564453125,0.1512
1.73614501953125,0.1513
2.26715087890625,0.1514
2.08099365234375,0.1515
2.2259521484375,0.15159999999999998
2.17864990234375,0.1517
1.746826171875,0.1518
2.060546875,0.1519
1.7681884765625,0.152
1.96807861328125,0.15209999999999999
2.04833984375,0.1522
2.21527099609375,0.1523
2.10662841796875,0.1524
2.34893798828125,0.1525
2.39288330078125,0.15259999999999999
2.10357666015625,0.1527
2.04559326171875,0.1528
2.0208740234375,0.1529
1.536865234375,0.153
2.06329345703125,0.15309999999999999
1.8603515625,0.1532
1.6888427734375,0.1533
2.259521484375,0.15339999999999998
2.16278076171875,0.1535
2.08526611328125,0.1536
2.04986572265625,0.1537
2.46063232421875,0.1538
2.4017333984375,0.15389999999999998
1.961669921875,0.154
2.31475830078125,0.1541
1.95709228515625,0.1542
2.43743896484375,0.1543
2.24639892578125,0.15439999999999998
2.19757080078125,0.1545
2.35260009765625,0.1546
2.11517333984375,0.1547
2.09716796875,0.1548
2.1185302734375,0.15489999999999998
1.65069580078125,0.155
2.3321533203125,0.1551
2.47314453125,0.1552
2.0050048828125,0.1553
2.16156005859375,0.15539999999999998
2.34375,0.1555
1.7822265625,0.1556
2.46002197265625,0.1557
2.19482421875,0.1558
2.45819091796875,0.15589999999999998
2.44110107421875,0.156
2.03033447265625,0.1561
2.14874267578125,0.1562
1.99920654296875,0.1563
1.90673828125,0.15639999999999998
1.58111572265625,0.1565
1.95068359375,0.1566
2.0501708984375,0.1567
2.125244140625,0.1568
2.38922119140625,0.15689999999999998
1.9049072265625,0.157
2.08587646484375,0.1571
2.01507568359375,0.1572
2.11181640625,0.1573
2.286376953125,0.15739999999999998
2.34161376953125,0.1575
1.77825927734375,0.1576
1.98944091796875,0.1577
1.86004638671875,0.1578
1.49169921875,0.15789999999999998
1.988525390625,0.158
1.96533203125,0.1581
2.07183837890625,0.1582
2.027587890625,0.1583
1.91986083984375,0.15839999999999999
1.86248779296875,0.1585
2.4249267578125,0.1586
1.86004638671875,0.1587
1.97052001953125,0.1588
1.683349609375,0.15889999999999999
1.72149658203125,0.159
1.90460205078125,0.1591
1.52587890625,0.1592
1.92779541015625,0.1593
1.7681884765625,0.1594
1.88995361328125,0.1595
1.531982421875,0.1596
1.59942626953125,0.1597
2.0428466796875,0.1598
1.600341796875,0.1599
1.6021728515625,0.16
1.59454345703125,0.1601
1.62322998046875,0.1602
1.87286376953125,0.1603
1.611328125,0.1604
1.6131591796875,0.1605
1.8328857421875,0.1606
1.60552978515625,0.1607
1.397705078125,0.1608
1.6705322265625,0.1609
1.87713623046875,0.161
1.7047119140625,0.1611
1.405029296875,0.16119999999999998
1.4654541015625,0.1613
1.12640380859375,0.1614
1.7169189453125,0.1615
1.3360595703125,0.1616
1.59759521484375,0.16169999999999998
1.966552734375,0.1618
1.368408203125,0.1619
1.34674072265625,0.162
1.3775634765625,0.1621
1.72943115234375,0.16219999999999998
1.66046142578125,0.1623
1.32965087890625,0.1624
1.298828125,0.1625
1.78253173828125,0.1626
1.74163818359375,0.16269999999999998
1.4385986328125,0.1628
1.917724609375,0.1629
1.81549072265625,0.163
1.4202880859375,0.1631
1.45172119140625,0.16319999999999998
1.06292724609375,0.1633
1.69769287109375,0.1634
1.88690185546875,0.1635
1.2109375,0.1636
1.6241455078125,0.16369999999999998
1.77093505859375,0.1638
1.7108154296875,0.1639
1.45050048828125,0.164
1.27685546875,0.1641
1.84600830078125,0.16419999999999998
1.484375,0.1643
1.60003662109375,0.1644
1.3702392578125,0.1645
1.76544189453125,0.1646
1.864013671875,0.16469999999999999
0.782470703125,0.1648
1.5435791015625,0.1649
1.71234130859375,0.165
1.50054931640625,0.1651
1.934814453125,0.16519999999999999
1.47705078125,0.1653
1.744384765625,0.1654
1.224365234375,0.16549999999999998
1.5216064453125,0.1656
1.48590087890625,0.1657
1.77459716796875,0.1658
1.783447265625,0.1659
1.3494873046875,0.16599999999999998
1.53106689453125,0.1661
1.43829345703125,0.1662
1.6180419921875,0.1663
1.75933837890625,0.1664
1.04278564453125,0.16649999999999998
1.5106201171875,0.1666
1.61376953125,0.1667
1.4788818359375,0.1668
1.7352294921875,0.1669
1.47705078125,0.16699999999999998
1.27166748046875,0.1671
1.30767822265625,0.1672
1.62078857421875,0.1673
1.88385009765625,0.1674
1.55181884765625,0.16749999999999998
1.4654541015625,0.1676
0.931396484375,0.1677
1.57501220703125,0.1678
1.4617919921875,0.1679
1.055908203125,0.16799999999999998
1.534423828125,0.1681
1.3714599609375,0.1682
1.40380859375,0.1683
1.29852294921875,0.1684
1.57257080078125,0.16849999999999998
1.722412109375,0.1686
1.5533447265625,0.1687
1.041259765625,0.1688
1.1126708984375,0.1689
1.7352294921875,0.16899999999999998
1.2353515625,0.1691
1.5576171875,0.1692
1.6949462890625,0.1693
1.07666015625,0.1694
1.43280029296875,0.16949999999999998
1.5386962890625,0.1696
1.15203857421875,0.1697
1.80267333984375,0.1698
1.24237060546875,0.1699
1.63970947265625,0.16999999999999998
1.6845703125,0.1701
1.4813232421875,0.1702
1.82281494140625,0.1703
1.43280029296875,0.1704
1.8194580078125,0.17049999999999998
1.50726318359375,0.1706
1.5997314453125,0.1707
1.44927978515625,0.1708
1.59576416015625,0.1709
1.8817138671875,0.17099999999999999
1.46759033203125,0.1711
1.7047119140625,0.1712
1.9000244140625,0.1713
1.68182373046875,0.1714
2.04864501953125,0.17149999999999999
1.93359375,0.1716
1.82403564453125,0.1717
1.88232421875,0.1718
1.98974609375,0.1719
1.96990966796875,0.172
2.2735595703125,0.1721
2.427978515625,0.1722
2.00653076171875,0.1723
1.678466796875,0.1724
1.787109375,0.1725
2.0721435546875,0.1726
2.37518310546875,0.1727
2.1795654296875,0.1728
2.36907958984375,0.1729
2.07916259765625,0.173
1.9659423828125,0.1731
1.88323974609375,0.1732
1.95953369140625,0.1733
2.554931640625,0.1734
2.45330810546875,0.1735
2.57293701171875,0.1736
2.3779296875,0.1737
2.36907958984375,0.1738
2.796630859375,0.1739
2.38128662109375,0.174
2.716064453125,0.1741
2.5677490234375,0.1742
2.18597412109375,0.1743
2.689208984375,0.1744
2.32696533203125,0.1745
2.37884521484375,0.1746
2.6483154296875,0.1747
2.28851318359375,0.1748
2.29736328125,0.1749
2.7691650390625,0.175
2.4700927734375,0.17509999999999998
2.327880859375,0.1752
2.78778076171875,0.17529999999999998
2.3358154296875,0.1754
2.3590087890625,0.1755
2.4322509765625,0.17559999999999998
2.56744384765625,0.1757
2.918701171875,0.17579999999999998
2.4298095703125,0.1759
2.07611083984375,0.176
2.2314453125,0.17609999999999998
2.69561767578125,0.1762
2.073974609375,0.17629999999999998
2.40814208984375,0.1764
2.32513427734375,0.1765
1.91619873046875,0.17659999999999998
2.32208251953125,0.1767
1.97265625,0.17679999999999998
2.37518310546875,0.1769
2.68157958984375,0.177
2.03216552734375,0.17709999999999998
2.0098876953125,0.1772
2.10601806640625,0.17729999999999999
2.00042724609375,0.1774
1.9091796875,0.1775
1.9305419921875,0.17759999999999998
1.80389404296875,0.1777
2.02392578125,0.17779999999999999
2.13623046875,0.1779
1.86614990234375,0.178
1.85577392578125,0.17809999999999998
2.1795654296875,0.1782
1.81182861328125,0.1783
1.98638916015625,0.1784
2.16888427734375,0.1785
2.04803466796875,0.17859999999999998
1.9696044921875,0.1787
1.8731689453125,0.1788
1.40106201171875,0.1789
1.7242431640625,0.179
1.9317626953125,0.17909999999999998
1.73583984375,0.1792
1.9390869140625,0.1793
2.00714111328125,0.1794
1.4837646484375,0.1795
1.99951171875,0.17959999999999998
1.98760986328125,0.1797
2.22625732421875,0.1798
1.8115234375,0.1799
1.9561767578125,0.18
1.72607421875,0.18009999999999998
2.05841064453125,0.1802
2.13226318359375,0.1803
1.82373046875,0.1804
2.2412109375,0.1805
2.1002197265625,0.18059999999999998
1.9647216796875,0.1807
2.2216796875,0.1808
1.64398193359375,0.1809
2.176513671875,0.181
2.4224853515625,0.18109999999999998
1.97845458984375,0.1812
2.08099365234375,0.1813
2.2705078125,0.1814
2.1673583984375,0.1815
2.26898193359375,0.18159999999999998
2.23876953125,0.1817
2.47528076171875,0.1818
2.59002685546875,0.1819
2.58575439453125,0.182
2.265625,0.18209999999999998
2.403564453125,0.1822
2.5445556640625,0.1823
2.45574951171875,0.1824
2.4078369140625,0.1825
2.52960205078125,0.18259999999999998
2.81768798828125,0.1827
2.9345703125,0.1828
2.630615234375,0.1829
3.13018798828125,0.183
2.7703857421875,0.18309999999999998
2.96783447265625,0.1832
2.6837158203125,0.1833
3.01483154296875,0.1834
3.21258544921875,0.1835
2.779541015625,0.18359999999999999
3.03619384765625,0.1837
2.6171875,0.1838
3.2159423828125,0.1839
3.0889892578125,0.184
3.214111328125,0.18409999999999999
3.2501220703125,0.1842
3.02001953125,0.1843
2.916259765625,0.1844
2.969970703125,0.1845
2.77801513671875,0.1846
3.5626220703125,0.1847
3.14361572265625,0.1848
2.98431396484375,0.18489999999999998
2.51434326171875,0.185
2.6617431640625,0.1851
3.0908203125,0.1852
2.51922607421875,0.1853
3.24920654296875,0.18539999999999998
2.80029296875,0.1855
2.75115966796875,0.1856
2.50701904296875,0.1857
2.12982177734375,0.1858
3.0908203125,0.18589999999999998
2.30438232421875,0.186
2.49237060546875,0.1861
2.39990234375,0.1862
2.2088623046875,0.1863
2.41424560546875,0.18639999999999998
2.26593017578125,0.1865
2.247314453125,0.1866
1.8939208984375,0.1867
2.3431396484375,0.1868
1.81793212890625,0.18689999999999998
2.032470703125,0.187
2.6055908203125,0.1871
1.70013427734375,0.1872
1.8145751953125,0.1873
1.2335205078125,0.18739999999999998
1.4093017578125,0.1875
1.59698486328125,0.1876
1.28265380859375,0.1877
1.57806396484375,0.1878
1.572265625,0.18789999999999998
1.38427734375,0.188
1.12091064453125,0.1881
1.03729248046875,0.1882
1.52313232421875,0.1883
1.49322509765625,0.18839999999999998
1.52313232421875,0.1885
1.1517333984375,0.1886
0.863037109375,0.1887
1.3116455078125,0.1888
0.7659912109375,0.18889999999999998
0.95245361328125,0.189
1.33453369140625,0.1891
1.11175537109375,0.18919999999999998
1.07513427734375,0.1893
0.81695556640625,0.18939999999999999
0.89813232421875,0.1895
1.0650634765625,0.1896
1.25091552734375,0.18969999999999998
0.87188720703125,0.1898
0.91156005859375,0.18989999999999999
0.95062255859375,0.19
0.79925537109375,0.1901
0.78033447265625,0.19019999999999998
0.61737060546875,0.1903
0.9783935546875,0.19039999999999999
0.718994140625,0.1905
0.91094970703125,0.1906
0.64697265625,0.19069999999999998
0.9942626953125,0.1908
1.2548828125,0.1909
0.69580078125,0.191
1.04278564453125,0.1911
1.2286376953125,0.19119999999999998
1.09100341796875,0.1913
1.10443115234375,0.1914
1.36566162109375,0.1915
1.32354736328125,0.1916
1.11572265625,0.19169999999999998
1.0699462890625,0.1918
0.6787109375,0.1919
1.4581298828125,0.192
1.23443603515625,0.1921
1.15753173828125,0.19219999999999998
1.37451171875,0.1923
1.2701416015625,0.1924
1.25274658203125,0.1925
1.16668701171875,0.1926
0.9893798828125,0.19269999999999998
1.607666015625,0.1928
2.0306396484375,0.1929
1.4727783203125,0.193
1.50543212890625,0.1931
1.6107177734375,0.19319999999999998
1.42486572265625,0.1933
1.2884521484375,0.1934
1.80572509765625,0.1935
1.62353515625,0.1936
1.865234375,0.19369999999999998
1.7169189453125,0.1938
1.259765625,0.1939
2.14874267578125,0.194
2.21038818359375,0.1941
2.1734619140625,0.19419999999999998
2.06146240234375,0.1943
2.01416015625,0.1944
2.1478271484375,0.1945
1.91864013671875,0.1946
2.080078125,0.19469999999999998
2.054443359375,0.1948
2.567138671875,0.1949
2.05078125,0.195
1.24603271484375,0.1951
1.89727783203125,0.19519999999999998
2.32635498046875,0.1953
2.05780029296875,0.1954
2.4603271484375,0.1955
2.04010009765625,0.1956
2.2589111328125,0.19569999999999999
1.83685302734375,0.1958
2.047119140625,0.1959
2.21435546875,0.196
2.23876953125,0.1961
1.99249267578125,0.19619999999999999
2.07977294921875,0.1963
2.314453125,0.1964
2.1002197265625,0.1965
2.3468017578125,0.1966
2.16033935546875,0.19669999999999999
1.47979736328125,0.1968
1.98150634765625,0.1969
1.4971923828125,0.19699999999999998
1.88995361328125,0.1971
2.4591064453125,0.1972
1.73431396484375,0.1973
1.82159423828125,0.1974
1.2078857421875,0.19749999999999998
1.5863037109375,0.1976
1.89544677734375,0.1977
2.091064453125,0.1978
1.903076171875,0.1979
1.4923095703125,0.19799999999999998
1.79229736328125,0.1981
1.36322021484375,0.1982
1.5576171875,0.1983
1.7352294921875,0.1984
1.63604736328125,0.19849999999999998
1.536865234375,0.1986
1.048583984375,0.1987
1.23779296875,0.1988
1.651611328125,0.1989
1.44287109375,0.19899999999999998
1.3397216796875,0.1991
1.38397216796875,0.1992
0.982666015625,0.1993
0.9893798828125,0.1994
1.15478515625,0.19949999999999998
1.18499755859375,0.1996
1.0443115234375,0.1997
0.90606689453125,0.1998
0.704345703125,0.1999
0.76568603515625,0.2
1.12457275390625,0.2001
0.797119140625,0.20020000000000002
0.8740234375,0.2003
0.60821533203125,0.20040000000000002
0.5572509765625,0.2005
0.54473876953125,0.2006
0.75897216796875,0.20070000000000002
0.828857421875,0.2008
0.84136962890625,0.20090000000000002
0.44219970703125,0.201
0.43731689453125,0.2011
0.5389404296875,0.20120000000000002
0.6475830078125,0.2013
0.8465576171875,0.20140000000000002
0.7672119140625,0.2015
0.73974609375,0.2016
0.418701171875,0.20170000000000002
0.4315185546875,0.2018
0.41229248046875,0.20190000000000002
0.423583984375,0.202
0.4345703125,0.2021
0.4241943359375,0.20220000000000002
0.42724609375,0.2023
0.41717529296875,0.20240000000000002
0.4058837890625,0.2025
0.39703369140625,0.2026
0.43060302734375,0.20270000000000002
0.41229248046875,0.2028
0.4217529296875,0.20290000000000002
0.42083740234375,0.203
0.40557861328125,0.2031
0.4241943359375,0.20320000000000002
0.4339599609375,0.2033
0.3924560546875,0.20340000000000003
0.391845703125,0.20350000000000001
0.38421630859375,0.2036
0.38421630859375,0.20370000000000002
0.38177490234375,0.2038
0.216064453125,0.2039
0.39306640625,0.20400000000000001
0.40374755859375,0.2041
0.3997802734375,0.20420000000000002
0.38482666015625,0.2043
0.35675048828125,0.2044
0.40130615234375,0.20450000000000002
0.34393310546875,0.2046
0.40740966796875,0.20470000000000002
0.38177490234375,0.2048
0.38055419921875,0.2049
0.384521484375,0.20500000000000002
0.02197265625,0.2051
0.40771484375,0.20520000000000002
0.404052734375,0.2053
0.39794921875,0.2054
0.42633056640625,0.20550000000000002
0.43304443359375,0.2056
0.41748046875,0.20570000000000002
0.4144287109375,0.2058
0.4150390625,0.2059
0.39703369140625,0.20600000000000002
0.66436767578125,0.2061
0.48736572265625,0.20620000000000002
0.4071044921875,0.2063
1.01837158203125,0.2064
0.4315185546875,0.20650000000000002
0.43182373046875,0.2066
0.450439453125,0.20670000000000002
0.4345703125,0.2068
0.533447265625,0.2069
0.6134033203125,0.20700000000000002
0.423583984375,0.2071
0.56610107421875,0.20720000000000002
0.70770263671875,0.2073
0.7373046875,0.2074
0.46722412109375,0.20750000000000002
0.92376708984375,0.2076
0.88043212890625,0.20770000000000002
0.714111328125,0.2078
0.7135009765625,0.2079
0.618896484375,0.20800000000000002
0.72662353515625,0.2081
1.00189208984375,0.20820000000000002
0.45196533203125,0.2083
0.84808349609375,0.2084
0.79010009765625,0.20850000000000002
0.68511962890625,0.2086
0.9490966796875,0.20870000000000002
0.8831787109375,0.2088
1.1480712890625,0.2089
1.0107421875,0.20900000000000002
0.89385986328125,0.2091
0.75714111328125,0.2092
1.25579833984375,0.2093
1.0845947265625,0.2094
0.5059814453125,0.20950000000000002
0.78094482421875,0.2096
0.78460693359375,0.2097
0.76446533203125,0.20980000000000001
0.79742431640625,0.2099
0.8648681640625,0.21000000000000002
0.887451171875,0.2101
1.072998046875,0.2102
0.623779296875,0.21030000000000001
0.83465576171875,0.2104
1.024169921875,0.21050000000000002
0.78857421875,0.2106
0.662841796875,0.2107
0.57220458984375,0.21080000000000002
0.48492431640625,0.2109
0.8489990234375,0.21100000000000002
0.7080078125,0.2111
0.4315185546875,0.2112
0.5364990234375,0.21130000000000002
0.4779052734375,0.2114
0.428466796875,0.21150000000000002
0.73486328125,0.2116
0.42938232421875,0.2117
0.42449951171875,0.21180000000000002
0.4315185546875,0.2119
0.408935546875,0.21200000000000002
0.41351318359375,0.2121
0.3643798828125,0.2122
0.3729248046875,0.21230000000000002
0.26519775390625,0.2124
0.12603759765625,0.21250000000000002
-0.06500244140625,0.2126
-0.11566162109375,0.2127
0.26031494140625,0.21280000000000002
0.003662109375,0.2129
0.10650634765625,0.21300000000000002
0.04302978515625,0.2131
-0.22247314453125,0.2132
-0.08544921875,0.21330000000000002
-0.12359619140625,0.2134
-0.218505859375,0.21350000000000002
-0.274658203125,0.2136
-0.5084228515625,0.2137
-0.05889892578125,0.21380000000000002
-0.24017333984375,0.2139
-0.22369384765625,0.21400000000000002
-0.1910400390625,0.2141
-0.41351318359375,0.2142
-0.16876220703125,0.21430000000000002
-0.62469482421875,0.2144
-0.42755126953125,0.21450000000000002
-0.4541015625,0.2146
-0.413818359375,0.2147
-0.31402587890625,0.21480000000000002
-0.810546875,0.2149
-0.4241943359375,0.21500000000000002
-0.45501708984375,0.2151
-0.42327880859375,0.2152
-0.4449462890625,0.21530000000000002
-0.55694580078125,0.2154
-0.6097412109375,0.21550000000000002
-0.9771728515625,0.2156
-0.75408935546875,0.2157
-0.70709228515625,0.21580000000000002
-0.45928955078125,0.2159
-0.63720703125,0.21600000000000003
-0.828857421875,0.21610000000000001
-0.81298828125,0.2162
-0.721435546875,0.21630000000000002
-1.353759765625,0.2164
-0.589599609375,0.21650000000000003
-0.84991455078125,0.21660000000000001
-0.54443359375,0.2167
-0.86212158203125,0.21680000000000002
-1.2890625,0.2169
-1.13800048828125,0.21700000000000003
-1.18011474609375,0.21710000000000002
-0.760498046875,0.2172
-1.16973876953125,0.21730000000000002
-0.74981689453125,0.2174
-1.0284423828125,0.21750000000000003
-1.148681640625,0.21760000000000002
-0.9027099609375,0.2177
-1.16668701171875,0.21780000000000002
-0.57769775390625,0.2179
-1.129150390625,0.21800000000000003
-1.123046875,0.21810000000000002
-1.0052490234375,0.2182
-1.25244140625,0.21830000000000002
-0.85906982421875,0.2184
-0.9246826171875,0.21850000000000003
-1.16790771484375,0.21860000000000002
-1.1981201171875,0.2187
-0.95550537109375,0.21880000000000002
-1.1199951171875,0.2189
-1.00738525390625,0.219
-0.60211181640625,0.21910000000000002
-1.06475830078125,0.2192
-1.06353759765625,0.21930000000000002
-1.17401123046875,0.2194
-1.13250732421875,0.2195
-0.916748046875,0.21960000000000002
-1.00494384765625,0.2197
-1.1285400390625,0.21980000000000002
-1.0736083984375,0.2199
-0.95947265625,0.22
-0.99090576171875,0.22010000000000002
-0.919189453125,0.2202
-0.4937744140625,0.22030000000000002
-0.65216064453125,0.2204
-0.6964111328125,0.2205
-0.96923828125,0.22060000000000002
-0.76202392578125,0.2207
-0.47821044921875,0.22080000000000002
-0.47149658203125,0.2209
-0.8380126953125,0.221
-0.51788330078125,0.22110000000000002
-0.557861328125,0.2212
-0.6402587890625,0.2213
-0.6207275390625,0.2214
-0.3857421875,0.2215
-0.47119140625,0.22160000000000002
-0.43121337890625,0.2217
-0.59051513671875,0.2218
-0.41534423828125,0.22190000000000001
-0.05767822265625,0.222
-0.25665283203125,0.22210000000000002
-0.25360107421875,0.2222
-0.0628662109375,0.2223
-0.286865234375,0.22240000000000001
-0.150146484375,0.2225
0.1141357421875,0.22260000000000002
0.02532958984375,0.2227
-0.0146484375,0.2228
0.18341064453125,0.22290000000000001
-0.33966064453125,0.223
0.302734375,0.22310000000000002
0.30029296875,0.2232
0.198974609375,0.2233
0.31982421875,0.22340000000000002
0.3143310546875,0.2235
0.13702392578125,0.22360000000000002
0.38177490234375,0.2237
0.39581298828125,0.2238
0.4150390625,0.22390000000000002
0.4241943359375,0.224
0.40802001953125,0.22410000000000002
0.42144775390625,0.2242
0.42999267578125,0.2243
0.47393798828125,0.22440000000000002
0.63507080078125,0.2245
0.87127685546875,0.22460000000000002
0.517578125,0.2247
0.9228515625,0.2248
0.9716796875,0.22490000000000002
0.611572265625,0.225
1.09771728515625,0.22510000000000002
1.2060546875,0.2252
1.1566162109375,0.2253
0.88531494140625,0.22540000000000002
0.92193603515625,0.2255
0.8001708984375,0.22560000000000002
0.88226318359375,0.2257
1.28662109375,0.2258
1.0272216796875,0.22590000000000002
1.38916015625,0.226
1.13525390625,0.22610000000000002
0.955810546875,0.2262
0.98968505859375,0.2263
1.1065673828125,0.22640000000000002
1.3018798828125,0.2265
1.2628173828125,0.22660000000000002
1.0894775390625,0.2267
1.336669921875,0.2268
1.13922119140625,0.22690000000000002
1.15692138671875,0.227
0.97320556640625,0.22710000000000002
1.19873046875,0.2272
1.28936767578125,0.2273
1.0113525390625,0.22740000000000002
1.43096923828125,0.2275
1.09100341796875,0.22760000000000002
1.119384765625,0.2277
1.44927978515625,0.2278
0.7958984375,0.22790000000000002
1.42547607421875,0.228
1.1126708984375,0.22810000000000002
1.01226806640625,0.22820000000000001
1.2420654296875,0.2283
1.2078857421875,0.22840000000000002
1.47552490234375,0.2285
0.80780029296875,0.22860000000000003
0.9295654296875,0.22870000000000001
0.7275390625,0.2288
0.87188720703125,0.22890000000000002
0.94757080078125,0.229
0.66925048828125,0.2291
1.18988037109375,0.22920000000000001
0.46722412109375,0.2293
0.7379150390625,0.22940000000000002
0.7672119140625,0.2295
0.62896728515625,0.2296
1.0784912109375,0.22970000000000002
0.802001953125,0.2298
0.4766845703125,0.22990000000000002
0.430908203125,0.23
0.45989990234375,0.2301
0.4071044921875,0.23020000000000002
0.4339599609375,0.2303
0.41473388671875,0.23040000000000002
0.42510986328125,0.2305
0.4241943359375,0.2306
0.2288818359375,0.23070000000000002
0.0177001953125,0.2308
0.3814697265625,0.23090000000000002
0.1763916015625,0.231
0.01129150390625,0.2311
-0.286865234375,0.23120000000000002
-0.2197265625,0.2313
-0.032958984375,0.2314
-0.31158447265625,0.2315
-0.10467529296875,0.2316
-0.28961181640625,0.23170000000000002
-0.421142578125,0.2318
-0.440673828125,0.2319
-0.3399658203125,0.232
-0.0616455078125,0.2321
-0.46173095703125,0.23220000000000002
-0.55816650390625,0.2323
-0.73944091796875,0.2324
-0.47943115234375,0.2325
-0.71746826171875,0.2326
-0.440673828125,0.23270000000000002
-0.51361083984375,0.2328
-0.70343017578125,0.2329
-0.83740234375,0.233
-0.94818115234375,0.2331
-0.4156494140625,0.23320000000000002
-0.478515625,0.2333
-0.606689453125,0.2334
-0.6976318359375,0.2335
-0.92132568359375,0.2336
-0.92376708984375,0.23370000000000002
-0.78887939453125,0.2338
-0.78460693359375,0.2339
-1.05010986328125,0.234
-0.78521728515625,0.2341
-0.78826904296875,0.23420000000000002
-1.1505126953125,0.2343
-0.9405517578125,0.2344
-0.78857421875,0.23450000000000001
-0.557861328125,0.2346
-0.52764892578125,0.23470000000000002
-1.11480712890625,0.2348
-0.7562255859375,0.2349
-0.67230224609375,0.23500000000000001
-0.660400390625,0.2351
-0.6658935546875,0.23520000000000002
-0.52154541015625,0.2353
-0.7647705078125,0.2354
-0.9619140625,0.23550000000000001
-0.863037109375,0.2356
-1.14837646484375,0.23570000000000002
-0.479736328125,0.2358
-0.66925048828125,0.2359
-0.54229736328125,0.23600000000000002
-0.4937744140625,0.2361
-0.760498046875,0.23620000000000002
-0.4583740234375,0.2363
-0.4107666015625,0.2364
-0.86639404296875,0.23650000000000002
-0.4010009765625,0.2366
-0.587158203125,0.23670000000000002
-0.5633544921875,0.2368
-0.57708740234375,0.2369
-0.45654296875,0.23700000000000002
-0.7080078125,0.2371
-0.4443359375,0.23720000000000002
-0.391845703125,0.2373
-0.46234130859375,0.2374
-0.46722412109375,0.23750000000000002
-0.4248046875,0.2376
-0.52978515625,0.23770000000000002
-0.35125732421875,0.2378
-0.23651123046875,0.2379
-0.41412353515625,0.23800000000000002
-0.390625,0.2381
-0.37750244140625,0.23820000000000002
-0.49957275390625,0.2383
-0.291748046875,0.2384
-0.02410888671875,0.23850000000000002
-0.0634765625,0.2386
-0.13946533203125,0.23870000000000002
-0.39215087890625,0.2388
-0.455322265625,0.2389
-0.30853271484375,0.23900000000000002
-0.465087890625,0.2391
-0.2569580078125,0.23920000000000002
0.01953125,0.2393
-0.29571533203125,0.2394
-0.3558349609375,0.23950000000000002
-0.45166015625,0.2396
-0.40252685546875,0.23970000000000002
-0.24627685546875,0.2398
0.12481689453125,0.2399
-0.24261474609375,0.24000000000000002
-0.38726806640625,0.2401
-0.41839599609375,0.24020000000000002
-0.48095703125,0.2403
-0.3961181640625,0.2404
-0.22491455078125,0.24050000000000002
-0.504150390625,0.2406
-0.27252197265625,0.24070000000000003
-0.45166015625,0.24080000000000001
-0.37933349609375,0.2409
-0.05859375,0.24100000000000002
-0.006103515625,0.2411
-0.1904296875,0.2412
-0.213623046875,0.24130000000000001
-0.48553466796875,0.2414
-0.41351318359375,0.24150000000000002
-0.3668212890625,0.2416
-0.33905029296875,0.2417
-0.400390625,0.24180000000000001
-0.5615234375,0.2419
-0.61798095703125,0.24200000000000002
-0.48980712890625,0.2421
-0.3338623046875,0.2422
-0.38330078125,0.24230000000000002
-0.4583740234375,0.2424
-0.3643798828125,0.24250000000000002
-0.46234130859375,0.2426
-0.499267578125,0.2427
-0.35369873046875,0.24280000000000002
-0.25360107421875,0.2429
-0.0836181640625,0.24300000000000002
-0.49102783203125,0.2431
-0.79132080078125,0.2432
-0.55206298828125,0.24330000000000002
-0.4437255859375,0.2434
-0.452880859375,0.24350000000000002
-0.48980712890625,0.2436
-0.6610107421875,0.2437
-0.57647705078125,0.24380000000000002
-0.75714111328125,0.2439
-0.77484130859375,0.24400000000000002
-1.00433349609375,0.2441
-0.41229248046875,0.2442
-0.67535400390625,0.24430000000000002
-0.79681396484375,0.2444
-0.94482421875,0.24450000000000002
-0.99853515625,0.2446
-0.94482421875,0.2447
-1.0247802734375,0.24480000000000002
-1.0064697265625,0.2449
-1.241455078125,0.24500000000000002
-1.06658935546875,0.2451
-0.85540771484375,0.2452
-1.3726806640625,0.24530000000000002
-0.97991943359375,0.2454
-1.44927978515625,0.24550000000000002
-1.36505126953125,0.2456
-1.46240234375,0.2457
-1.90277099609375,0.24580000000000002
-1.32568359375,0.2459
-1.71600341796875,0.24600000000000002
-1.59027099609375,0.2461
-1.93878173828125,0.2462
-1.865234375,0.24630000000000002
-1.67083740234375,0.2464
-1.807861328125,0.2465
-1.88934326171875,0.2466
-2.06756591796875,0.2467
-2.039794921875,0.24680000000000002
-2.05078125,0.2469
-2.22686767578125,0.247
-1.73370361328125,0.24710000000000001
-2.2412109375,0.2472
-2.2711181640625,0.24730000000000002
-2.17437744140625,0.2474
-2.4658203125,0.2475
-2.225341796875,0.24760000000000001
-2.33367919921875,0.2477
-2.04498291015625,0.24780000000000002
-2.3004150390625,0.2479
-2.37396240234375,0.248
-2.24945068359375,0.24810000000000001
-2.198486328125,0.2482
-2.12188720703125,0.24830000000000002
-2.37457275390625,0.2484
-2.30072021484375,0.2485
-2.21038818359375,0.24860000000000002
-2.3028564453125,0.2487
-1.9677734375,0.24880000000000002
-2.3468017578125,0.2489
-1.97174072265625,0.249
-1.9757080078125,0.24910000000000002
-2.34222412109375,0.2492
-1.964111328125,0.24930000000000002
-1.7559814453125,0.2494
-1.6351318359375,0.2495
-1.87774658203125,0.24960000000000002
-1.7352294921875,0.2497
-1.70135498046875,0.24980000000000002
-1.46728515625,0.2499
-1.22589111328125,0.25
-1.61956787109375,0.2501
-1.33514404296875,0.2502
-1.37359619140625,0.2503
-1.26678466796875,0.2504
-1.10015869140625,0.2505
-1.1376953125,0.2506
-1.109619140625,0.2507
-1.23138427734375,0.2508
-1.34063720703125,0.2509
-0.9295654296875,0.251
-0.4998779296875,0.2511
-0.66925048828125,0.2512
-0.71441650390625,0.2513
-0.90362548828125,0.2514
-0.65338134765625,0.2515
-0.709228515625,0.2516
-0.4730224609375,0.2517
-0.50262451171875,0.2518
-0.601806640625,0.2519
-0.6866455078125,0.252
-0.615234375,0.2521
-0.35888671875,0.2522
-0.2545166015625,0.2523
-0.93231201171875,0.2524
-0.52154541015625,0.2525
-0.46112060546875,0.2526
-0.6622314453125,0.2527
-0.10589599609375,0.2528
-0.23223876953125,0.2529
-0.55816650390625,0.253
-0.46661376953125,0.2531
-0.8892822265625,0.2532
-0.78125,0.2533
-0.45928955078125,0.2534
-0.47607421875,0.2535
-0.82794189453125,0.2536
-0.94696044921875,0.2537
-1.2591552734375,0.2538
-1.1248779296875,0.2539
-0.799560546875,0.254
-1.18804931640625,0.2541
-0.8843994140625,0.2542
-0.97747802734375,0.2543
-1.22802734375,0.2544
-1.30645751953125,0.2545
-1.52252197265625,0.2546
-1.1029052734375,0.2547
-1.27288818359375,0.2548
-1.68182373046875,0.2549
-2.0452880859375,0.255
-1.67449951171875,0.2551
-1.6656494140625,0.2552
-1.90643310546875,0.2553
-1.80084228515625,0.2554
-1.79412841796875,0.2555
-1.97906494140625,0.2556
-1.91070556640625,0.2557
-2.06756591796875,0.2558
-1.99554443359375,0.2559
-2.1783447265625,0.256
-2.30316162109375,0.2561
-2.20489501953125,0.2562
-2.29339599609375,0.2563
-2.19207763671875,0.2564
-2.181396484375,0.2565
-2.392578125,0.2566
-2.3138427734375,0.2567
-2.4224853515625,0.25680000000000003
-2.32330322265625,0.2569
-2.00836181640625,0.257
-2.29095458984375,0.2571
-2.27325439453125,0.2572
-2.5970458984375,0.2573
-2.51922607421875,0.2574
-2.45513916015625,0.2575
-2.2052001953125,0.2576
-2.16583251953125,0.2577
-2.45452880859375,0.2578
-2.2015380859375,0.2579
-2.41455078125,0.258
-2.13836669921875,0.2581
-2.1923828125,0.2582
-2.271728515625,0.2583
-1.98760986328125,0.2584
-2.3468017578125,0.2585
-2.31475830078125,0.2586
-2.1356201171875,0.2587
-2.2711181640625,0.2588
-1.806640625,0.2589
-1.98974609375,0.259
-1.9482421875,0.2591
-1.99798583984375,0.2592
-1.9482421875,0.2593
-1.72332763671875,0.2594
-1.83990478515625,0.2595
-1.66961669921875,0.2596
-1.8701171875,0.2597
-1.7413330078125,0.2598
-1.83837890625,0.2599
-1.7120361328125,0.26
-1.4947509765625,0.2601
-1.8048095703125,0.2602
-1.51214599609375,0.2603
-1.7376708984375,0.2604
-1.36505126953125,0.2605
-1.19415283203125,0.2606
-1.70013427734375,0.2607
-1.253662109375,0.2608
-1.50970458984375,0.2609
-1.536865234375,0.261
-1.47796630859375,0.2611
-0.87066650390625,0.2612
-0.9063720703125,0.2613
-1.29150390625,0.2614
-1.27685546875,0.2615
-1.45416259765625,0.2616
-1.1114501953125,0.2617
-1.024169921875,0.2618
-1.06414794921875,0.2619
-0.743408203125,0.262
-1.1114501953125,0.2621
-1.14227294921875,0.2622
-1.00982666015625,0.2623
-0.74371337890625,0.2624
-0.853271484375,0.2625
-0.491943359375,0.2626
-0.74676513671875,0.2627
-0.54443359375,0.2628
-0.33416748046875,0.2629
-0.34637451171875,0.263
-0.308837890625,0.2631
-0.14434814453125,0.2632
-0.2557373046875,0.2633
-0.3955078125,0.2634
-0.1123046875,0.2635
-0.064697265625,0.2636
0.15869140625,0.2637
0.186767578125,0.2638
-0.2520751953125,0.2639
0.19073486328125,0.264
0.3997802734375,0.2641
0.408935546875,0.2642
0.43426513671875,0.2643
0.4376220703125,0.2644
0.42877197265625,0.2645
0.7379150390625,0.2646
0.60302734375,0.2647
0.73028564453125,0.2648
1.1895751953125,0.2649
0.9796142578125,0.265
0.8038330078125,0.2651
0.82122802734375,0.2652
1.1492919921875,0.2653
0.64178466796875,0.2654
1.35345458984375,0.2655
1.3916015625,0.2656
1.24725341796875,0.2657
1.36566162109375,0.2658
1.26373291015625,0.2659
1.13555908203125,0.266
1.402587890625,0.2661
1.8048095703125,0.2662
1.53076171875,0.2663
1.7218017578125,0.2664
1.44775390625,0.2665
1.38671875,0.2666
1.414794921875,0.2667
1.2701416015625,0.2668
1.58294677734375,0.2669
2.00103759765625,0.267
1.11480712890625,0.2671
1.290283203125,0.2672
1.5753173828125,0.2673
1.19354248046875,0.2674
1.66534423828125,0.2675
1.29302978515625,0.2676
1.622314453125,0.2677
1.357421875,0.2678
1.15234375,0.2679
1.45050048828125,0.268
1.221923828125,0.2681
1.563720703125,0.2682
1.04095458984375,0.2683
0.7830810546875,0.26839999999999997
0.941162109375,0.2685
0.80780029296875,0.2686
1.12457275390625,0.2687
0.977783203125,0.2688
0.9564208984375,0.26890000000000003
0.77423095703125,0.269
0.6591796875,0.2691
0.841064453125,0.2692
0.908203125,0.2693
0.9521484375,0.2694
0.64910888671875,0.2695
0.57708740234375,0.2696
0.43609619140625,0.2697
0.5010986328125,0.2698
0.625,0.26990000000000003
0.55908203125,0.27
0.452880859375,0.2701
0.4486083984375,0.2702
0.4278564453125,0.2703
0.423583984375,0.2704
0.4388427734375,0.2705
0.48126220703125,0.2706
0.43212890625,0.2707
0.4144287109375,0.2708
0.34759521484375,0.27090000000000003
-0.01434326171875,0.271
0.25390625,0.2711
-0.091552734375,0.2712
0.3631591796875,0.2713
0.389404296875,0.2714
0.11260986328125,0.2715
0.3802490234375,0.2716
-0.2020263671875,0.2717
0.36651611328125,0.2718
0.36865234375,0.2719
0.3662109375,0.272
0.2227783203125,0.2721
0.025634765625,0.2722
0.33050537109375,0.2723
0.08392333984375,0.2724
0.15869140625,0.2725
0.23193359375,0.2726
0.39031982421875,0.2727
0.14068603515625,0.2728
0.0933837890625,0.2729
0.3558349609375,0.273
0.3363037109375,0.2731
0.31951904296875,0.2732
0.367431640625,0.2733
0.3607177734375,0.2734
0.37811279296875,0.2735
0.174560546875,0.2736
0.30731201171875,0.2737
0.400390625,0.2738
0.362548828125,0.2739
0.369873046875,0.274
0.29510498046875,0.2741
0.41595458984375,0.2742
0.421142578125,0.2743
0.4217529296875,0.2744
0.73028564453125,0.2745
0.41534423828125,0.2746
0.77423095703125,0.2747
0.4449462890625,0.2748
0.601806640625,0.2749
0.63995361328125,0.275
0.58990478515625,0.2751
0.61798095703125,0.2752
0.75103759765625,0.2753
0.73760986328125,0.2754
0.62835693359375,0.2755
1.03271484375,0.2756
1.0040283203125,0.2757
1.00372314453125,0.2758
0.9979248046875,0.2759
0.91827392578125,0.276
0.69305419921875,0.2761
0.8056640625,0.2762
1.129150390625,0.2763
1.065673828125,0.2764
1.136474609375,0.2765
0.55694580078125,0.2766
0.9808349609375,0.2767
0.94696044921875,0.2768
0.85479736328125,0.2769
1.129150390625,0.277
1.51947021484375,0.2771
0.7232666015625,0.2772
0.667724609375,0.2773
0.758056640625,0.2774
0.7513427734375,0.2775
1.224365234375,0.2776
1.02325439453125,0.2777
0.7318115234375,0.2778
0.83465576171875,0.2779
0.84747314453125,0.278
0.5926513671875,0.2781
1.107177734375,0.2782
1.0650634765625,0.2783
0.853271484375,0.2784
0.5438232421875,0.27849999999999997
0.45440673828125,0.2786
0.665283203125,0.2787
0.889892578125,0.2788
0.65185546875,0.2789
0.7159423828125,0.279
0.45166015625,0.2791
0.535888671875,0.2792
0.6744384765625,0.2793
0.677490234375,0.2794
0.4644775390625,0.27949999999999997
0.4058837890625,0.2796
0.4351806640625,0.2797
0.42572021484375,0.2798
0.426025390625,0.2799
0.41961669921875,0.28
0.40496826171875,0.2801
0.37933349609375,0.2802
0.242919921875,0.2803
0.3857421875,0.2804
0.15716552734375,0.28049999999999997
0.35064697265625,0.2806
0.369873046875,0.2807
0.13580322265625,0.2808
-0.21636962890625,0.2809
-0.40557861328125,0.281
-0.3802490234375,0.2811
0.09002685546875,0.2812
-0.28228759765625,0.2813
-0.15289306640625,0.2814
-0.5206298828125,0.2815
-0.39215087890625,0.2816
-0.262451171875,0.2817
-0.47119140625,0.2818
-0.37322998046875,0.2819
-0.47027587890625,0.28200000000000003
-0.75408935546875,0.2821
-0.71533203125,0.2822
-0.71502685546875,0.2823
-0.4998779296875,0.2824
-0.6341552734375,0.2825
-0.63446044921875,0.2826
-0.89569091796875,0.2827
-0.88287353515625,0.2828
-0.8880615234375,0.2829
-1.3922119140625,0.283
-0.6719970703125,0.2831
-0.9393310546875,0.2832
-0.97900390625,0.2833
-1.09832763671875,0.2834
-1.36993408203125,0.2835
-0.88592529296875,0.2836
-1.036376953125,0.2837
-1.29608154296875,0.2838
-1.58447265625,0.2839
-1.25091552734375,0.284
-1.16607666015625,0.2841
-1.39617919921875,0.2842
-1.37420654296875,0.2843
-1.2890625,0.2844
-1.36383056640625,0.2845
-1.4801025390625,0.2846
-1.85211181640625,0.2847
-1.11907958984375,0.2848
-1.378173828125,0.2849
-1.41998291015625,0.285
-1.24664306640625,0.2851
-1.5069580078125,0.2852
-1.3604736328125,0.2853
-1.53961181640625,0.2854
-1.502685546875,0.2855
-1.3702392578125,0.2856
-1.446533203125,0.2857
-1.3690185546875,0.2858
-1.65435791015625,0.2859
-1.59515380859375,0.286
-1.54754638671875,0.2861
-1.3323974609375,0.2862
-1.36627197265625,0.2863
-1.49810791015625,0.2864
-1.18408203125,0.2865
-1.48712158203125,0.2866
-1.49658203125,0.2867
-1.61376953125,0.2868
-1.31591796875,0.2869
-1.4105224609375,0.287
-1.41845703125,0.2871
-1.40533447265625,0.2872
-1.566162109375,0.2873
-1.53076171875,0.2874
-1.46240234375,0.2875
-1.3604736328125,0.2876
-1.07635498046875,0.2877
-1.22802734375,0.2878
-1.49383544921875,0.2879
-1.69708251953125,0.288
-1.60247802734375,0.2881
-1.56951904296875,0.2882
-1.33453369140625,0.2883
-1.58660888671875,0.2884
-1.25823974609375,0.2885
-1.5966796875,0.2886
-1.61163330078125,0.2887
-1.6864013671875,0.2888
-1.18438720703125,0.2889
-1.26129150390625,0.289
-1.2030029296875,0.2891
-1.270751953125,0.2892
-1.513671875,0.2893
-1.37603759765625,0.2894
-1.12548828125,0.2895
-1.380615234375,0.2896
-1.33880615234375,0.2897
-1.31134033203125,0.2898
-1.44500732421875,0.2899
-1.312255859375,0.29
-0.97625732421875,0.2901
-1.11114501953125,0.2902
-1.22772216796875,0.2903
-1.71661376953125,0.2904
-1.34033203125,0.2905
-1.1041259765625,0.2906
-1.22833251953125,0.2907
-1.18896484375,0.2908
-1.2451171875,0.2909
-1.427001953125,0.291
-1.52435302734375,0.2911
-1.32720947265625,0.2912
-1.21124267578125,0.2913
-1.00677490234375,0.2914
-0.8990478515625,0.2915
-1.30401611328125,0.2916
-1.28265380859375,0.2917
-0.9515380859375,0.2918
-1.17523193359375,0.2919
-0.89874267578125,0.292
-0.96832275390625,0.2921
-1.24359130859375,0.2922
-1.36810302734375,0.2923
-1.2274169921875,0.2924
-0.95672607421875,0.2925
-0.9539794921875,0.2926
-0.95703125,0.2927
-1.23138427734375,0.2928
-1.2432861328125,0.2929
-0.96099853515625,0.293
-1.0540771484375,0.2931
-0.95367431640625,0.2932
-1.27227783203125,0.2933
-1.15509033203125,0.2934
-1.0980224609375,0.2935
-1.14288330078125,0.29359999999999997
-0.88836669921875,0.2937
-1.170654296875,0.2938
-0.9869384765625,0.2939
-1.56402587890625,0.294
-1.20361328125,0.2941
-1.10076904296875,0.2942
-1.256103515625,0.2943
-1.0205078125,0.2944
-1.61956787109375,0.2945
-1.1358642578125,0.2946
-1.4794921875,0.2947
-1.4959716796875,0.2948
-0.76690673828125,0.2949
-1.13739013671875,0.295
-1.0107421875,0.2951
-1.5399169921875,0.2952
-1.40960693359375,0.2953
-1.40594482421875,0.2954
-1.324462890625,0.2955
-1.39495849609375,0.2956
-1.53167724609375,0.2957
-1.58172607421875,0.2958
-1.46209716796875,0.2959
-1.7657470703125,0.296
-1.03485107421875,0.2961
-1.4605712890625,0.2962
-1.2371826171875,0.2963
-1.4569091796875,0.2964
-1.65008544921875,0.2965
-1.1956787109375,0.2966
-1.39739990234375,0.2967
-1.2994384765625,0.2968
-1.6339111328125,0.2969
-1.49810791015625,0.297
-1.5716552734375,0.2971
-1.59942626953125,0.2972
-1.31683349609375,0.2973
-1.859130859375,0.2974
-1.35650634765625,0.2975
-1.67266845703125,0.2976
-1.48406982421875,0.2977
-1.13037109375,0.2978
-1.6015625,0.2979
-1.3226318359375,0.298
-1.68975830078125,0.2981
-1.68304443359375,0.2982
-1.517333984375,0.2983
-1.16668701171875,0.2984
-0.9637451171875,0.2985
-1.10626220703125,0.2986
-1.370849609375,0.2987
-1.58843994140625,0.2988
-1.28204345703125,0.2989
-1.07635498046875,0.299
-1.38153076171875,0.2991
-1.22802734375,0.2992
-1.28265380859375,0.2993
-1.19049072265625,0.2994
-1.37725830078125,0.2995
-1.14349365234375,0.2996
-1.03851318359375,0.2997
-0.9686279296875,0.2998
-1.03179931640625,0.2999
-0.86334228515625,0.3
-1.2139892578125,0.3001
-0.6536865234375,0.30019999999999997
-0.82000732421875,0.3003
-1.38031005859375,0.3004
-1.3226318359375,0.3005
-1.0595703125,0.3006
-0.89080810546875,0.30069999999999997
-0.943603515625,0.3008
-0.8880615234375,0.3009
-0.7257080078125,0.301
-0.98480224609375,0.3011
-1.246337890625,0.30119999999999997
-1.02142333984375,0.3013
-0.82855224609375,0.3014
-0.97412109375,0.3015
-0.96099853515625,0.3016
-1.2811279296875,0.30169999999999997
-1.09893798828125,0.3018
-1.1029052734375,0.3019
-1.015625,0.302
-1.1480712890625,0.3021
-0.88226318359375,0.30219999999999997
-1.2677001953125,0.3023
-1.47186279296875,0.3024
-1.2249755859375,0.3025
-1.22955322265625,0.3026
-1.03668212890625,0.30269999999999997
-1.47003173828125,0.3028
-1.26190185546875,0.3029
-1.3433837890625,0.303
-1.51641845703125,0.3031
-1.7333984375,0.30319999999999997
-1.57562255859375,0.3033
-1.416015625,0.3034
-1.7041015625,0.3035
-1.583251953125,0.3036
-1.77520751953125,0.30369999999999997
-1.55517578125,0.3038
-1.763916015625,0.3039
-2.05413818359375,0.304
-2.06787109375,0.3041
-1.87164306640625,0.30419999999999997
-1.91558837890625,0.3043
-1.9305419921875,0.3044
-2.13287353515625,0.3045
-2.125244140625,0.3046
-1.94305419921875,0.30469999999999997
-2.49664306640625,0.3048
-2.2979736328125,0.3049
-2.0062255859375,0.305
-2.21832275390625,0.3051
-2.2711181640625,0.30519999999999997
-2.69744873046875,0.3053
-2.43133544921875,0.3054
-2.5335693359375,0.3055
-2.552490234375,0.3056
-2.784423828125,0.30569999999999997
-2.53021240234375,0.3058
-2.60772705078125,0.3059
-2.606201171875,0.306
-2.8070068359375,0.3061
-2.81524658203125,0.30619999999999997
-2.6361083984375,0.3063
-2.59124755859375,0.3064
-3.0987548828125,0.3065
-2.79449462890625,0.3066
-2.60284423828125,0.3067
-2.8936767578125,0.30679999999999996
-2.64984130859375,0.3069
-2.83233642578125,0.307
-2.73162841796875,0.3071
-2.83233642578125,0.3072
-2.88055419921875,0.30729999999999996
-2.91229248046875,0.3074
-2.81005859375,0.3075
-2.59796142578125,0.3076
-2.75421142578125,0.3077
-2.75848388671875,0.30779999999999996
-2.52838134765625,0.3079
-2.67730712890625,0.308
-2.6055908203125,0.3081
-2.77679443359375,0.3082
-2.40997314453125,0.30829999999999996
-2.8387451171875,0.3084
-2.40966796875,0.3085
-2.25860595703125,0.3086
-2.48504638671875,0.3087
-2.098388671875,0.30879999999999996
-2.63702392578125,0.3089
-2.3162841796875,0.309
-2.0465087890625,0.3091
-2.51190185546875,0.3092
-1.91680908203125,0.30929999999999996
-2.2161865234375,0.3094
-1.90093994140625,0.3095
-2.16827392578125,0.3096
-2.05322265625,0.3097
-2.01019287109375,0.30979999999999996
-1.61895751953125,0.3099
-1.7901611328125,0.31
-2.01995849609375,0.3101
-1.885986328125,0.3102
-1.6717529296875,0.31029999999999996
-1.63726806640625,0.3104
-1.654052734375,0.3105
-1.99676513671875,0.3106
-1.56097412109375,0.3107
-1.51763916015625,0.31079999999999997
-1.6241455078125,0.3109
-1.41815185546875,0.311
-1.32720947265625,0.3111
-1.4215087890625,0.3112
-1.6644287109375,0.31129999999999997
-1.6595458984375,0.3114
-1.61712646484375,0.3115
-1.219482421875,0.3116
-1.39068603515625,0.3117
-1.46575927734375,0.31179999999999997
-1.61590576171875,0.3119
-1.519775390625,0.312
-1.34246826171875,0.3121
-1.39373779296875,0.3122
-1.36810302734375,0.31229999999999997
-1.38641357421875,0.3124
-1.63421630859375,0.3125
-1.4788818359375,0.3126
-1.37451171875,0.3127
-1.08856201171875,0.31279999999999997
-1.357421875,0.3129
-1.75567626953125,0.313
-1.65374755859375,0.3131
-1.44134521484375,0.3132
-1.72576904296875,0.31329999999999997
-1.62689208984375,0.3134
-1.441650390625,0.3135
-1.62322998046875,0.3136
-1.810302734375,0.3137
-1.96563720703125,0.31379999999999997
-1.865234375,0.3139
-1.62567138671875,0.314
-1.790771484375,0.3141
-1.73828125,0.3142
-1.75018310546875,0.31429999999999997
-1.8463134765625,0.3144
-1.93023681640625,0.3145
-2.0513916015625,0.3146
-1.9287109375,0.3147
-1.9757080078125,0.31479999999999997
-1.993408203125,0.3149
-2.2216796875,0.315
-2.159423828125,0.3151
-2.06298828125,0.3152
-2.4432373046875,0.31529999999999997
-1.981201171875,0.3154
-2.20245361328125,0.3155
-2.1990966796875,0.3156
-2.23419189453125,0.3157
-2.39105224609375,0.31579999999999997
-2.3504638671875,0.3159
-2.22015380859375,0.316
-2.3974609375,0.3161
-2.55615234375,0.3162
-2.66265869140625,0.31629999999999997
-2.5689697265625,0.3164
-2.557373046875,0.3165
-2.83050537109375,0.3166
-2.7557373046875,0.3167
-2.5701904296875,0.31679999999999997
-2.76214599609375,0.3169
-2.77587890625,0.317
-2.66021728515625,0.3171
-2.86102294921875,0.3172
-2.779541015625,0.31729999999999997
-2.89337158203125,0.3174
-3.26202392578125,0.3175
-3.07098388671875,0.3176
-3.0206298828125,0.3177
-3.04718017578125,0.31779999999999997
-3.17413330078125,0.31789999999999996
-3.23883056640625,0.318
-3.30322265625,0.3181
-3.37005615234375,0.3182
-3.267822265625,0.31829999999999997
-3.48480224609375,0.3184
-3.42742919921875,0.3185
-3.55316162109375,0.3186
-3.671875,0.3187
-3.41888427734375,0.3188
-3.594970703125,0.31889999999999996
-3.538818359375,0.319
-3.63983154296875,0.3191
-3.763427734375,0.3192
-3.7640380859375,0.3193
-3.79425048828125,0.3194
-3.81378173828125,0.3195
-3.75946044921875,0.3196
-4.00177001953125,0.3197
-4.0679931640625,0.3198
-3.961181640625,0.31989999999999996
-4.0374755859375,0.32
-4.04205322265625,0.3201
-4.0203857421875,0.3202
-4.007568359375,0.3203
-4.03350830078125,0.3204
-3.97003173828125,0.3205
-4.0283203125,0.3206
-3.8232421875,0.3207
-3.887939453125,0.3208
-3.9434814453125,0.32089999999999996
-4.13482666015625,0.321
-4.0478515625,0.3211
-3.88916015625,0.3212
-3.857421875,0.3213
-4.00909423828125,0.3214
-3.95111083984375,0.3215
-4.17022705078125,0.3216
-3.958740234375,0.3217
-3.94378662109375,0.3218
-3.92425537109375,0.32189999999999996
-3.83270263671875,0.322
-3.8525390625,0.3221
-3.8031005859375,0.3222
-4.0594482421875,0.3223
-3.81988525390625,0.32239999999999996
-3.81195068359375,0.3225
-3.47015380859375,0.3226
-3.54248046875,0.3227
-3.6322021484375,0.3228
-3.3203125,0.32289999999999996
-3.4613037109375,0.323
-3.570556640625,0.3231
-3.11614990234375,0.3232
-3.631591796875,0.3233
-3.1231689453125,0.32339999999999997
-3.2354736328125,0.3235
-2.9949951171875,0.3236
-2.8857421875,0.3237
-3.06671142578125,0.3238
-2.82958984375,0.32389999999999997
-2.71453857421875,0.324
-2.90985107421875,0.3241
-2.8363037109375,0.3242
-2.59857177734375,0.3243
-2.38006591796875,0.32439999999999997
-2.77252197265625,0.3245
-2.36907958984375,0.3246
-2.75482177734375,0.3247
-2.27691650390625,0.3248
-2.06024169921875,0.32489999999999997
-2.35107421875,0.325
-1.85089111328125,0.3251
-2.13134765625,0.3252
-1.75048828125,0.3253
-1.9775390625,0.32539999999999997
-1.6314697265625,0.3255
-1.553955078125,0.3256
-1.67572021484375,0.3257
-1.71630859375,0.3258
-1.97479248046875,0.32589999999999997
-1.34857177734375,0.326
-1.32232666015625,0.3261
-1.03973388671875,0.3262
-1.181640625,0.3263
-1.5960693359375,0.32639999999999997
-1.14532470703125,0.3265
-1.153564453125,0.3266
-1.2322998046875,0.3267
-1.0858154296875,0.3268
-0.80413818359375,0.32689999999999997
-0.73333740234375,0.327
-0.98907470703125,0.3271
-1.097412109375,0.3272
-0.498046875,0.3273
-0.64178466796875,0.32739999999999997
-0.5963134765625,0.3275
-0.78826904296875,0.3276
-0.443115234375,0.3277
-0.325927734375,0.3278
-0.54107666015625,0.32789999999999997
-0.452880859375,0.328
-0.46661376953125,0.3281
-0.61431884765625,0.3282
-0.38238525390625,0.3283
-0.3094482421875,0.32839999999999997
-0.2655029296875,0.3285
-0.12451171875,0.3286
-0.1190185546875,0.3287
-0.343017578125,0.3288
-0.11566162109375,0.32889999999999997
-0.069580078125,0.32899999999999996
0.1849365234375,0.3291
0.08148193359375,0.3292
-0.2996826171875,0.3293
-0.3497314453125,0.32939999999999997
0.0347900390625,0.3295
0.010986328125,0.3296
0.09979248046875,0.3297
0.166015625,0.3298
-0.0921630859375,0.32989999999999997
-0.06866455078125,0.32999999999999996
0.1123046875,0.3301
0.16387939453125,0.3302
0.36468505859375,0.3303
0.29327392578125,0.33039999999999997
-0.2001953125,0.3305
0.02716064453125,0.3306
-0.00244140625,0.3307
-0.31402587890625,0.3308
0.0537109375,0.33089999999999997
0.19317626953125,0.33099999999999996
-0.3094482421875,0.3311
-0.23040771484375,0.3312
-0.23193359375,0.3313
0.06927490234375,0.3314
0.01190185546875,0.3315
-0.17242431640625,0.3316
-0.179443359375,0.3317
-0.32958984375,0.3318
-0.2374267578125,0.3319
-0.43792724609375,0.33199999999999996
-0.09979248046875,0.3321
-0.45562744140625,0.3322
-0.48248291015625,0.3323
-0.67352294921875,0.3324
-0.765380859375,0.33249999999999996
-0.4486083984375,0.3326
-0.4083251953125,0.3327
-0.6793212890625,0.3328
-0.6878662109375,0.3329
-0.80596923828125,0.33299999999999996
-0.7940673828125,0.3331
-0.5133056640625,0.3332
-0.70343017578125,0.3333
-0.89996337890625,0.3334
-0.68084716796875,0.33349999999999996
-0.99365234375,0.3336
-0.93536376953125,0.3337
-0.6268310546875,0.3338
-0.6597900390625,0.3339
-0.8233642578125,0.33399999999999996
-1.2567138671875,0.3341
-1.10870361328125,0.3342
-0.95611572265625,0.3343
-0.6475830078125,0.3344
-0.63079833984375,0.33449999999999996
-0.86639404296875,0.3346
-0.67169189453125,0.3347
-0.95245361328125,0.3348
-0.914306640625,0.3349
-0.52337646484375,0.33499999999999996
-0.45562744140625,0.3351
-0.657958984375,0.3352
-0.618896484375,0.3353
-0.55389404296875,0.3354
-0.684814453125,0.33549999999999996
-0.47454833984375,0.3356
-0.51910400390625,0.3357
-0.33447265625,0.3358
-0.4248046875,0.3359
-0.4296875,0.33599999999999997
0.09185791015625,0.3361
-0.0439453125,0.3362
-0.0335693359375,0.3363
0.020751953125,0.3364
-0.224609375,0.33649999999999997
-0.0067138671875,0.3366
0.3167724609375,0.3367
0.37353515625,0.3368
0.2655029296875,0.3369
0.3631591796875,0.33699999999999997
0.38909912109375,0.3371
0.372314453125,0.3372
0.4150390625,0.3373
0.57647705078125,0.3374
0.72784423828125,0.33749999999999997
0.85052490234375,0.3376
0.4168701171875,0.3377
1.0595703125,0.3378
0.970458984375,0.3379
1.5191650390625,0.33799999999999997
1.10565185546875,0.3381
0.7940673828125,0.3382
0.806884765625,0.3383
0.85906982421875,0.3384
1.2353515625,0.33849999999999997
0.90087890625,0.3386
1.611328125,0.3387
1.4227294921875,0.3388
0.96160888671875,0.3389
1.48956298828125,0.33899999999999997
1.41998291015625,0.3391
1.89849853515625,0.3392
1.83807373046875,0.3393
1.468505859375,0.3394
1.70166015625,0.33949999999999997
2.144775390625,0.3396
1.898193359375,0.3397
1.74407958984375,0.3398
1.56646728515625,0.3399
1.36932373046875,0.33999999999999997
1.88751220703125,0.3401
1.9183349609375,0.3402
1.84814453125,0.3403
2.17437744140625,0.3404
1.7510986328125,0.34049999999999997
1.8060302734375,0.3406
2.17254638671875,0.3407
2.20947265625,0.3408
2.33306884765625,0.3409
1.9927978515625,0.34099999999999997
1.85150146484375,0.3411
2.14447021484375,0.3412
1.92230224609375,0.3413
2.59552001953125,0.3414
2.491455078125,0.34149999999999997
2.2186279296875,0.3416
1.956787109375,0.3417
2.16644287109375,0.3418
2.30255126953125,0.3419
2.24700927734375,0.34199999999999997
2.47100830078125,0.3421
2.38983154296875,0.3422
1.98333740234375,0.3423
2.64923095703125,0.3424
2.15179443359375,0.34249999999999997
2.4755859375,0.3426
2.359619140625,0.3427
2.30682373046875,0.3428
2.45880126953125,0.3429
2.20916748046875,0.34299999999999997
2.55584716796875,0.34309999999999996
2.3626708984375,0.3432
2.17254638671875,0.3433
2.1429443359375,0.3434
2.1160888671875,0.34349999999999997
2.39593505859375,0.3436
2.342529296875,0.3437
2.354736328125,0.3438
2.36175537109375,0.3439
1.8798828125,0.344
2.303466796875,0.34409999999999996
2.05291748046875,0.3442
2.08892822265625,0.3443
2.442626953125,0.3444
2.02789306640625,0.3445
2.03857421875,0.34459999999999996
1.8450927734375,0.3447
2.19818115234375,0.3448
1.700439453125,0.3449
2.1484375,0.345
2.16552734375,0.34509999999999996
1.7071533203125,0.3452
2.0001220703125,0.3453
1.45538330078125,0.3454
2.0465087890625,0.3455
1.7401123046875,0.34559999999999996
1.519775390625,0.3457
1.5863037109375,0.3458
1.17889404296875,0.3459
1.41937255859375,0.346
1.0662841796875,0.34609999999999996
1.38214111328125,0.3462
1.21337890625,0.3463
1.2249755859375,0.3464
1.07574462890625,0.3465
0.87615966796875,0.34659999999999996
0.84228515625,0.3467
0.83953857421875,0.3468
0.97259521484375,0.3469
0.81146240234375,0.347
0.5230712890625,0.34709999999999996
0.635986328125,0.3472
0.560302734375,0.3473
0.41900634765625,0.3474
0.421142578125,0.3475
0.38909912109375,0.34759999999999996
0.2545166015625,0.3477
0.22430419921875,0.3478
-0.26123046875,0.3479
0.057373046875,0.348
-0.31005859375,0.34809999999999997
-0.198974609375,0.3482
-0.2691650390625,0.3483
-0.406494140625,0.3484
-0.281982421875,0.3485
-0.50506591796875,0.34859999999999997
-0.4632568359375,0.3487
-0.4669189453125,0.3488
-0.61737060546875,0.3489
-0.68695068359375,0.349
-0.49774169921875,0.34909999999999997
-0.76904296875,0.3492
-0.84869384765625,0.3493
-0.997314453125,0.3494
-0.9808349609375,0.3495
-0.73974609375,0.34959999999999997
-1.126708984375,0.3497
-0.88134765625,0.3498
-1.06658935546875,0.3499
-0.9716796875,0.35000000000000003
-1.1932373046875,0.3501
-1.13006591796875,0.3502
-1.10198974609375,0.35030000000000006
-1.3031005859375,0.35040000000000004
-1.143798828125,0.35050000000000003
-1.3458251953125,0.3506
-1.195068359375,0.3507
-1.10870361328125,0.35080000000000006
-1.16912841796875,0.35090000000000005
-1.11968994140625,0.35100000000000003
-1.37603759765625,0.3511
-1.0491943359375,0.3512
-1.21490478515625,0.35130000000000006
-1.11724853515625,0.35140000000000005
-1.18988037109375,0.35150000000000003
-1.397705078125,0.3516
-1.34979248046875,0.3517
-1.6094970703125,0.35180000000000006
-1.19476318359375,0.35190000000000005
-1.22344970703125,0.35200000000000004
-1.27166748046875,0.3521
-0.9771728515625,0.3522
-1.1962890625,0.35230000000000006
-1.2176513671875,0.35240000000000005
-1.20635986328125,0.35250000000000004
-1.23504638671875,0.3526
-0.82611083984375,0.3527
-1.11785888671875,0.35280000000000006
-1.1285400390625,0.35290000000000005
-1.1346435546875,0.35300000000000004
-1.03729248046875,0.3531
-1.04522705078125,0.3532
-1.04095458984375,0.35330000000000006
-0.88043212890625,0.35340000000000005
-1.1737060546875,0.35350000000000004
-0.92864990234375,0.3536
-1.1181640625,0.3537
-0.9539794921875,0.35380000000000006
-0.633544921875,0.35390000000000005
-0.75531005859375,0.35400000000000004
-0.6634521484375,0.3541
-0.9088134765625,0.3542
-0.902099609375,0.35430000000000006
-0.819091796875,0.35440000000000005
-0.76263427734375,0.35450000000000004
-0.44891357421875,0.3546
-0.89202880859375,0.3547
-0.7952880859375,0.35480000000000006
-0.83953857421875,0.35490000000000005
-0.77239990234375,0.35500000000000004
-0.42510986328125,0.3551
-0.45623779296875,0.3552
-0.364990234375,0.35530000000000006
-0.4766845703125,0.35540000000000005
-0.44189453125,0.35550000000000004
-0.50445556640625,0.3556
-0.4400634765625,0.3557
-0.4156494140625,0.35580000000000006
-0.39215087890625,0.35590000000000005
-0.303955078125,0.35600000000000004
-0.494384765625,0.3561
-0.54901123046875,0.3562
-0.44525146484375,0.35630000000000006
-0.3070068359375,0.35640000000000005
-0.47576904296875,0.35650000000000004
-0.25146484375,0.35660000000000003
-0.20660400390625,0.3567
-0.240478515625,0.3568
-0.39520263671875,0.35690000000000005
-0.32928466796875,0.35700000000000004
-0.1959228515625,0.35710000000000003
-0.11138916015625,0.3572
0.0250244140625,0.3573
-0.28533935546875,0.35740000000000005
-0.2130126953125,0.35750000000000004
-0.0848388671875,0.35760000000000003
-0.2630615234375,0.3577
-0.24810791015625,0.3578
-0.13671875,0.35790000000000005
-0.19439697265625,0.35800000000000004
-0.3204345703125,0.35810000000000003
-0.3070068359375,0.3582
-0.040283203125,0.3583
0.25665283203125,0.35840000000000005
0.17669677734375,0.35850000000000004
0.084228515625,0.35860000000000003
-0.25146484375,0.3587
-0.15106201171875,0.3588
0.29052734375,0.35890000000000005
0.130615234375,0.35900000000000004
0.13580322265625,0.35910000000000003
-0.02593994140625,0.3592
-0.028076171875,0.3593
-0.17120361328125,0.35940000000000005
-0.20172119140625,0.35950000000000004
0.07720947265625,0.35960000000000003
0.24871826171875,0.3597
0.23406982421875,0.3598
0.25848388671875,0.35990000000000005
-0.04547119140625,0.36000000000000004
0.0543212890625,0.36010000000000003
0.208740234375,0.3602
0.12115478515625,0.3603
-0.05584716796875,0.36040000000000005
0.074462890625,0.36050000000000004
-0.0457763671875,0.36060000000000003
0.1947021484375,0.3607
0.2337646484375,0.3608
0.16021728515625,0.36090000000000005
0.28839111328125,0.36100000000000004
0.0567626953125,0.36110000000000003
-0.39947509765625,0.3612
0.1544189453125,0.3613
-0.0457763671875,0.36140000000000005
0.281982421875,0.36150000000000004
0.21270751953125,0.36160000000000003
-0.0689697265625,0.3617
-0.0592041015625,0.3618
-0.26153564453125,0.36190000000000005
0.0567626953125,0.36200000000000004
0.1422119140625,0.36210000000000003
0.26519775390625,0.3622
0.00762939453125,0.3623
-0.07568359375,0.36240000000000006
0.1190185546875,0.36250000000000004
-0.16998291015625,0.36260000000000003
-0.18341064453125,0.3627
0.15472412109375,0.3628
-0.15472412109375,0.36290000000000006
-0.0018310546875,0.36300000000000004
-0.44158935546875,0.36310000000000003
0.0482177734375,0.3632
0.08392333984375,0.3633
0.14495849609375,0.36340000000000006
-0.06195068359375,0.36350000000000005
-0.18768310546875,0.36360000000000003
-0.01617431640625,0.3637
-0.23468017578125,0.3638
-0.19439697265625,0.36390000000000006
0.00457763671875,0.36400000000000005
-0.01251220703125,0.36410000000000003
-0.26580810546875,0.3642
-0.5462646484375,0.3643
-0.42022705078125,0.36440000000000006
-0.3778076171875,0.36450000000000005
-0.16326904296875,0.36460000000000004
-0.33172607421875,0.3647
-0.20111083984375,0.3648
-0.321044921875,0.36490000000000006
-0.2227783203125,0.36500000000000005
-0.2520751953125,0.36510000000000004
-0.2142333984375,0.3652
-0.4315185546875,0.3653
-0.07598876953125,0.36540000000000006
-0.4547119140625,0.36550000000000005
-0.4052734375,0.36560000000000004
-0.42938232421875,0.3657
-0.44647216796875,0.3658
-0.1934814453125,0.36590000000000006
-0.6903076171875,0.36600000000000005
-0.489501953125,0.36610000000000004
-0.40496826171875,0.3662
-0.51116943359375,0.3663
-0.665283203125,0.36640000000000006
-0.2923583984375,0.36650000000000005
-0.5029296875,0.36660000000000004
-0.49224853515625,0.3667
-0.49163818359375,0.3668
-0.5157470703125,0.36690000000000006
-0.76629638671875,0.36700000000000005
-0.5755615234375,0.36710000000000004
-0.43731689453125,0.3672
-0.5023193359375,0.3673
-0.457763671875,0.36740000000000006
-0.61920166015625,0.36750000000000005
-0.7330322265625,0.36760000000000004
-0.4718017578125,0.3677
-0.638427734375,0.3678
-0.4913330078125,0.3679
-0.76751708984375,0.36800000000000005
-1.12579345703125,0.36810000000000004
-0.88958740234375,0.3682
-0.7293701171875,0.3683
-0.48919677734375,0.36840000000000006
-0.50384521484375,0.36850000000000005
-0.916748046875,0.36860000000000004
-0.87005615234375,0.3687
-0.8056640625,0.3688
-0.777587890625,0.3689
-0.69183349609375,0.36900000000000005
-0.5047607421875,0.36910000000000004
-0.97198486328125,0.36920000000000003
-1.0003662109375,0.3693
-0.83953857421875,0.36940000000000006
-1.0321044921875,0.36950000000000005
-0.814208984375,0.36960000000000004
-0.8001708984375,0.36970000000000003
-0.7513427734375,0.3698
-0.84716796875,0.3699
-1.10992431640625,0.37000000000000005
-0.50994873046875,0.37010000000000004
-0.66314697265625,0.37020000000000003
-0.74951171875,0.3703
-1.0595703125,0.37040000000000006
-0.9710693359375,0.37050000000000005
-1.00189208984375,0.37060000000000004
-0.71746826171875,0.37070000000000003
-0.57159423828125,0.3708
-0.7952880859375,0.3709
-0.95184326171875,0.37100000000000005
-0.81634521484375,0.37110000000000004
-1.2225341796875,0.37120000000000003
-0.816650390625,0.3713
-0.86944580078125,0.37140000000000006
-0.7672119140625,0.37150000000000005
-0.89447021484375,0.37160000000000004
-1.1669921875,0.37170000000000003
-0.98876953125,0.3718
-1.1236572265625,0.3719
-0.54290771484375,0.37200000000000005
-0.767822265625,0.37210000000000004
-1.17156982421875,0.37220000000000003
-1.04583740234375,0.3723
-1.1383056640625,0.3724
-1.14349365234375,0.37250000000000005
-1.0382080078125,0.37260000000000004
-0.97686767578125,0.37270000000000003
-1.00738525390625,0.3728
-1.34918212890625,0.3729
-1.3702392578125,0.37300000000000005
-1.2249755859375,0.37310000000000004
-0.9295654296875,0.37320000000000003
-0.96282958984375,0.3733
-0.98419189453125,0.3734
-1.11907958984375,0.37350000000000005
-1.29119873046875,0.37360000000000004
-1.05194091796875,0.37370000000000003
-1.1016845703125,0.3738
-1.40655517578125,0.3739
-1.2603759765625,0.37400000000000005
-1.28631591796875,0.37410000000000004
-1.21368408203125,0.37420000000000003
-1.25396728515625,0.3743
-1.219482421875,0.3744
-1.12060546875,0.37450000000000006
-1.18072509765625,0.37460000000000004
-1.67633056640625,0.37470000000000003
-1.5362548828125,0.3748
-1.280517578125,0.3749
-1.00555419921875,0.37500000000000006
-1.156005859375,0.37510000000000004
-1.01348876953125,0.37520000000000003
-1.68487548828125,0.3753
-1.43035888671875,0.3754
-1.41143798828125,0.37550000000000006
-1.56005859375,0.37560000000000004
-1.12823486328125,0.37570000000000003
-1.46240234375,0.3758
-1.23138427734375,0.3759
-1.50299072265625,0.37600000000000006
-1.658935546875,0.37610000000000005
-1.3726806640625,0.37620000000000003
-1.519775390625,0.3763
-1.15509033203125,0.3764
-1.414794921875,0.37650000000000006
-1.6064453125,0.37660000000000005
-1.519775390625,0.37670000000000003
-1.54510498046875,0.3768
-1.495361328125,0.3769
-1.52374267578125,0.37700000000000006
-1.5313720703125,0.37710000000000005
-1.461181640625,0.37720000000000004
-1.53076171875,0.3773
-1.72882080078125,0.3774
-1.87164306640625,0.37750000000000006
-1.23626708984375,0.37760000000000005
-1.51947021484375,0.37770000000000004
-1.5777587890625,0.3778
-1.60186767578125,0.3779
-1.97357177734375,0.37800000000000006
-1.56463623046875,0.37810000000000005
-1.86248779296875,0.37820000000000004
-1.8145751953125,0.3783
-1.60430908203125,0.3784
-1.50787353515625,0.37850000000000006
-1.6021728515625,0.37860000000000005
-1.6778564453125,0.37870000000000004
-1.55914306640625,0.3788
-1.49566650390625,0.3789
-1.36810302734375,0.379
-2.0526123046875,0.37910000000000005
-1.70745849609375,0.37920000000000004
-1.59912109375,0.3793
-1.71783447265625,0.3794
-1.3861083984375,0.37950000000000006
-1.7498779296875,0.37960000000000005
-1.67083740234375,0.37970000000000004
-1.54693603515625,0.3798
-1.54693603515625,0.3799
-1.689453125,0.38
-1.595458984375,0.38010000000000005
-1.2872314453125,0.38020000000000004
-1.30645751953125,0.3803
-1.5020751953125,0.3804
-1.9598388671875,0.38050000000000006
-1.60369873046875,0.38060000000000005
-1.611328125,0.38070000000000004
-1.4044189453125,0.3808
-1.16302490234375,0.3809
-1.6033935546875,0.381
-1.42852783203125,0.38110000000000005
-1.2835693359375,0.38120000000000004
-1.58843994140625,0.38130000000000003
-1.03240966796875,0.3814
-1.46636962890625,0.38150000000000006
-1.22650146484375,0.38160000000000005
-1.4044189453125,0.38170000000000004
-1.50054931640625,0.38180000000000003
-1.220703125,0.3819
-1.14837646484375,0.382
-0.9112548828125,0.38210000000000005
-1.2078857421875,0.38220000000000004
-1.153564453125,0.38230000000000003
-1.3330078125,0.3824
-1.27685546875,0.3825
-0.8184814453125,0.38260000000000005
-1.08795166015625,0.38270000000000004
-0.87677001953125,0.38280000000000003
-1.2896728515625,0.3829
-1.07635498046875,0.383
-0.9539794921875,0.38310000000000005
-1.3446044921875,0.38320000000000004
-0.96832275390625,0.38330000000000003
-1.03424072265625,0.3834
-0.78033447265625,0.3835
-1.0015869140625,0.38360000000000005
-0.73699951171875,0.38370000000000004
-0.45440673828125,0.38380000000000003
-0.7183837890625,0.3839
-0.811767578125,0.384
-1.19903564453125,0.38410000000000005
-0.7440185546875,0.38420000000000004
-0.63140869140625,0.38430000000000003
-0.83740234375,0.3844
-0.7489013671875,0.3845
-0.68023681640625,0.38460000000000005
-0.5364990234375,0.38470000000000004
-0.8856201171875,0.38480000000000003
-0.914306640625,0.3849
-0.2490234375,0.385
-0.49072265625,0.38510000000000005
-0.467529296875,0.38520000000000004
-0.60882568359375,0.38530000000000003
-0.92010498046875,0.3854
-0.42999267578125,0.3855
-0.5865478515625,0.38560000000000005
-0.4388427734375,0.38570000000000004
-0.4278564453125,0.38580000000000003
-0.48126220703125,0.3859
-0.43914794921875,0.386
-0.44647216796875,0.38610000000000005
-0.39794921875,0.38620000000000004
-0.17364501953125,0.38630000000000003
-0.50201416015625,0.3864
-0.67230224609375,0.3865
-0.379638671875,0.38660000000000005
-0.18463134765625,0.38670000000000004
-0.406494140625,0.38680000000000003
-0.28411865234375,0.3869
-0.31280517578125,0.387
-0.455322265625,0.38710000000000006
-0.52490234375,0.38720000000000004
-0.438232421875,0.38730000000000003
-0.32073974609375,0.3874
-0.2532958984375,0.3875
-0.40557861328125,0.38760000000000006
-0.511474609375,0.38770000000000004
-0.20172119140625,0.38780000000000003
-0.47637939453125,0.3879
-0.2081298828125,0.388
-0.201416015625,0.38810000000000006
-0.31097412109375,0.38820000000000005
-0.48248291015625,0.38830000000000003
-0.5889892578125,0.3884
-0.4254150390625,0.3885
-0.47882080078125,0.38860000000000006
0.04669189453125,0.38870000000000005
-0.4681396484375,0.38880000000000003
-0.465087890625,0.3889
-0.40771484375,0.389
-0.46356201171875,0.38910000000000006
-0.4248046875,0.38920000000000005
-0.115966796875,0.38930000000000003
-0.13519287109375,0.3894
-0.16632080078125,0.3895
-0.42236328125,0.38960000000000006
-0.4052734375,0.38970000000000005
-0.41229248046875,0.38980000000000004
-0.0213623046875,0.3899
-0.49560546875,0.39
-0.41412353515625,0.39010000000000006
-0.17669677734375,0.39020000000000005
-0.20172119140625,0.39030000000000004
-0.12786865234375,0.3904
-0.2032470703125,0.3905
-0.450439453125,0.39060000000000006
-0.07171630859375,0.39070000000000005
-0.5877685546875,0.39080000000000004
-0.2783203125,0.3909
-0.11138916015625,0.391
-0.0579833984375,0.39110000000000006
-0.01861572265625,0.39120000000000005
-0.34271240234375,0.39130000000000004
-0.18157958984375,0.3914
-0.40069580078125,0.3915
-0.1708984375,0.39160000000000006
-0.0482177734375,0.39170000000000005
-0.11383056640625,0.39180000000000004
0.22613525390625,0.3919
-0.42388916015625,0.392
-0.203857421875,0.39210000000000006
-0.1715087890625,0.39220000000000005
-0.3515625,0.39230000000000004
0.06256103515625,0.3924
-0.2655029296875,0.3925
-0.04058837890625,0.39260000000000006
-0.00762939453125,0.39270000000000005
-0.19775390625,0.39280000000000004
-0.126953125,0.3929
0.09735107421875,0.393
0.177001953125,0.3931
0.2557373046875,0.39320000000000005
0.00152587890625,0.39330000000000004
-0.07904052734375,0.3934
-0.18218994140625,0.3935
0.26611328125,0.39360000000000006
-0.41534423828125,0.39370000000000005
0.2691650390625,0.39380000000000004
0.34576416015625,0.39390000000000003
-0.1116943359375,0.394
-0.0372314453125,0.3941
-0.1324462890625,0.39420000000000005
0.35369873046875,0.39430000000000004
0.33660888671875,0.39440000000000003
0.29266357421875,0.3945
0.3094482421875,0.3946
0.16265869140625,0.39470000000000005
0.286865234375,0.39480000000000004
0.32745361328125,0.39490000000000003
0.3668212890625,0.395
0.38238525390625,0.3951
0.37872314453125,0.39520000000000005
0.38543701171875,0.39530000000000004
0.42572021484375,0.39540000000000003
0.4254150390625,0.3955
0.4095458984375,0.3956
0.4156494140625,0.39570000000000005
0.4376220703125,0.39580000000000004
0.48187255859375,0.39590000000000003
0.42449951171875,0.396
0.687255859375,0.3961
0.419921875,0.39620000000000005
0.5706787109375,0.39630000000000004
0.52337646484375,0.39640000000000003
0.44952392578125,0.3965
0.458984375,0.3966
0.43060302734375,0.39670000000000005
0.88714599609375,0.39680000000000004
0.74127197265625,0.39690000000000003
0.94818115234375,0.397
1.029052734375,0.3971
0.43060302734375,0.39720000000000005
0.69854736328125,0.39730000000000004
0.91461181640625,0.39740000000000003
0.83465576171875,0.3975
0.919189453125,0.3976
0.75225830078125,0.39770000000000005
0.797119140625,0.39780000000000004
0.72052001953125,0.39790000000000003
0.86883544921875,0.398
1.06109619140625,0.3981
1.0736083984375,0.39820000000000005
1.121826171875,0.39830000000000004
0.53497314453125,0.39840000000000003
0.97198486328125,0.3985
0.98602294921875,0.3986
0.81634521484375,0.39870000000000005
1.209716796875,0.39880000000000004
0.58868408203125,0.39890000000000003
0.77484130859375,0.399
0.5499267578125,0.3991
0.98907470703125,0.39920000000000005
1.02783203125,0.39930000000000004
0.9136962890625,0.39940000000000003
1.13250732421875,0.3995
0.57220458984375,0.3996
1.0540771484375,0.39970000000000006
0.853271484375,0.39980000000000004
1.04736328125,0.39990000000000003
1.42059326171875,0.4
0.4266357421875,0.4001
0.93658447265625,0.4002
0.57830810546875,0.40030000000000004
1.080322265625,0.40040000000000003
1.4251708984375,0.4005
0.6787109375,0.4006
1.11358642578125,0.4007
0.6805419921875,0.40080000000000005
1.021728515625,0.40090000000000003
0.78155517578125,0.401
1.329345703125,0.4011
1.36505126953125,0.4012
0.946044921875,0.40130000000000005
0.791015625,0.40140000000000003
0.71197509765625,0.4015
0.94482421875,0.4016
1.0675048828125,0.4017
1.22711181640625,0.40180000000000005
0.86181640625,0.40190000000000003
0.7708740234375,0.402
0.97900390625,0.4021
1.0906982421875,0.4022
1.05621337890625,0.40230000000000005
0.82550048828125,0.40240000000000004
0.8746337890625,0.4025
0.8154296875,0.4026
0.8245849609375,0.4027
1.0931396484375,0.40280000000000005
1.13983154296875,0.40290000000000004
0.91217041015625,0.403
0.9686279296875,0.4031
0.904541015625,0.4032
0.67291259765625,0.40330000000000005
1.04248046875,0.40340000000000004
1.16302490234375,0.4035
1.0406494140625,0.4036
0.89111328125,0.4037
0.70098876953125,0.40380000000000005
0.72113037109375,0.40390000000000004
1.14227294921875,0.404
0.8148193359375,0.4041
1.12213134765625,0.4042
1.3092041015625,0.40430000000000005
0.7159423828125,0.40440000000000004
0.8453369140625,0.4045
0.79833984375,0.4046
1.1090087890625,0.4047
1.05194091796875,0.40480000000000005
1.21856689453125,0.40490000000000004
0.8197021484375,0.405
0.95672607421875,0.4051
0.73638916015625,0.4052
0.5389404296875,0.40530000000000005
1.2933349609375,0.40540000000000004
1.02020263671875,0.4055
1.03546142578125,0.4056
1.11175537109375,0.4057
1.12457275390625,0.40580000000000005
0.88104248046875,0.40590000000000004
0.80963134765625,0.406
1.136474609375,0.4061
1.365966796875,0.4062
1.0357666015625,0.4063
0.87127685546875,0.40640000000000004
0.7965087890625,0.40650000000000003
1.04766845703125,0.4066
0.7391357421875,0.4067
0.92376708984375,0.40680000000000005
1.18133544921875,0.40690000000000004
0.96466064453125,0.40700000000000003
1.1737060546875,0.4071
1.11724853515625,0.4072
1.2353515625,0.4073
1.263427734375,0.40740000000000004
1.13067626953125,0.40750000000000003
0.91705322265625,0.4076
0.76507568359375,0.4077
1.04705810546875,0.4078
1.298828125,0.40790000000000004
0.96221923828125,0.40800000000000003
1.2042236328125,0.4081
0.6463623046875,0.4082
0.99273681640625,0.4083
0.85601806640625,0.40840000000000004
1.03271484375,0.40850000000000003
1.4300537109375,0.4086
0.97503662109375,0.4087
1.06964111328125,0.4088
0.82305908203125,0.40890000000000004
1.05072021484375,0.40900000000000003
1.265869140625,0.4091
1.30126953125,0.4092
1.2054443359375,0.4093
0.8282470703125,0.40940000000000004
1.26220703125,0.40950000000000003
1.12091064453125,0.4096
1.1676025390625,0.4097
1.71051025390625,0.4098
1.45050048828125,0.40990000000000004
1.31591796875,0.41000000000000003
1.04736328125,0.4101
0.72906494140625,0.4102
1.458740234375,0.4103
1.30035400390625,0.41040000000000004
1.63116455078125,0.41050000000000003
1.422119140625,0.4106
1.265869140625,0.4107
1.28692626953125,0.4108
1.05804443359375,0.41090000000000004
1.5093994140625,0.41100000000000003
1.2103271484375,0.4111
1.4569091796875,0.4112
1.2493896484375,0.4113
1.30035400390625,0.41140000000000004
1.46087646484375,0.41150000000000003
1.09344482421875,0.4116
1.4471435546875,0.4117
1.17919921875,0.4118
1.6754150390625,0.41190000000000004
1.47735595703125,0.41200000000000003
1.3116455078125,0.4121
1.54815673828125,0.4122
1.5771484375,0.4123
1.8011474609375,0.41240000000000004
1.2384033203125,0.41250000000000003
1.6705322265625,0.4126
1.536865234375,0.4127
1.28753662109375,0.4128
1.4874267578125,0.41290000000000004
1.5966796875,0.41300000000000003
1.69708251953125,0.4131
1.58447265625,0.4132
1.31866455078125,0.4133
1.318359375,0.41340000000000005
1.32476806640625,0.41350000000000003
1.57012939453125,0.4136
1.54998779296875,0.4137
1.79534912109375,0.4138
1.7144775390625,0.41390000000000005
1.434326171875,0.41400000000000003
1.23504638671875,0.4141
1.4276123046875,0.4142
1.61285400390625,0.4143
2.088623046875,0.41440000000000005
1.66168212890625,0.41450000000000004
1.4813232421875,0.4146
1.4971923828125,0.4147
1.63848876953125,0.4148
1.45416259765625,0.41490000000000005
1.88690185546875,0.41500000000000004
1.77276611328125,0.4151
1.51702880859375,0.4152
1.319580078125,0.4153
1.47979736328125,0.41540000000000005
2.12890625,0.41550000000000004
1.96258544921875,0.4156
2.10479736328125,0.4157
1.95526123046875,0.4158
1.88446044921875,0.41590000000000005
1.40838623046875,0.41600000000000004
1.56585693359375,0.4161
1.78009033203125,0.4162
1.74224853515625,0.4163
1.9390869140625,0.41640000000000005
1.3592529296875,0.41650000000000004
1.629638671875,0.4166
1.80694580078125,0.4167
1.67510986328125,0.4168
1.98211669921875,0.41690000000000005
1.91009521484375,0.41700000000000004
1.87835693359375,0.4171
1.806640625,0.4172
2.021484375,0.4173
2.117919921875,0.41740000000000005
1.86004638671875,0.41750000000000004
2.21160888671875,0.4176
1.28021240234375,0.4177
1.57135009765625,0.4178
1.76025390625,0.41790000000000005
1.9696044921875,0.41800000000000004
2.26593017578125,0.4181
1.37176513671875,0.4182
1.8017578125,0.4183
1.55181884765625,0.4184
1.52435302734375,0.41850000000000004
1.8853759765625,0.4186
2.0703125,0.4187
2.24884033203125,0.4188
1.856689453125,0.41890000000000005
1.50238037109375,0.41900000000000004
1.67755126953125,0.41910000000000003
1.69769287109375,0.4192
2.1527099609375,0.4193
1.88232421875,0.4194
1.4666748046875,0.41950000000000004
1.63970947265625,0.41960000000000003
1.50604248046875,0.4197
1.85333251953125,0.4198
1.94793701171875,0.41990000000000005
1.922607421875,0.42000000000000004
1.74041748046875,0.42010000000000003
1.56524658203125,0.4202
1.79351806640625,0.4203
1.7742919921875,0.4204
2.1051025390625,0.42050000000000004
1.19537353515625,0.42060000000000003
1.812744140625,0.4207
1.37725830078125,0.4208
1.63116455078125,0.42090000000000005
2.05230712890625,0.42100000000000004
1.80877685546875,0.42110000000000003
1.7987060546875,0.4212
1.5643310546875,0.4213
1.49932861328125,0.4214
1.7034912109375,0.42150000000000004
1.9976806640625,0.42160000000000003
2.0672607421875,0.4217
1.5069580078125,0.4218
1.79595947265625,0.4219
1.4202880859375,0.42200000000000004
1.71661376953125,0.42210000000000003
1.9586181640625,0.4222
1.9775390625,0.4223
2.1331787109375,0.4224
1.65313720703125,0.42250000000000004
1.4434814453125,0.42260000000000003
1.53045654296875,0.4227
1.73065185546875,0.4228
1.2506103515625,0.4229
2.0404052734375,0.42300000000000004
1.77001953125,0.42310000000000003
1.685791015625,0.4232
1.58477783203125,0.4233
1.68914794921875,0.4234
1.9146728515625,0.42350000000000004
1.6387939453125,0.42360000000000003
2.01507568359375,0.4237
1.9287109375,0.4238
1.85394287109375,0.4239
1.7059326171875,0.42400000000000004
1.5093994140625,0.42410000000000003
1.74774169921875,0.4242
1.74957275390625,0.4243
1.826171875,0.4244
1.59454345703125,0.42450000000000004
1.50299072265625,0.42460000000000003
1.832275390625,0.4247
2.08953857421875,0.4248
1.6424560546875,0.4249
1.99859619140625,0.42500000000000004
1.837158203125,0.42510000000000003
1.68670654296875,0.4252
1.8023681640625,0.4253
1.7327880859375,0.4254
1.929931640625,0.42550000000000004
1.7852783203125,0.42560000000000003
1.8658447265625,0.4257
1.5966796875,0.4258
2.02392578125,0.4259
1.78680419921875,0.42600000000000005
1.59576416015625,0.42610000000000003
1.84295654296875,0.4262
1.7999267578125,0.4263
1.8597412109375,0.4264
1.83563232421875,0.42650000000000005
1.96258544921875,0.42660000000000003
2.39227294921875,0.4267
1.9635009765625,0.4268
1.8084716796875,0.4269
1.20819091796875,0.42700000000000005
1.8792724609375,0.42710000000000004
1.80389404296875,0.4272
1.7449951171875,0.4273
2.08587646484375,0.4274
1.480712890625,0.42750000000000005
1.7584228515625,0.42760000000000004
1.39801025390625,0.4277
1.60980224609375,0.4278
2.10693359375,0.4279
1.85272216796875,0.42800000000000005
1.978759765625,0.42810000000000004
1.669921875,0.4282
1.47552490234375,0.4283
2.08953857421875,0.4284
1.54754638671875,0.4285
1.56524658203125,0.42860000000000004
1.5228271484375,0.4287
1.69830322265625,0.4288
1.36260986328125,0.4289
1.3433837890625,0.42900000000000005
2.15911865234375,0.42910000000000004
1.73553466796875,0.4292
1.56585693359375,0.4293
1.553955078125,0.4294
1.37664794921875,0.4295
1.7822265625,0.42960000000000004
1.61712646484375,0.4297
1.57806396484375,0.4298
1.4404296875,0.4299
1.49383544921875,0.43000000000000005
1.6290283203125,0.43010000000000004
1.851806640625,0.4302
1.93084716796875,0.4303
1.64215087890625,0.4304
1.8621826171875,0.4305
1.2579345703125,0.43060000000000004
1.5997314453125,0.4307
1.9378662109375,0.4308
1.8511962890625,0.4309
1.688232421875,0.43100000000000005
1.34124755859375,0.43110000000000004
1.3409423828125,0.4312
1.383056640625,0.4313
1.5582275390625,0.4314
1.6143798828125,0.4315
1.84814453125,0.43160000000000004
1.5997314453125,0.43170000000000003
1.275634765625,0.4318
1.407470703125,0.4319
1.79473876953125,0.43200000000000005
1.69525146484375,0.43210000000000004
1.45721435546875,0.43220000000000003
1.611328125,0.4323
1.60003662109375,0.4324
1.81396484375,0.4325
1.61712646484375,0.43260000000000004
1.33636474609375,0.43270000000000003
1.6448974609375,0.4328
1.1920166015625,0.4329
1.3763427734375,0.433
1.75933837890625,0.43310000000000004
1.7120361328125,0.43320000000000003
1.88995361328125,0.4333
1.53564453125,0.4334
1.41937255859375,0.4335
1.402587890625,0.43360000000000004
1.77764892578125,0.43370000000000003
1.9427490234375,0.4338
1.53900146484375,0.4339
1.842041015625,0.434
1.12518310546875,0.43410000000000004
1.3763427734375,0.43420000000000003
1.64154052734375,0.4343
1.34735107421875,0.4344
1.939697265625,0.4345
1.46942138671875,0.43460000000000004
0.99639892578125,0.43470000000000003
1.751708984375,0.4348
1.6192626953125,0.4349
1.85272216796875,0.435
1.4947509765625,0.43510000000000004
1.81640625,0.43520000000000003
1.33026123046875,0.4353
1.3702392578125,0.4354
1.79840087890625,0.4355
1.5423583984375,0.43560000000000004
1.939697265625,0.43570000000000003
1.17401123046875,0.4358
1.42852783203125,0.4359
1.351318359375,0.436
1.46728515625,0.43610000000000004
1.5716552734375,0.43620000000000003
1.3397216796875,0.4363
1.78375244140625,0.4364
1.30126953125,0.4365
1.651611328125,0.43660000000000004
1.76239013671875,0.43670000000000003
1.56097412109375,0.4368
2.10052490234375,0.4369
1.31195068359375,0.437
1.43463134765625,0.43710000000000004
1.3299560546875,0.43720000000000003
1.18133544921875,0.4373
1.89239501953125,0.4374
1.7730712890625,0.4375
1.4306640625,0.43760000000000004
1.6156005859375,0.43770000000000003
1.3134765625,0.4378
1.64825439453125,0.4379
1.485595703125,0.438
1.7022705078125,0.43810000000000004
1.61285400390625,0.43820000000000003
1.70806884765625,0.4383
1.49078369140625,0.4384
1.17889404296875,0.4385
1.41204833984375,0.43860000000000005
1.47491455078125,0.43870000000000003
1.3275146484375,0.4388
1.44927978515625,0.4389
0.99517822265625,0.439
1.4935302734375,0.43910000000000005
1.5142822265625,0.43920000000000003
1.6448974609375,0.4393
1.2506103515625,0.4394
1.42181396484375,0.4395
1.2371826171875,0.43960000000000005
1.39068603515625,0.43970000000000004
0.93963623046875,0.4398
1.36993408203125,0.4399
1.55731201171875,0.44
1.19659423828125,0.44010000000000005
1.4459228515625,0.44020000000000004
1.37115478515625,0.4403
1.36627197265625,0.4404
1.2744140625,0.4405
1.31134033203125,0.44060000000000005
1.38702392578125,0.44070000000000004
0.987548828125,0.4408
1.16729736328125,0.4409
1.1920166015625,0.441
1.12640380859375,0.44110000000000005
1.302490234375,0.44120000000000004
1.3543701171875,0.4413
1.56890869140625,0.4414
1.3671875,0.4415
1.4398193359375,0.44160000000000005
1.103515625,0.44170000000000004
1.64520263671875,0.4418
1.56036376953125,0.4419
1.3690185546875,0.442
1.34185791015625,0.44210000000000005
0.92254638671875,0.44220000000000004
1.42852783203125,0.4423
1.2908935546875,0.4424
1.4923095703125,0.4425
1.768798828125,0.44260000000000005
1.13800048828125,0.44270000000000004
1.30279541015625,0.4428
1.0333251953125,0.4429
1.2115478515625,0.443
1.63177490234375,0.44310000000000005
1.33819580078125,0.44320000000000004
1.5093994140625,0.4433
1.37969970703125,0.4434
1.15692138671875,0.4435
1.1822509765625,0.4436
1.07421875,0.44370000000000004
1.644287109375,0.44380000000000003
1.502685546875,0.4439
1.6937255859375,0.444
1.50146484375,0.4441
0.89752197265625,0.44420000000000004
1.55242919921875,0.44430000000000003
1.55548095703125,0.4444
1.51611328125,0.4445
1.41754150390625,0.4446
1.4501953125,0.44470000000000004
1.29241943359375,0.44480000000000003
1.019287109375,0.4449
1.38946533203125,0.445
1.317138671875,0.4451
1.8389892578125,0.44520000000000004
1.37603759765625,0.44530000000000003
1.365966796875,0.4454
1.52984619140625,0.4455
1.5985107421875,0.4456
1.317138671875,0.44570000000000004
1.2353515625,0.44580000000000003
1.2646484375,0.4459
1.56951904296875,0.446
1.1181640625,0.4461
1.11968994140625,0.44620000000000004
1.39190673828125,0.44630000000000003
1.5283203125,0.4464
1.40350341796875,0.4465
1.031494140625,0.4466
1.707763671875,0.44670000000000004
1.3787841796875,0.44680000000000003
1.46514892578125,0.4469
1.5875244140625,0.447
1.50115966796875,0.4471
1.90826416015625,0.44720000000000004
1.1444091796875,0.44730000000000003
0.85479736328125,0.4474
1.11053466796875,0.4475
1.458740234375,0.4476
1.65069580078125,0.44770000000000004
1.39434814453125,0.44780000000000003
1.57470703125,0.4479
1.3494873046875,0.448
1.461181640625,0.4481
1.11663818359375,0.44820000000000004
1.451416015625,0.44830000000000003
2.1002197265625,0.4484
1.44775390625,0.4485
1.2322998046875,0.4486
1.01104736328125,0.44870000000000004
1.27593994140625,0.44880000000000003
1.29302978515625,0.4489
1.312255859375,0.449
1.13128662109375,0.4491
1.56707763671875,0.44920000000000004
1.58721923828125,0.44930000000000003
1.21368408203125,0.4494
1.3134765625,0.4495
1.80389404296875,0.4496
1.7041015625,0.44970000000000004
1.37725830078125,0.44980000000000003
1.1517333984375,0.4499
1.25396728515625,0.45
1.6162109375,0.4501
1.27960205078125,0.4502
1.23321533203125,0.45030000000000003
1.82342529296875,0.4504
1.30218505859375,0.4505
1.268310546875,0.4506
1.2066650390625,0.4507
1.4019775390625,0.45080000000000003
1.3592529296875,0.4509
1.86431884765625,0.451
1.21490478515625,0.4511
1.64520263671875,0.4512
1.54022216796875,0.45130000000000003
1.3323974609375,0.4514
1.32781982421875,0.4515
1.2969970703125,0.4516
1.73248291015625,0.4517
1.187744140625,0.45180000000000003
1.5130615234375,0.4519
1.06658935546875,0.452
1.59637451171875,0.4521
1.614990234375,0.4522
1.19171142578125,0.45230000000000004
1.81793212890625,0.4524
1.64947509765625,0.4525
1.47705078125,0.4526
1.4227294921875,0.4527
1.533203125,0.45280000000000004
1.82525634765625,0.4529
1.43890380859375,0.453
1.5093994140625,0.4531
0.98846435546875,0.4532
1.60247802734375,0.45330000000000004
1.3494873046875,0.4534
1.46636962890625,0.4535
1.96807861328125,0.4536
1.53167724609375,0.4537
1.3848876953125,0.45380000000000004
1.182861328125,0.4539
1.0504150390625,0.454
1.55517578125,0.4541
1.87225341796875,0.4542
1.685791015625,0.45430000000000004
1.44561767578125,0.4544
1.7596435546875,0.4545
1.4251708984375,0.4546
1.2725830078125,0.4547
1.73095703125,0.45480000000000004
1.5826416015625,0.4549
1.588134765625,0.455
1.30340576171875,0.4551
0.966796875,0.4552
1.72393798828125,0.45530000000000004
1.74530029296875,0.4554
1.65313720703125,0.4555
1.51123046875,0.4556
1.4129638671875,0.4557
1.75750732421875,0.45580000000000004
1.62567138671875,0.4559
1.66961669921875,0.456
1.70654296875,0.4561
1.910400390625,0.4562
1.40472412109375,0.45630000000000004
1.17645263671875,0.45640000000000003
1.6204833984375,0.4565
1.66839599609375,0.4566
1.5447998046875,0.4567
1.69189453125,0.4568
1.50177001953125,0.45690000000000003
1.46728515625,0.457
1.568603515625,0.4571
1.74072265625,0.4572
1.67572021484375,0.4573
1.68731689453125,0.45740000000000003
1.1810302734375,0.4575
1.365966796875,0.4576
1.561279296875,0.4577
1.9110107421875,0.4578
1.97845458984375,0.45790000000000003
1.72454833984375,0.458
1.3299560546875,0.4581
1.41937255859375,0.4582
1.40869140625,0.4583
1.220703125,0.45840000000000003
2.08251953125,0.4585
1.756591796875,0.4586
1.49444580078125,0.4587
1.20147705078125,0.4588
1.2347412109375,0.45890000000000003
1.6973876953125,0.459
1.71478271484375,0.4591
1.69677734375,0.4592
1.37420654296875,0.4593
1.7236328125,0.45940000000000003
1.46392822265625,0.4595
1.39617919921875,0.4596
1.6314697265625,0.4597
1.86004638671875,0.4598
1.6766357421875,0.45990000000000003
1.33453369140625,0.46
1.33331298828125,0.4601
1.85272216796875,0.4602
1.810302734375,0.4603
1.52740478515625,0.46040000000000003
1.65618896484375,0.4605
1.341552734375,0.4606
1.56951904296875,0.4607
1.5972900390625,0.4608
1.63116455078125,0.46090000000000003
1.76513671875,0.461
1.33941650390625,0.4611
1.59637451171875,0.4612
1.38946533203125,0.4613
1.5692138671875,0.46140000000000003
1.8353271484375,0.4615
1.56585693359375,0.4616
1.60888671875,0.4617
1.1572265625,0.4618
1.68548583984375,0.46190000000000003
1.6461181640625,0.462
1.4666748046875,0.4621
1.92535400390625,0.4622
1.88232421875,0.4623
1.531982421875,0.46240000000000003
1.4691162109375,0.4625
1.33148193359375,0.4626
1.4837646484375,0.4627
1.87255859375,0.4628
1.8646240234375,0.46290000000000003
1.63787841796875,0.463
1.4324951171875,0.4631
1.3916015625,0.4632
1.1474609375,0.4633
1.51947021484375,0.46340000000000003
1.5777587890625,0.4635
2.041015625,0.4636
1.54571533203125,0.4637
1.24053955078125,0.4638
1.44287109375,0.46390000000000003
1.368408203125,0.464
1.84173583984375,0.4641
1.64337158203125,0.4642
1.9696044921875,0.4643
1.81121826171875,0.46440000000000003
1.54388427734375,0.4645
1.89056396484375,0.4646
1.5509033203125,0.4647
1.97174072265625,0.4648
1.65985107421875,0.46490000000000004
1.5374755859375,0.465
1.49749755859375,0.4651
1.44622802734375,0.4652
1.6949462890625,0.4653
1.358642578125,0.46540000000000004
1.8310546875,0.4655
1.7742919921875,0.4656
1.88201904296875,0.4657
1.71966552734375,0.4658
1.54266357421875,0.46590000000000004
1.9488525390625,0.466
1.6461181640625,0.4661
1.6796875,0.4662
1.6998291015625,0.4663
1.54022216796875,0.46640000000000004
1.68853759765625,0.4665
1.5283203125,0.4666
1.37054443359375,0.4667
1.60919189453125,0.4668
1.85394287109375,0.46690000000000004
1.737060546875,0.467
1.64459228515625,0.4671
1.78802490234375,0.4672
1.7608642578125,0.4673
1.84295654296875,0.46740000000000004
1.75994873046875,0.4675
1.322021484375,0.4676
1.9793701171875,0.4677
1.6632080078125,0.4678
1.3629150390625,0.4679
1.929931640625,0.468
1.7974853515625,0.4681
1.79290771484375,0.4682
1.69525146484375,0.4683
1.3226318359375,0.46840000000000004
1.48101806640625,0.4685
1.92657470703125,0.4686
1.4715576171875,0.4687
1.9451904296875,0.4688
1.95343017578125,0.4689
1.54937744140625,0.46900000000000003
1.42547607421875,0.4691
1.11480712890625,0.4692
1.56097412109375,0.4693
1.80938720703125,0.46940000000000004
1.79168701171875,0.46950000000000003
1.17034912109375,0.4696
1.5216064453125,0.4697
1.63482666015625,0.4698
1.1065673828125,0.4699
1.57379150390625,0.47000000000000003
1.71142578125,0.4701
1.666259765625,0.4702
1.68121337890625,0.4703
1.43585205078125,0.47040000000000004
1.5380859375,0.47050000000000003
1.6015625,0.4706
1.998291015625,0.4707
1.36932373046875,0.4708
1.6741943359375,0.4709
1.25518798828125,0.47100000000000003
1.2579345703125,0.4711
1.7120361328125,0.4712
1.4154052734375,0.4713
1.7529296875,0.47140000000000004
1.26953125,0.47150000000000003
1.22802734375,0.4716
1.40380859375,0.4717
1.50909423828125,0.4718
1.64825439453125,0.4719
1.36962890625,0.47200000000000003
1.63177490234375,0.4721
1.5216064453125,0.4722
1.44775390625,0.4723
1.4874267578125,0.4724
1.26068115234375,0.47250000000000003
1.6424560546875,0.4726
1.89239501953125,0.4727
0.83831787109375,0.4728
1.6766357421875,0.4729
1.4422607421875,0.47300000000000003
1.35528564453125,0.4731
1.53472900390625,0.4732
1.240234375,0.4733
1.7974853515625,0.4734
1.81854248046875,0.47350000000000003
1.4862060546875,0.4736
1.25640869140625,0.4737
1.91986083984375,0.4738
1.7413330078125,0.4739
1.3568115234375,0.47400000000000003
1.48712158203125,0.4741
1.1700439453125,0.4742
1.2353515625,0.4743
1.07147216796875,0.4744
1.162109375,0.47450000000000003
1.63787841796875,0.4746
1.88507080078125,0.4747
1.3140869140625,0.4748
1.27288818359375,0.4749
1.43096923828125,0.47500000000000003
1.3531494140625,0.4751
1.749267578125,0.4752
1.6796875,0.4753
1.54876708984375,0.4754
1.65863037109375,0.47550000000000003
1.44561767578125,0.4756
0.9686279296875,0.4757
1.4422607421875,0.4758
1.58660888671875,0.4759
1.56005859375,0.47600000000000003
1.89361572265625,0.4761
1.40777587890625,0.4762
1.53167724609375,0.4763
1.66778564453125,0.4764
1.56097412109375,0.47650000000000003
1.6473388671875,0.4766
1.9146728515625,0.4767
1.639404296875,0.4768
1.309814453125,0.4769
1.6766357421875,0.47700000000000004
1.7987060546875,0.4771
1.48681640625,0.4772
1.51214599609375,0.4773
1.6259765625,0.4774
1.60736083984375,0.47750000000000004
1.73431396484375,0.4776
1.343994140625,0.4777
1.6827392578125,0.4778
1.9659423828125,0.4779
1.6070556640625,0.47800000000000004
1.44195556640625,0.4781
1.54510498046875,0.4782
1.396484375,0.4783
1.74713134765625,0.4784
1.37359619140625,0.47850000000000004
1.43768310546875,0.4786
1.7584228515625,0.4787
1.58966064453125,0.4788
1.3226318359375,0.4789
1.60980224609375,0.479
1.77642822265625,0.4791
1.66229248046875,0.4792
1.28265380859375,0.4793
1.234130859375,0.4794
1.33453369140625,0.47950000000000004
1.75201416015625,0.4796
1.44866943359375,0.4797
1.38580322265625,0.4798
1.74163818359375,0.4799
1.44439697265625,0.48
1.180419921875,0.4801
1.38427734375,0.4802
1.700439453125,0.4803
1.85546875,0.4804
1.95068359375,0.48050000000000004
1.39373779296875,0.4806
1.2042236328125,0.4807
1.693115234375,0.4808
1.131591796875,0.4809
1.619873046875,0.481
1.67205810546875,0.4811
1.65740966796875,0.4812
1.72760009765625,0.4813
1.2841796875,0.4814
1.83502197265625,0.48150000000000004
1.26708984375,0.48160000000000003
1.8988037109375,0.4817
1.5460205078125,0.4818
1.4581298828125,0.4819
1.68548583984375,0.482
1.4044189453125,0.48210000000000003
1.810302734375,0.4822
1.45538330078125,0.4823
1.6387939453125,0.4824
1.6424560546875,0.4825
1.197509765625,0.48260000000000003
1.81396484375,0.4827
1.81640625,0.4828
1.64886474609375,0.4829
1.55426025390625,0.483
1.212158203125,0.48310000000000003
1.7108154296875,0.4832
1.566162109375,0.4833
1.63330078125,0.4834
1.9354248046875,0.4835
1.6522216796875,0.48360000000000003
1.6796875,0.4837
1.06414794921875,0.4838
1.98577880859375,0.4839
1.81793212890625,0.484
1.67816162109375,0.48410000000000003
1.5643310546875,0.4842
1.217041015625,0.4843
1.65283203125,0.4844
1.29791259765625,0.4845
1.632080078125,0.48460000000000003
1.9036865234375,0.4847
1.88201904296875,0.4848
1.57318115234375,0.4849
1.3885498046875,0.485
1.83349609375,0.48510000000000003
1.756591796875,0.4852
1.99066162109375,0.4853
1.7315673828125,0.4854
1.3323974609375,0.4855
1.80908203125,0.48560000000000003
1.55120849609375,0.4857
1.61468505859375,0.4858
1.99615478515625,0.4859
1.60980224609375,0.486
1.67388916015625,0.48610000000000003
1.6949462890625,0.4862
1.4141845703125,0.4863
1.7596435546875,0.4864
1.9964599609375,0.4865
1.70623779296875,0.48660000000000003
1.71966552734375,0.4867
1.656494140625,0.4868
1.70318603515625,0.4869
1.5704345703125,0.487
1.8475341796875,0.48710000000000003
1.754150390625,0.4872
1.61376953125,0.4873
1.5380859375,0.4874
1.13250732421875,0.4875
1.8408203125,0.48760000000000003
1.79107666015625,0.4877
1.49078369140625,0.4878
1.84417724609375,0.4879
1.8341064453125,0.488
1.45721435546875,0.48810000000000003
1.98760986328125,0.4882
1.95770263671875,0.4883
1.62506103515625,0.4884
2.07672119140625,0.4885
1.5850830078125,0.48860000000000003
1.30340576171875,0.4887
1.3592529296875,0.4888
1.82891845703125,0.4889
1.60247802734375,0.489
1.80267333984375,0.48910000000000003
1.424560546875,0.4892
1.42486572265625,0.4893
1.583251953125,0.4894
1.54205322265625,0.4895
1.7120361328125,0.48960000000000004
2.00439453125,0.4897
1.83135986328125,0.4898
1.64581298828125,0.4899
1.527099609375,0.49
1.4947509765625,0.49010000000000004
1.55609130859375,0.4902
1.70257568359375,0.4903
1.69525146484375,0.4904
1.94488525390625,0.4905
1.79656982421875,0.49060000000000004
1.20697021484375,0.4907
1.453857421875,0.4908
2.01568603515625,0.4909
1.18408203125,0.491
1.94366455078125,0.49110000000000004
1.697998046875,0.4912
1.71783447265625,0.4913
1.72943115234375,0.4914
1.52679443359375,0.4915
1.76971435546875,0.49160000000000004
1.815185546875,0.4917
2.109375,0.4918
1.52099609375,0.4919
1.64398193359375,0.492
1.59393310546875,0.49210000000000004
1.43096923828125,0.4922
2.1905517578125,0.4923
1.71112060546875,0.4924
1.7181396484375,0.4925
2.00347900390625,0.49260000000000004
1.64825439453125,0.4927
1.7236328125,0.4928
1.98455810546875,0.4929
2.03704833984375,0.493
1.71966552734375,0.4931
1.5838623046875,0.4932
1.6552734375,0.4933
1.67877197265625,0.4934
2.2857666015625,0.4935
1.878662109375,0.49360000000000004
1.7974853515625,0.4937
1.68060302734375,0.4938
1.4398193359375,0.4939
1.94854736328125,0.494
1.77490234375,0.4941
2.14111328125,0.49420000000000003
1.83868408203125,0.4943
1.6363525390625,0.4944
1.6510009765625,0.4945
1.44775390625,0.4946
2.18048095703125,0.49470000000000003
2.03338623046875,0.4948
1.94580078125,0.4949
1.71173095703125,0.495
1.25762939453125,0.4951
1.83319091796875,0.49520000000000003
1.64337158203125,0.4953
1.93939208984375,0.4954
2.1728515625,0.4955
1.38824462890625,0.4956
1.72271728515625,0.49570000000000003
1.622314453125,0.4958
1.85943603515625,0.4959
1.98028564453125,0.496
1.98883056640625,0.4961
1.9354248046875,0.49620000000000003
1.98883056640625,0.4963
1.96380615234375,0.4964
1.568603515625,0.4965
2.17864990234375,0.4966
2.01904296875,0.49670000000000003
1.9512939453125,0.4968
1.62689208984375,0.4969
1.739501953125,0.497
1.96563720703125,0.4971
1.73126220703125,0.49720000000000003
1.8487548828125,0.4973
1.95281982421875,0.4974
1.94793701171875,0.4975
1.70654296875,0.4976
1.883544921875,0.49770000000000003
1.839599609375,0.4978
1.7364501953125,0.4979
1.9219970703125,0.498
1.91650390625,0.4981
1.72882080078125,0.49820000000000003
2.083740234375,0.4983
2.093505859375,0.4984
1.68975830078125,0.4985
2.22747802734375,0.4986
1.73828125,0.49870000000000003
1.5704345703125,0.4988
1.7694091796875,0.4989
1.79168701171875,0.499
2.086181640625,0.4991
1.9287109375,0.49920000000000003
1.52740478515625,0.4993
1.48773193359375,0.4994
1.78619384765625,0.4995
1.93389892578125,0.4996
2.07672119140625,0.49970000000000003
1.95281982421875,0.4998
1.6058349609375,0.4999
1.751708984375,0.5
1.52069091796875,0.5001
1.89239501953125,0.5002
1.99310302734375,0.5003
2.12799072265625,0.5004
1.3818359375,0.5005
1.6937255859375,0.5006
1.80206298828125,0.5007
1.64825439453125,0.5008
2.28424072265625,0.5009
1.93206787109375,0.501
1.81060791015625,0.5011
1.97845458984375,0.5012
1.85150146484375,0.5013
1.9354248046875,0.5014
1.9366455078125,0.5015
1.9635009765625,0.5016
1.48895263671875,0.5017
1.70257568359375,0.5018
1.6680908203125,0.5019
1.74041748046875,0.502
1.9622802734375,0.5021
1.524658203125,0.5022
1.63482666015625,0.5023
2.08984375,0.5024
1.56890869140625,0.5025
2.022705078125,0.5026
2.431640625,0.5027
1.69647216796875,0.5028
1.79168701171875,0.5029
1.43463134765625,0.503
1.40655517578125,0.5031
1.94580078125,0.5032
1.94732666015625,0.5033
1.93115234375,0.5034
1.78436279296875,0.5035
1.94854736328125,0.5036
1.3409423828125,0.5037
1.8536376953125,0.5038
1.62261962890625,0.5039
2.0440673828125,0.504
2.14202880859375,0.5041
1.4617919921875,0.5042
1.70379638671875,0.5043
1.76544189453125,0.5044
2.12677001953125,0.5045
1.56646728515625,0.5046
2.0648193359375,0.5047
2.03094482421875,0.5048
1.7218017578125,0.5049
1.810302734375,0.505
1.55426025390625,0.5051
1.73095703125,0.5052
2.11395263671875,0.5053
1.50909423828125,0.5054
1.505126953125,0.5055
1.63726806640625,0.5056
1.5924072265625,0.5057
1.76788330078125,0.5058
1.57958984375,0.5059
2.18231201171875,0.506
1.8017578125,0.5061
2.01629638671875,0.5062
1.4788818359375,0.5063
1.50299072265625,0.5064
2.098388671875,0.5065
1.240234375,0.5066
1.54449462890625,0.5067
1.51214599609375,0.5068
1.61224365234375,0.5069
1.70074462890625,0.507
1.44989013671875,0.5071
1.89300537109375,0.5072
1.6741943359375,0.5073
1.9512939453125,0.5074
1.405029296875,0.5075
1.67877197265625,0.5076
1.85150146484375,0.5077
1.6375732421875,0.5078
1.88140869140625,0.5079
1.19476318359375,0.508
1.6632080078125,0.5081
1.3873291015625,0.5082
1.36871337890625,0.5083
1.9183349609375,0.5084
1.89727783203125,0.5085
1.73065185546875,0.5086
1.35589599609375,0.5087
1.48284912109375,0.5088
1.81732177734375,0.5089
1.59088134765625,0.509
1.558837890625,0.5091
1.8487548828125,0.5092
1.50146484375,0.5093
1.35894775390625,0.5094
1.2664794921875,0.5095
1.48651123046875,0.5096
1.76422119140625,0.5097
1.64215087890625,0.5098
1.5704345703125,0.5099
1.07879638671875,0.51
1.805419921875,0.5101
1.83837890625,0.5102
1.67633056640625,0.5103
1.51641845703125,0.5104
1.82891845703125,0.5105
1.52496337890625,0.5106
1.4068603515625,0.5107
1.28997802734375,0.5108
1.60675048828125,0.5109
2.07977294921875,0.511
1.30401611328125,0.5111
1.2841796875,0.5112
1.453857421875,0.5113
1.9073486328125,0.5114
1.68060302734375,0.5115
1.209716796875,0.5116
1.77520751953125,0.5117
1.318359375,0.5118
1.55853271484375,0.5119
1.23138427734375,0.512
1.93359375,0.5121
1.7864990234375,0.5122
1.37176513671875,0.5123
1.38427734375,0.5124
1.70318603515625,0.5125
1.639404296875,0.5126
1.78985595703125,0.5127
1.86065673828125,0.5128
1.74468994140625,0.5129
1.51641845703125,0.513
1.3299560546875,0.5131
1.3140869140625,0.5132
1.72698974609375,0.5133
1.9219970703125,0.5134
1.5869140625,0.5135
1.46209716796875,0.5136000000000001
1.60797119140625,0.5137
1.749267578125,0.5138
1.7694091796875,0.5139
1.2646484375,0.514
1.9189453125,0.5141
1.7340087890625,0.5142
1.49871826171875,0.5143
1.57806396484375,0.5144
1.67877197265625,0.5145
2.1435546875,0.5146
1.270751953125,0.5147
1.62322998046875,0.5148
1.54876708984375,0.5149
1.895751953125,0.515
1.98455810546875,0.5151
1.54266357421875,0.5152
1.99676513671875,0.5153
1.83013916015625,0.5154
1.343994140625,0.5155
1.717529296875,0.5156
1.573486328125,0.5157
2.12188720703125,0.5158
1.79779052734375,0.5159
1.51702880859375,0.516
1.68609619140625,0.5161
1.68487548828125,0.5162
1.73736572265625,0.5163
1.59210205078125,0.5164
1.976318359375,0.5165
2.08740234375,0.5166
1.38946533203125,0.5167
1.771240234375,0.5168
1.46820068359375,0.5169
2.00469970703125,0.517
2.27996826171875,0.5171
1.9439697265625,0.5172
1.90338134765625,0.5173
1.60675048828125,0.5174
2.12371826171875,0.5175
1.810302734375,0.5176
2.13531494140625,0.5177
2.2943115234375,0.5178
1.92840576171875,0.5179
1.90521240234375,0.518
1.148681640625,0.5181
1.9061279296875,0.5182
1.868896484375,0.5183
1.7816162109375,0.5184
1.93572998046875,0.5185
1.92169189453125,0.5186
1.90032958984375,0.5187
1.6162109375,0.5188
1.73187255859375,0.5189
2.139892578125,0.519
2.12738037109375,0.5191
1.7816162109375,0.5192
1.68548583984375,0.5193
1.85882568359375,0.5194
1.97723388671875,0.5195
1.6033935546875,0.5196
1.624755859375,0.5197
1.756591796875,0.5198
1.46759033203125,0.5199
1.61163330078125,0.52
1.953125,0.5201
2.14874267578125,0.5202
2.26165771484375,0.5203
1.9537353515625,0.5204
1.556396484375,0.5205
1.74652099609375,0.5206
1.9384765625,0.5207
1.8328857421875,0.5208
1.8389892578125,0.5209
1.64398193359375,0.521
1.85638427734375,0.5211
1.4715576171875,0.5212
1.66046142578125,0.5213
1.67938232421875,0.5214
2.18658447265625,0.5215
1.99615478515625,0.5216
1.268310546875,0.5217
1.815185546875,0.5218
1.915283203125,0.5219
1.97845458984375,0.522
1.6424560546875,0.5221
2.15240478515625,0.5222
2.13226318359375,0.5223
1.59332275390625,0.5224
1.6412353515625,0.5225
1.551513671875,0.5226
2.236328125,0.5227
1.7633056640625,0.5228
1.71630859375,0.5229
1.73126220703125,0.523
1.70440673828125,0.5231
1.82464599609375,0.5232
1.77490234375,0.5233
1.90093994140625,0.5234
1.96563720703125,0.5235
2.01751708984375,0.5236
2.02392578125,0.5237
1.702880859375,0.5238
2.28179931640625,0.5239
1.84112548828125,0.524
1.678466796875,0.5241
2.00103759765625,0.5242
1.8011474609375,0.5243
2.0245361328125,0.5244
1.84722900390625,0.5245
1.7767333984375,0.5246
2.30804443359375,0.5246999999999999
2.08465576171875,0.5248
2.18658447265625,0.5249
1.66534423828125,0.525
2.08526611328125,0.5251
2.3199462890625,0.5252000000000001
1.8426513671875,0.5253000000000001
2.07916259765625,0.5254000000000001
1.93023681640625,0.5255000000000001
2.1160888671875,0.5256000000000001
1.99127197265625,0.5257000000000001
1.8304443359375,0.5258
2.32818603515625,0.5259
1.89605712890625,0.526
2.1282958984375,0.5261
2.164306640625,0.5262
2.3004150390625,0.5263000000000001
2.40570068359375,0.5264000000000001
1.87774658203125,0.5265000000000001
2.05780029296875,0.5266000000000001
2.2528076171875,0.5267000000000001
2.25799560546875,0.5268
2.0562744140625,0.5269
2.43560791015625,0.527
2.528076171875,0.5271
2.28912353515625,0.5272
2.259521484375,0.5273000000000001
2.16217041015625,0.5274000000000001
1.7596435546875,0.5275000000000001
2.39166259765625,0.5276000000000001
1.95343017578125,0.5277000000000001
2.3492431640625,0.5278
2.17529296875,0.5279
2.122802734375,0.528
2.012939453125,0.5281
1.6204833984375,0.5282
2.31597900390625,0.5283000000000001
2.42828369140625,0.5284000000000001
2.51800537109375,0.5285000000000001
2.2589111328125,0.5286000000000001
1.98699951171875,0.5287000000000001
2.52716064453125,0.5288
2.11822509765625,0.5289
2.29583740234375,0.529
2.3199462890625,0.5291
2.17437744140625,0.5292
2.1551513671875,0.5293000000000001
1.80694580078125,0.5294000000000001
2.254638671875,0.5295000000000001
2.0751953125,0.5296000000000001
2.00927734375,0.5297000000000001
2.17376708984375,0.5298
1.849365234375,0.5299
1.96014404296875,0.53
2.06329345703125,0.5301
2.35687255859375,0.5302
2.1337890625,0.5303000000000001
2.28118896484375,0.5304000000000001
2.0660400390625,0.5305000000000001
1.7315673828125,0.5306000000000001
2.01019287109375,0.5307000000000001
2.1923828125,0.5308
2.42919921875,0.5309
2.1563720703125,0.531
2.1929931640625,0.5311
1.89788818359375,0.5312
2.1990966796875,0.5313000000000001
2.1685791015625,0.5314000000000001
2.19024658203125,0.5315000000000001
2.40631103515625,0.5316000000000001
2.457275390625,0.5317000000000001
1.7376708984375,0.5318
2.03094482421875,0.5319
2.12554931640625,0.532
2.39532470703125,0.5321
2.42340087890625,0.5322
2.17010498046875,0.5323000000000001
2.459716796875,0.5324000000000001
2.327880859375,0.5325000000000001
2.11822509765625,0.5326000000000001
1.70745849609375,0.5327000000000001
2.06878662109375,0.5328
2.18048095703125,0.5329
2.50213623046875,0.533
2.21954345703125,0.5331
1.99981689453125,0.5332
2.29461669921875,0.5333000000000001
1.73797607421875,0.5334000000000001
2.0806884765625,0.5335000000000001
2.313232421875,0.5336000000000001
2.92083740234375,0.5337000000000001
2.6318359375,0.5338
2.07733154296875,0.5339
2.27386474609375,0.534
1.83868408203125,0.5341
2.191162109375,0.5342
2.03125,0.5343000000000001
2.2015380859375,0.5344000000000001
2.67730712890625,0.5345000000000001
1.99951171875,0.5346000000000001
2.03460693359375,0.5347000000000001
2.052001953125,0.5348
2.2552490234375,0.5349
2.77496337890625,0.535
2.44354248046875,0.5351
1.93328857421875,0.5352
2.24365234375,0.5353000000000001
2.3223876953125,0.5354000000000001
2.1112060546875,0.5355000000000001
1.9879150390625,0.5356000000000001
2.63275146484375,0.5357000000000001
2.15301513671875,0.5358
1.82342529296875,0.5359
1.9061279296875,0.536
2.0965576171875,0.5361
2.25982666015625,0.5362
2.38006591796875,0.5363
2.314453125,0.5364000000000001
2.366943359375,0.5365000000000001
2.47314453125,0.5366000000000001
2.1673583984375,0.5367000000000001
1.80694580078125,0.5368
2.2589111328125,0.5369
2.14569091796875,0.537
2.27081298828125,0.5371
2.28057861328125,0.5372
1.7706298828125,0.5373000000000001
2.3089599609375,0.5374000000000001
1.7083740234375,0.5375000000000001
1.78680419921875,0.5376000000000001
2.425537109375,0.5377000000000001
2.35076904296875,0.5378000000000001
2.2369384765625,0.5379
2.33489990234375,0.538
2.060546875,0.5381
2.48504638671875,0.5382
1.8426513671875,0.5383
2.122802734375,0.5384000000000001
2.197265625,0.5385000000000001
2.42828369140625,0.5386000000000001
2.01263427734375,0.5387000000000001
1.85333251953125,0.5388000000000001
2.43133544921875,0.5389
2.09564208984375,0.539
2.29705810546875,0.5391
2.35076904296875,0.5392
1.64947509765625,0.5393
2.174072265625,0.5394000000000001
2.0440673828125,0.5395000000000001
2.286376953125,0.5396000000000001
2.0025634765625,0.5397000000000001
2.5030517578125,0.5398000000000001
1.8634033203125,0.5399
1.82586669921875,0.54
2.1624755859375,0.5401
2.20550537109375,0.5402
2.618408203125,0.5403
2.21588134765625,0.5404000000000001
1.65008544921875,0.5405000000000001
2.26898193359375,0.5406000000000001
2.061767578125,0.5407000000000001
2.17620849609375,0.5408000000000001
2.37548828125,0.5409
2.13348388671875,0.541
2.1075439453125,0.5411
1.53350830078125,0.5412
1.98760986328125,0.5413
2.3779296875,0.5414000000000001
2.84515380859375,0.5415000000000001
2.4322509765625,0.5416000000000001
1.66168212890625,0.5417000000000001
2.220458984375,0.5418000000000001
1.737060546875,0.5419
2.1868896484375,0.542
2.41729736328125,0.5421
2.1612548828125,0.5422
2.19818115234375,0.5423
1.93328857421875,0.5424000000000001
1.83349609375,0.5425000000000001
2.2613525390625,0.5426000000000001
2.4261474609375,0.5427000000000001
2.39044189453125,0.5428000000000001
2.22320556640625,0.5429
2.152099609375,0.543
2.2613525390625,0.5431
2.1466064453125,0.5432
2.34619140625,0.5433
2.4017333984375,0.5434000000000001
2.261962890625,0.5435000000000001
1.76513671875,0.5436000000000001
1.91131591796875,0.5437000000000001
2.5775146484375,0.5438000000000001
2.18841552734375,0.5439
2.37274169921875,0.544
2.286376953125,0.5441
2.0355224609375,0.5442
2.11456298828125,0.5443
2.08404541015625,0.5444000000000001
2.21771240234375,0.5445000000000001
2.07244873046875,0.5446000000000001
2.366943359375,0.5447000000000001
1.92047119140625,0.5448000000000001
2.07550048828125,0.5449
2.47039794921875,0.545
2.5103759765625,0.5451
2.4005126953125,0.5452
1.87103271484375,0.5453
1.87469482421875,0.5454000000000001
2.1722412109375,0.5455000000000001
2.02056884765625,0.5456000000000001
2.33551025390625,0.5457000000000001
2.33062744140625,0.5458000000000001
2.09716796875,0.5459
1.8231201171875,0.546
1.737060546875,0.5461
2.25738525390625,0.5462
2.24884033203125,0.5463
2.49053955078125,0.5464000000000001
2.17132568359375,0.5465000000000001
2.22412109375,0.5466000000000001
1.9903564453125,0.5467000000000001
1.89697265625,0.5468000000000001
2.22503662109375,0.5469
2.10174560546875,0.547
1.84478759765625,0.5471
2.0037841796875,0.5472
1.90887451171875,0.5473
1.8304443359375,0.5474000000000001
2.0794677734375,0.5475000000000001
2.24517822265625,0.5476000000000001
1.9561767578125,0.5477000000000001
2.29339599609375,0.5478000000000001
2.02606201171875,0.5479
2.01812744140625,0.548
2.59490966796875,0.5481
2.02484130859375,0.5482
2.22808837890625,0.5483
1.76666259765625,0.5484000000000001
1.67694091796875,0.5485000000000001
2.1051025390625,0.5486000000000001
2.13592529296875,0.5487000000000001
1.92962646484375,0.5488000000000001
1.73980712890625,0.5489
2.41058349609375,0.549
1.744384765625,0.5491
2.16705322265625,0.5492
2.2955322265625,0.5493
1.973876953125,0.5494000000000001
2.2705078125,0.5495000000000001
1.5826416015625,0.5496000000000001
1.715087890625,0.5497000000000001
2.45941162109375,0.5498000000000001
2.449951171875,0.5499
2.1575927734375,0.55
2.1624755859375,0.5501
2.113037109375,0.5502
1.6827392578125,0.5503
1.845703125,0.5504
1.88629150390625,0.5505
2.26593017578125,0.5506000000000001
2.32269287109375,0.5507000000000001
1.78070068359375,0.5508000000000001
1.959228515625,0.5509000000000001
2.29888916015625,0.551
2.2259521484375,0.5511
2.40325927734375,0.5512
2.04254150390625,0.5513
2.28515625,0.5514
1.98028564453125,0.5515
2.22747802734375,0.5516000000000001
2.15240478515625,0.5517000000000001
2.0379638671875,0.5518000000000001
2.66021728515625,0.5519000000000001
1.67236328125,0.552
1.9952392578125,0.5521
2.12432861328125,0.5522
1.73431396484375,0.5523
2.44781494140625,0.5524
2.18292236328125,0.5525
2.2088623046875,0.5526000000000001
2.3681640625,0.5527000000000001
2.14447021484375,0.5528000000000001
2.0672607421875,0.5529000000000001
2.2979736328125,0.553
2.40997314453125,0.5531
1.84783935546875,0.5532
2.022705078125,0.5533
2.02606201171875,0.5534
1.82037353515625,0.5535
2.1075439453125,0.5536000000000001
1.90948486328125,0.5537000000000001
2.171630859375,0.5538000000000001
2.38677978515625,0.5539000000000001
1.873779296875,0.554
2.12066650390625,0.5541
2.3779296875,0.5542
2.25738525390625,0.5543
1.9287109375,0.5544
2.379150390625,0.5545
1.96441650390625,0.5546000000000001
1.88140869140625,0.5547000000000001
2.061767578125,0.5548000000000001
1.98822021484375,0.5549000000000001
2.25067138671875,0.555
2.6702880859375,0.5551
1.8841552734375,0.5552
2.01416015625,0.5553
1.69036865234375,0.5554
1.82098388671875,0.5555
2.04254150390625,0.5556000000000001
1.8865966796875,0.5557000000000001
2.46856689453125,0.5558000000000001
2.19573974609375,0.5559000000000001
1.75933837890625,0.556
1.5087890625,0.5561
1.74530029296875,0.5562
2.4127197265625,0.5563
2.2705078125,0.5564
2.16796875,0.5565
1.71142578125,0.5566000000000001
1.9195556640625,0.5567000000000001
2.1624755859375,0.5568000000000001
1.5283203125,0.5569000000000001
2.01324462890625,0.557
1.9940185546875,0.5571
1.737060546875,0.5572
1.6021728515625,0.5573
1.663818359375,0.5574
2.1710205078125,0.5575
1.89910888671875,0.5576000000000001
1.97845458984375,0.5577000000000001
1.7572021484375,0.5578000000000001
1.7852783203125,0.5579000000000001
1.7767333984375,0.558
1.50054931640625,0.5581
1.88995361328125,0.5582
1.55364990234375,0.5583
1.644287109375,0.5584
1.31561279296875,0.5585
1.56707763671875,0.5586000000000001
1.6485595703125,0.5587000000000001
1.70196533203125,0.5588000000000001
1.5411376953125,0.5589000000000001
1.71051025390625,0.559
1.75537109375,0.5591
1.48345947265625,0.5592
1.444091796875,0.5593
1.64459228515625,0.5594
1.539306640625,0.5595
1.689453125,0.5596000000000001
1.3128662109375,0.5597000000000001
1.03118896484375,0.5598000000000001
1.64764404296875,0.5599000000000001
1.39434814453125,0.56
1.2701416015625,0.5601
1.85302734375,0.5602
1.66229248046875,0.5603
1.44927978515625,0.5604
1.31500244140625,0.5605
1.046142578125,0.5606000000000001
1.4923095703125,0.5607000000000001
1.90948486328125,0.5608000000000001
1.18499755859375,0.5609000000000001
1.48712158203125,0.561
1.74285888671875,0.5611
1.3519287109375,0.5612
1.12274169921875,0.5613
0.9979248046875,0.5614
1.54388427734375,0.5615
1.59820556640625,0.5616000000000001
1.5997314453125,0.5617000000000001
1.08551025390625,0.5618000000000001
1.23260498046875,0.5619000000000001
1.56646728515625,0.562
1.0943603515625,0.5621
1.51275634765625,0.5622
1.65496826171875,0.5623
1.46514892578125,0.5624
1.61346435546875,0.5625
1.32843017578125,0.5626
1.41815185546875,0.5627000000000001
1.51702880859375,0.5628000000000001
1.66534423828125,0.5629000000000001
1.56982421875,0.5630000000000001
1.45721435546875,0.5631
1.4752197265625,0.5632
1.318359375,0.5633
1.39617919921875,0.5634
1.52191162109375,0.5635
1.705322265625,0.5636000000000001
1.7047119140625,0.5637000000000001
1.1004638671875,0.5638000000000001
1.23870849609375,0.5639000000000001
1.77520751953125,0.5640000000000001
1.3006591796875,0.5641
1.5118408203125,0.5642
1.5997314453125,0.5643
1.6864013671875,0.5644
1.25,0.5645
1.243896484375,0.5646
1.28936767578125,0.5647000000000001
1.2286376953125,0.5648000000000001
1.80633544921875,0.5649000000000001
1.15264892578125,0.5650000000000001
1.38885498046875,0.5651
1.73126220703125,0.5652
0.9857177734375,0.5653
1.5093994140625,0.5654
1.69219970703125,0.5655
1.3568115234375,0.5656
1.50299072265625,0.5657000000000001
1.3348388671875,0.5658000000000001
1.69921875,0.5659000000000001
1.55670166015625,0.5660000000000001
1.4337158203125,0.5661
1.2274169921875,0.5662
1.2139892578125,0.5663
1.62841796875,0.5664
1.30706787109375,0.5665
1.52191162109375,0.5666
1.21490478515625,0.5667000000000001
1.192626953125,0.5668000000000001
1.85302734375,0.5669000000000001
1.05438232421875,0.5670000000000001
1.468505859375,0.5671
1.5594482421875,0.5672
1.53564453125,0.5673
1.54876708984375,0.5674
1.33544921875,0.5675
1.78314208984375,0.5676
1.318359375,0.5677000000000001
1.3916015625,0.5678000000000001
1.14776611328125,0.5679000000000001
1.55517578125,0.5680000000000001
1.82464599609375,0.5681
1.2109375,0.5682
1.36016845703125,0.5683
1.5411376953125,0.5684
1.5692138671875,0.5685
1.6204833984375,0.5686
1.6265869140625,0.5687000000000001
2.099609375,0.5688000000000001
1.63482666015625,0.5689000000000001
1.693115234375,0.5690000000000001
1.40869140625,0.5691
1.40960693359375,0.5692
2.1282958984375,0.5693
1.96868896484375,0.5694
1.73309326171875,0.5695
1.5728759765625,0.5696
1.18865966796875,0.5697000000000001
1.70013427734375,0.5698000000000001
1.74468994140625,0.5699000000000001
1.78192138671875,0.5700000000000001
2.1368408203125,0.5701
1.69525146484375,0.5702
1.8682861328125,0.5703
1.77337646484375,0.5704
2.14263916015625,0.5705
2.3162841796875,0.5706
2.08770751953125,0.5707000000000001
2.26898193359375,0.5708000000000001
1.839599609375,0.5709000000000001
2.073974609375,0.5710000000000001
1.87774658203125,0.5711
2.27386474609375,0.5712
2.3870849609375,0.5713
1.9268798828125,0.5714
1.72882080078125,0.5715
2.06573486328125,0.5716
2.393798828125,0.5717000000000001
2.40936279296875,0.5718000000000001
2.13287353515625,0.5719000000000001
2.437744140625,0.5720000000000001
2.06573486328125,0.5721
1.78955078125,0.5722
2.33154296875,0.5723
2.2021484375,0.5724
2.49481201171875,0.5725
2.1575927734375,0.5726
1.89605712890625,0.5727000000000001
2.0062255859375,0.5728000000000001
2.51373291015625,0.5729000000000001
2.535400390625,0.5730000000000001
2.15545654296875,0.5731
2.48443603515625,0.5732
2.0391845703125,0.5733
2.31353759765625,0.5734
2.53173828125,0.5735
1.95648193359375,0.5736
2.8729248046875,0.5737000000000001
2.0965576171875,0.5738000000000001
2.235107421875,0.5739000000000001
2.1185302734375,0.5740000000000001
1.99310302734375,0.5741
2.4969482421875,0.5742
2.51953125,0.5743
2.35107421875,0.5744
2.3785400390625,0.5745
1.82373046875,0.5746
2.12799072265625,0.5747
1.9085693359375,0.5748000000000001
2.29522705078125,0.5749000000000001
2.39837646484375,0.5750000000000001
2.147216796875,0.5751000000000001
2.3455810546875,0.5752000000000002
2.15057373046875,0.5753000000000001
2.0928955078125,0.5754000000000001
1.89697265625,0.5755000000000001
2.33154296875,0.5756000000000001
2.4603271484375,0.5757000000000001
2.16033935546875,0.5758000000000001
2.14752197265625,0.5759000000000001
2.02880859375,0.5760000000000001
2.24700927734375,0.5761000000000001
1.8560791015625,0.5762
2.26104736328125,0.5763000000000001
2.169189453125,0.5764000000000001
1.96380615234375,0.5765000000000001
1.890869140625,0.5766000000000001
1.81884765625,0.5767000000000001
2.0745849609375,0.5768000000000001
1.72027587890625,0.5769000000000001
2.5146484375,0.5770000000000001
2.3663330078125,0.5771000000000001
2.19268798828125,0.5772
1.81793212890625,0.5773000000000001
1.82769775390625,0.5774000000000001
1.962890625,0.5775000000000001
1.9598388671875,0.5776000000000001
2.06268310546875,0.5777000000000001
2.01995849609375,0.5778000000000001
1.8914794921875,0.5779000000000001
1.73095703125,0.5780000000000001
1.74102783203125,0.5781000000000001
2.3651123046875,0.5782
1.85577392578125,0.5783000000000001
2.21588134765625,0.5784000000000001
1.62506103515625,0.5785000000000001
2.11639404296875,0.5786000000000001
2.20977783203125,0.5787000000000001
2.0025634765625,0.5788000000000001
2.200927734375,0.5789000000000001
2.17376708984375,0.5790000000000001
1.8829345703125,0.5791000000000001
1.79534912109375,0.5792
1.954345703125,0.5793000000000001
2.45086669921875,0.5794000000000001
1.971435546875,0.5795000000000001
1.93878173828125,0.5796000000000001
1.802978515625,0.5797000000000001
1.7047119140625,0.5798000000000001
2.33734130859375,0.5799000000000001
2.0440673828125,0.5800000000000001
2.42462158203125,0.5801000000000001
2.2314453125,0.5802
2.16064453125,0.5803000000000001
2.29827880859375,0.5804000000000001
1.95953369140625,0.5805000000000001
2.59735107421875,0.5806000000000001
2.85797119140625,0.5807000000000001
2.40936279296875,0.5808000000000001
2.451171875,0.5809000000000001
1.88232421875,0.5810000000000001
2.57843017578125,0.5811000000000001
2.2576904296875,0.5812
2.51739501953125,0.5813000000000001
2.7703857421875,0.5814000000000001
2.38922119140625,0.5815000000000001
2.6116943359375,0.5816000000000001
2.38800048828125,0.5817000000000001
2.57904052734375,0.5818000000000001
2.6287841796875,0.5819000000000001
3.0865478515625,0.5820000000000001
2.95684814453125,0.5821000000000001
2.7362060546875,0.5822
2.794189453125,0.5823000000000002
2.55950927734375,0.5824000000000001
2.7728271484375,0.5825000000000001
2.86773681640625,0.5826000000000001
2.83905029296875,0.5827000000000001
3.267822265625,0.5828000000000001
2.47467041015625,0.5829000000000001
2.5543212890625,0.5830000000000001
2.94708251953125,0.5831000000000001
2.72247314453125,0.5832
3.370361328125,0.5833000000000002
2.977294921875,0.5834000000000001
3.09600830078125,0.5835000000000001
2.8729248046875,0.5836000000000001
2.52685546875,0.5837000000000001
3.14697265625,0.5838000000000001
3.05419921875,0.5839000000000001
3.4356689453125,0.5840000000000001
2.91412353515625,0.5841000000000001
2.48687744140625,0.5842
2.47100830078125,0.5843000000000002
2.3211669921875,0.5844000000000001
2.828369140625,0.5845000000000001
2.48046875,0.5846000000000001
2.772216796875,0.5847000000000001
2.67547607421875,0.5848000000000001
2.39990234375,0.5849000000000001
2.3553466796875,0.5850000000000001
2.4237060546875,0.5851000000000001
2.81463623046875,0.5852
2.31658935546875,0.5853000000000002
2.353515625,0.5854000000000001
2.2125244140625,0.5855000000000001
1.773681640625,0.5856000000000001
2.20794677734375,0.5857000000000001
2.13897705078125,0.5858000000000001
1.53045654296875,0.5859000000000001
1.947021484375,0.5860000000000001
1.93603515625,0.5861000000000001
1.89056396484375,0.5862
1.72119140625,0.5863
2.0135498046875,0.5864000000000001
2.0538330078125,0.5865000000000001
1.6546630859375,0.5866000000000001
1.70013427734375,0.5867000000000001
1.099853515625,0.5868000000000001
1.79290771484375,0.5869000000000001
1.25518798828125,0.5870000000000001
1.3714599609375,0.5871000000000001
1.72271728515625,0.5872
1.21673583984375,0.5873000000000002
1.42852783203125,0.5874000000000001
1.2060546875,0.5875000000000001
1.1175537109375,0.5876000000000001
1.10870361328125,0.5877000000000001
1.3616943359375,0.5878000000000001
0.9796142578125,0.5879000000000001
1.3134765625,0.5880000000000001
1.4056396484375,0.5881000000000001
0.93902587890625,0.5882000000000001
0.96588134765625,0.5883
0.79254150390625,0.5884000000000001
0.8709716796875,0.5885000000000001
0.9271240234375,0.5886000000000001
1.1419677734375,0.5887000000000001
0.73760986328125,0.5888000000000001
0.90545654296875,0.5889000000000001
0.9625244140625,0.5890000000000001
0.80810546875,0.5891000000000001
0.88836669921875,0.5892000000000001
1.08367919921875,0.5893
0.936279296875,0.5894000000000001
1.15142822265625,0.5895000000000001
0.701904296875,0.5896000000000001
0.83770751953125,0.5897000000000001
1.26129150390625,0.5898000000000001
1.1309814453125,0.5899000000000001
0.77606201171875,0.5900000000000001
1.15997314453125,0.5901000000000001
0.9619140625,0.5902000000000001
0.60638427734375,0.5903
0.74310302734375,0.5904000000000001
1.08978271484375,0.5905000000000001
1.15325927734375,0.5906000000000001
1.1163330078125,0.5907000000000001
0.6671142578125,0.5908000000000001
0.94268798828125,0.5909000000000001
1.44012451171875,0.5910000000000001
1.16363525390625,0.5911000000000001
1.21124267578125,0.5912000000000001
1.19842529296875,0.5913
1.04705810546875,0.5914000000000001
0.8203125,0.5915000000000001
1.34552001953125,0.5916000000000001
1.414794921875,0.5917000000000001
1.2713623046875,0.5918000000000001
1.46026611328125,0.5919000000000001
0.78948974609375,0.5920000000000001
1.181640625,0.5921000000000001
1.58172607421875,0.5922000000000001
1.45233154296875,0.5923
1.7657470703125,0.5924000000000001
1.5924072265625,0.5925000000000001
1.553955078125,0.5926000000000001
1.53167724609375,0.5927000000000001
1.45477294921875,0.5928000000000001
1.4471435546875,0.5929000000000001
1.964111328125,0.5930000000000001
1.73980712890625,0.5931000000000001
1.29547119140625,0.5932000000000001
1.383056640625,0.5933
1.673583984375,0.5934000000000001
1.9207763671875,0.5935000000000001
1.964111328125,0.5936000000000001
1.38275146484375,0.5937000000000001
2.02484130859375,0.5938000000000001
2.109375,0.5939000000000001
1.67572021484375,0.5940000000000001
2.022705078125,0.5941000000000001
2.37884521484375,0.5942000000000001
2.15484619140625,0.5943
1.74346923828125,0.5944000000000002
1.75933837890625,0.5945000000000001
1.50848388671875,0.5946000000000001
1.88629150390625,0.5947000000000001
2.105712890625,0.5948000000000001
1.91558837890625,0.5949000000000001
2.391357421875,0.5950000000000001
2.21435546875,0.5951000000000001
1.75018310546875,0.5952000000000001
1.81793212890625,0.5953
1.5545654296875,0.5954000000000002
2.01751708984375,0.5955000000000001
2.35626220703125,0.5956000000000001
2.05474853515625,0.5957000000000001
2.17437744140625,0.5958000000000001
1.74224853515625,0.5959000000000001
1.80908203125,0.5960000000000001
1.4697265625,0.5961000000000001
1.78558349609375,0.5962000000000001
2.381591796875,0.5963
1.97998046875,0.5964000000000002
1.8218994140625,0.5965000000000001
1.12701416015625,0.5966000000000001
1.4959716796875,0.5967000000000001
2.0794677734375,0.5968000000000001
1.414794921875,0.5969000000000001
1.9775390625,0.5970000000000001
1.96563720703125,0.5971000000000001
1.4959716796875,0.5972000000000001
1.58447265625,0.5973
1.51153564453125,0.5974000000000002
1.99127197265625,0.5975000000000001
1.8365478515625,0.5976000000000001
1.77947998046875,0.5977000000000001
1.138916015625,0.5978000000000001
1.2957763671875,0.5979000000000001
1.5069580078125,0.5980000000000001
0.83831787109375,0.5981000000000001
1.8328857421875,0.5982000000000001
1.08856201171875,0.5983
1.31134033203125,0.5984000000000002
0.99212646484375,0.5985000000000001
0.8563232421875,0.5986000000000001
1.259765625,0.5987000000000001
1.229248046875,0.5988000000000001
1.3311767578125,0.5989000000000001
0.760498046875,0.5990000000000001
0.980224609375,0.5991000000000001
0.99365234375,0.5992000000000001
0.9283447265625,0.5993
1.04705810546875,0.5994000000000002
0.55999755859375,0.5995000000000001
0.93902587890625,0.5996000000000001
0.5755615234375,0.5997000000000001
0.45013427734375,0.5998000000000001
0.914306640625,0.5999000000000001
0.928955078125,0.6
0.85968017578125,0.6001
0.65032958984375,0.6002
0.4266357421875,0.6003
0.430908203125,0.6003999999999999
0.41168212890625,0.6004999999999999
0.60333251953125,0.6006
0.428466796875,0.6007
0.3961181640625,0.6008
0.4302978515625,0.6009
0.45867919921875,0.601
0.4168701171875,0.6011
0.426025390625,0.6012
0.3924560546875,0.6013
0.3765869140625,0.6013999999999999
0.3887939453125,0.6014999999999999
0.36224365234375,0.6016
0.369873046875,0.6017
0.39093017578125,0.6018
0.26519775390625,0.6019
0.38482666015625,0.602
0.2142333984375,0.6021
0.10467529296875,0.6022
0.3106689453125,0.6023
0.10894775390625,0.6023999999999999
0.372314453125,0.6024999999999999
0.17913818359375,0.6026
0.08941650390625,0.6027
0.244140625,0.6028
0.30975341796875,0.6029
0.3338623046875,0.603
0.29266357421875,0.6031
0.362548828125,0.6032
0.169677734375,0.6033
-0.04669189453125,0.6033999999999999
0.086669921875,0.6034999999999999
0.38299560546875,0.6036
0.30975341796875,0.6037
0.15777587890625,0.6038
0.013427734375,0.6039
0.30364990234375,0.604
0.2862548828125,0.6041
0.2911376953125,0.6042
0.4058837890625,0.6043
0.35247802734375,0.6043999999999999
0.357666015625,0.6044999999999999
-0.025634765625,0.6046
0.38238525390625,0.6047
0.3533935546875,0.6048
0.3875732421875,0.6049
0.38970947265625,0.605
0.369873046875,0.6051
0.42327880859375,0.6052
0.40985107421875,0.6053
0.44708251953125,0.6053999999999999
0.42388916015625,0.6054999999999999
0.592041015625,0.6056
0.41351318359375,0.6057
0.43701171875,0.6058
0.4071044921875,0.6059
0.55267333984375,0.606
0.81512451171875,0.6061
0.40985107421875,0.6062
0.86578369140625,0.6063
0.4840087890625,0.6063999999999999
0.89935302734375,0.6064999999999999
0.8203125,0.6066
0.74554443359375,0.6067
0.897216796875,0.6068
1.0888671875,0.6069
0.7672119140625,0.607
0.78857421875,0.6071
0.55694580078125,0.6072
0.82305908203125,0.6073
1.19842529296875,0.6073999999999999
0.7464599609375,0.6074999999999999
1.11602783203125,0.6076
0.8782958984375,0.6077
0.906982421875,0.6078
0.79345703125,0.6079
0.8294677734375,0.608
0.90972900390625,0.6081
0.6549072265625,0.6082
1.07879638671875,0.6083
0.73028564453125,0.6083999999999999
0.9185791015625,0.6084999999999999
1.12701416015625,0.6086
1.01806640625,0.6087
0.9637451171875,0.6088
0.87493896484375,0.6089
1.1212158203125,0.609
0.88775634765625,0.6091
1.085205078125,0.6092
1.1102294921875,0.6093
0.71685791015625,0.6093999999999999
0.86273193359375,0.6094999999999999
0.4150390625,0.6096
0.86181640625,0.6097
1.02752685546875,0.6098
0.68359375,0.6099
0.99212646484375,0.61
0.57159423828125,0.6101
0.70709228515625,0.6102
0.6597900390625,0.6103
0.7177734375,0.6103999999999999
0.94329833984375,0.6104999999999999
0.58563232421875,0.6106
0.5145263671875,0.6107
0.44219970703125,0.6108
0.579833984375,0.6109
0.4095458984375,0.611
0.4443359375,0.6111
0.44097900390625,0.6112
0.43182373046875,0.6113
0.423583984375,0.6113999999999999
0.4156494140625,0.6114999999999999
0.364990234375,0.6116
0.37750244140625,0.6117
0.11383056640625,0.6118
0.2911376953125,0.6119
0.1220703125,0.612
0.20721435546875,0.6121
0.2435302734375,0.6122
0.1776123046875,0.6123
0.0872802734375,0.6123999999999999
-0.33050537109375,0.6124999999999999
-0.22491455078125,0.6126
-0.020751953125,0.6127
-0.068359375,0.6128
0.17974853515625,0.6129
-0.3961181640625,0.613
-0.16693115234375,0.6131
-0.350341796875,0.6132
-0.1629638671875,0.6133
0.15899658203125,0.6134
-0.20111083984375,0.6134999999999999
-0.4473876953125,0.6135999999999999
-0.4888916015625,0.6137
-0.44281005859375,0.6138
-0.36590576171875,0.6139
-0.4852294921875,0.614
-0.23895263671875,0.6141
-0.71868896484375,0.6142
-0.66986083984375,0.6143
-0.50201416015625,0.6144
-0.635986328125,0.6144999999999999
-0.255126953125,0.6145999999999999
-0.48492431640625,0.6147
-0.711669921875,0.6148
-0.8319091796875,0.6149
-0.95428466796875,0.615
-0.59600830078125,0.6151
-0.706787109375,0.6152
-0.69366455078125,0.6153
-0.82794189453125,0.6154
-1.09375,0.6154999999999999
-0.904541015625,0.6155999999999999
-1.2969970703125,0.6157
-0.79833984375,0.6158
-0.845947265625,0.6159
-1.07177734375,0.616
-0.86700439453125,0.6161
-1.22314453125,0.6162
-0.96710205078125,0.6163
-0.736083984375,0.6164
-0.97198486328125,0.6164999999999999
-0.924072265625,0.6165999999999999
-1.01348876953125,0.6167
-0.8758544921875,0.6168
-1.1065673828125,0.6169
-0.96466064453125,0.617
-1.02935791015625,0.6171
-1.0009765625,0.6172
-1.2615966796875,0.6173
-1.23931884765625,0.6174
-0.78399658203125,0.6174999999999999
-0.8660888671875,0.6175999999999999
-1.22833251953125,0.6177
-1.0516357421875,0.6178
-1.4691162109375,0.6179
-1.1798095703125,0.618
-0.963134765625,0.6181
-1.07025146484375,0.6182
-0.87249755859375,0.6183
-1.33819580078125,0.6184
-0.87615966796875,0.6184999999999999
-1.23138427734375,0.6185999999999999
-0.84747314453125,0.6187
-0.89111328125,0.6188
-1.007080078125,0.6189
-1.090087890625,0.619
-1.49871826171875,0.6191
-0.791015625,0.6192
-1.05438232421875,0.6193
-0.78125,0.6194
-0.94635009765625,0.6194999999999999
-1.03973388671875,0.6195999999999999
-0.88134765625,0.6197
-0.977783203125,0.6198
-1.0302734375,0.6199
-0.8990478515625,0.62
-0.71746826171875,0.6201
-0.91400146484375,0.6202
-1.07269287109375,0.6203
-0.85418701171875,0.6204
-0.50872802734375,0.6204999999999999
-0.6036376953125,0.6205999999999999
-0.7568359375,0.6207
-0.6793212890625,0.6208
-0.49560546875,0.6209
-0.28289794921875,0.621
-0.61248779296875,0.6211
-0.67535400390625,0.6212
-0.87005615234375,0.6213
-0.6646728515625,0.6214
-0.37750244140625,0.6214999999999999
-0.53558349609375,0.6215999999999999
-0.25726318359375,0.6217
-0.0830078125,0.6218
-0.3765869140625,0.6219
-0.42205810546875,0.622
0.10894775390625,0.6221
0.101318359375,0.6222
-0.09063720703125,0.6223
-0.2984619140625,0.6224
-0.2001953125,0.6224999999999999
-0.264892578125,0.6225999999999999
0.00762939453125,0.6227
0.12176513671875,0.6228
0.12054443359375,0.6229
0.26214599609375,0.623
-0.0994873046875,0.6231
0.27557373046875,0.6232
0.396728515625,0.6233
0.35675048828125,0.6234
0.3631591796875,0.6234999999999999
0.3875732421875,0.6235999999999999
0.42205810546875,0.6237
0.4052734375,0.6238
0.42144775390625,0.6239
0.42388916015625,0.624
0.42633056640625,0.6241
0.81390380859375,0.6242
0.467529296875,0.6243
0.62896728515625,0.6244
0.657958984375,0.6244999999999999
0.73394775390625,0.6245999999999999
0.943603515625,0.6247
0.48736572265625,0.6248
0.64971923828125,0.6249
0.897216796875,0.6249999999999999
1.08612060546875,0.6250999999999999
1.05316162109375,0.6252
1.141357421875,0.6253
0.97137451171875,0.6254
1.17645263671875,0.6255
0.8062744140625,0.6255999999999999
1.07177734375,0.6256999999999999
1.474609375,0.6257999999999999
1.52740478515625,0.6258999999999999
0.9515380859375,0.6259999999999999
0.81756591796875,0.6260999999999999
1.4361572265625,0.6261999999999999
1.09466552734375,0.6263
1.43768310546875,0.6264
1.52008056640625,0.6265
1.27960205078125,0.6265999999999999
1.42120361328125,0.6266999999999999
0.960693359375,0.6267999999999999
1.48193359375,0.6268999999999999
1.59423828125,0.6269999999999999
1.44317626953125,0.6270999999999999
1.50909423828125,0.6271999999999999
0.84564208984375,0.6273
1.07879638671875,0.6274
0.8355712890625,0.6275
1.40289306640625,0.6275999999999999
1.572265625,0.6276999999999999
0.96435546875,0.6277999999999999
1.251220703125,0.6278999999999999
0.849609375,0.6279999999999999
0.8721923828125,0.6280999999999999
1.28570556640625,0.6281999999999999
0.975341796875,0.6283
1.15264892578125,0.6284
0.87646484375,0.6285
0.85296630859375,0.6285999999999999
0.780029296875,0.6286999999999999
0.8721923828125,0.6287999999999999
0.91278076171875,0.6288999999999999
0.68115234375,0.6289999999999999
0.7574462890625,0.6290999999999999
0.44281005859375,0.6291999999999999
0.6121826171875,0.6293
0.82061767578125,0.6294
0.4168701171875,0.6295
0.5780029296875,0.6295999999999999
0.42572021484375,0.6296999999999999
0.43304443359375,0.6297999999999999
0.38330078125,0.6298999999999999
0.16632080078125,0.6299999999999999
0.335693359375,0.6300999999999999
-0.0311279296875,0.6301999999999999
0.14923095703125,0.6303
-0.23956298828125,0.6304
0.06561279296875,0.6305
0.11962890625,0.6305999999999999
-0.11383056640625,0.6306999999999999
-0.09033203125,0.6307999999999999
-0.523681640625,0.6308999999999999
-0.45196533203125,0.6309999999999999
-0.43182373046875,0.6310999999999999
-0.284423828125,0.6311999999999999
-0.02410888671875,0.6313
-0.8538818359375,0.6314
-0.59326171875,0.6315
-0.69061279296875,0.6315999999999999
-0.8160400390625,0.6316999999999999
-0.4437255859375,0.6317999999999999
-0.46661376953125,0.6318999999999999
-0.46966552734375,0.6319999999999999
-0.79864501953125,0.6320999999999999
-1.1431884765625,0.6321999999999999
-0.78826904296875,0.6323
-0.80718994140625,0.6324
-0.675048828125,0.6325
-1.06719970703125,0.6325999999999999
-1.0052490234375,0.6326999999999999
-0.9283447265625,0.6327999999999999
-0.70220947265625,0.6328999999999999
-1.01806640625,0.6329999999999999
-0.87738037109375,0.6330999999999999
-0.82244873046875,0.6331999999999999
-0.92987060546875,0.6333
-1.064453125,0.6334
-1.06231689453125,0.6335
-0.91064453125,0.6335999999999999
-0.82855224609375,0.6336999999999999
-0.9234619140625,0.6337999999999999
-1.06048583984375,0.6338999999999999
-0.96893310546875,0.6339999999999999
-1.021728515625,0.6340999999999999
-0.81329345703125,0.6341999999999999
-0.9423828125,0.6343
-1.0638427734375,0.6344
-0.88226318359375,0.6345
-0.88134765625,0.6345999999999999
-1.08245849609375,0.6346999999999999
-0.95062255859375,0.6347999999999999
-0.8074951171875,0.6348999999999999
-0.86395263671875,0.6349999999999999
-0.84503173828125,0.6350999999999999
-0.8880615234375,0.6351999999999999
-0.65399169921875,0.6353
-0.4754638671875,0.6354
-0.63262939453125,0.6355
-0.6512451171875,0.6355999999999999
-0.584716796875,0.6356999999999999
-1.0113525390625,0.6357999999999999
-0.82489013671875,0.6358999999999999
-0.6658935546875,0.6359999999999999
-0.90484619140625,0.6360999999999999
-0.484619140625,0.6361999999999999
-0.6756591796875,0.6362999999999999
-0.52215576171875,0.6364
-0.45501708984375,0.6365
-0.68939208984375,0.6365999999999999
-0.49072265625,0.6366999999999999
-0.4718017578125,0.6367999999999999
-0.52001953125,0.6368999999999999
-0.60150146484375,0.6369999999999999
-0.51361083984375,0.6370999999999999
-0.4559326171875,0.6371999999999999
-0.4742431640625,0.6373
-0.50384521484375,0.6374
-0.582275390625,0.6375
-0.4461669921875,0.6376
-0.333251953125,0.6376999999999999
-0.360107421875,0.6377999999999999
-0.4638671875,0.6378999999999999
-0.1092529296875,0.6379999999999999
-0.50201416015625,0.6380999999999999
-0.1641845703125,0.6381999999999999
-0.4388427734375,0.6382999999999999
-0.38787841796875,0.6384
0.02105712890625,0.6385
-0.284423828125,0.6386
-0.159912109375,0.6386999999999999
-0.506591796875,0.6387999999999999
-0.13580322265625,0.6388999999999999
-0.51300048828125,0.6389999999999999
-0.4437255859375,0.6390999999999999
-0.3997802734375,0.6391999999999999
-0.44921875,0.6392999999999999
-0.08270263671875,0.6394
-0.19683837890625,0.6395
-0.2459716796875,0.6396
0.21881103515625,0.6396999999999999
-0.17791748046875,0.6397999999999999
-0.35919189453125,0.6398999999999999
-0.2313232421875,0.6399999999999999
-0.302734375,0.6400999999999999
-0.030517578125,0.6401999999999999
-0.28045654296875,0.6402999999999999
-0.49346923828125,0.6404
-0.40069580078125,0.6405
-0.40435791015625,0.6406
-0.45928955078125,0.6406999999999999
-0.2850341796875,0.6407999999999999
-0.0152587890625,0.6408999999999999
-0.43792724609375,0.6409999999999999
-0.3411865234375,0.6410999999999999
-0.16937255859375,0.6411999999999999
-0.291748046875,0.6412999999999999
0.042724609375,0.6414
-0.63720703125,0.6415
-0.42938232421875,0.6416
-0.41412353515625,0.6416999999999999
-0.23529052734375,0.6417999999999999
-0.3369140625,0.6418999999999999
-0.5694580078125,0.6419999999999999
-0.14190673828125,0.6420999999999999
-0.57373046875,0.6421999999999999
-0.3448486328125,0.6422999999999999
-0.21575927734375,0.6424
-0.32867431640625,0.6425
-0.36346435546875,0.6426
-1.16546630859375,0.6426999999999999
-0.67413330078125,0.6427999999999999
-0.48919677734375,0.6428999999999999
-0.321044921875,0.6429999999999999
-0.07720947265625,0.6430999999999999
-0.819091796875,0.6431999999999999
-0.61737060546875,0.6432999999999999
-0.71319580078125,0.6434
-0.926513671875,0.6435
-0.60089111328125,0.6436
-0.478515625,0.6436999999999999
-0.6268310546875,0.6437999999999999
-1.11968994140625,0.6438999999999999
-1.32781982421875,0.6439999999999999
-1.09710693359375,0.6440999999999999
-0.7855224609375,0.6441999999999999
-0.8734130859375,0.6442999999999999
-1.20635986328125,0.6444
-1.1932373046875,0.6445
-1.19842529296875,0.6446
-1.04705810546875,0.6446999999999999
-1.20574951171875,0.6447999999999999
-1.48284912109375,0.6448999999999999
-1.201171875,0.6449999999999999
-1.30340576171875,0.6450999999999999
-1.6314697265625,0.6451999999999999
-1.56951904296875,0.6452999999999999
-1.24267578125,0.6454
-1.396484375,0.6455
-1.41845703125,0.6456
-1.8035888671875,0.6456999999999999
-1.688232421875,0.6457999999999999
-1.87286376953125,0.6458999999999999
-1.7401123046875,0.6459999999999999
-1.86248779296875,0.6460999999999999
-1.93511962890625,0.6461999999999999
-1.82220458984375,0.6462999999999999
-1.98974609375,0.6464
-2.0330810546875,0.6465
-1.702880859375,0.6466
-1.98883056640625,0.6466999999999999
-2.021484375,0.6467999999999999
-2.26043701171875,0.6468999999999999
-1.956787109375,0.6469999999999999
-2.25616455078125,0.6470999999999999
-2.04803466796875,0.6471999999999999
-1.85455322265625,0.6472999999999999
-2.2418212890625,0.6474
-2.01690673828125,0.6475
-2.32818603515625,0.6476
-2.02239990234375,0.6476999999999999
-1.81640625,0.6477999999999999
-2.2222900390625,0.6478999999999999
-1.87896728515625,0.6479999999999999
-2.0745849609375,0.6480999999999999
-1.7608642578125,0.6481999999999999
-1.89727783203125,0.6482999999999999
-1.86798095703125,0.6484
-1.6943359375,0.6485
-1.6070556640625,0.6486
-1.67724609375,0.6486999999999999
-1.69586181640625,0.6487999999999999
-1.5478515625,0.6488999999999999
-1.33575439453125,0.6489999999999999
-1.50543212890625,0.6490999999999999
-1.3226318359375,0.6491999999999999
-1.86309814453125,0.6492999999999999
-1.35101318359375,0.6494
-1.1102294921875,0.6495
-1.27105712890625,0.6496
-1.0491943359375,0.6496999999999999
-1.05987548828125,0.6497999999999999
-0.81451416015625,0.6498999999999999
-0.80078125,0.65
-0.92132568359375,0.6501
-0.7659912109375,0.6502
-0.93414306640625,0.6503
-0.72967529296875,0.6504
-0.65399169921875,0.6505
-0.5572509765625,0.6506000000000001
-0.606689453125,0.6507000000000001
-0.61614990234375,0.6508
-0.39825439453125,0.6509
-0.42236328125,0.651
-0.47821044921875,0.6511
-0.31219482421875,0.6512
-0.3057861328125,0.6513
-0.201416015625,0.6514
-0.27862548828125,0.6515
-0.0311279296875,0.6516000000000001
-0.4058837890625,0.6517000000000001
-0.1153564453125,0.6518
-0.477294921875,0.6519
-0.44769287109375,0.652
-0.14434814453125,0.6521
-0.2264404296875,0.6522
-0.10345458984375,0.6523
-0.66802978515625,0.6524
-0.5322265625,0.6525
-0.419921875,0.6526000000000001
-0.4083251953125,0.6527000000000001
-0.408935546875,0.6528
-0.37078857421875,0.6529
-0.452880859375,0.653
-0.78155517578125,0.6531
-0.92864990234375,0.6532
-0.9149169921875,0.6533
-0.509033203125,0.6534
-0.69244384765625,0.6535
-1.248779296875,0.6536000000000001
-1.30950927734375,0.6537000000000001
-1.25732421875,0.6538
-1.15509033203125,0.6539
-1.47308349609375,0.654
-1.02813720703125,0.6541
-1.4605712890625,0.6542
-1.6357421875,0.6543
-1.69586181640625,0.6544
-1.75750732421875,0.6545
-1.630859375,0.6546000000000001
-1.4215087890625,0.6547000000000001
-1.93206787109375,0.6548
-2.00653076171875,0.6549
-1.99432373046875,0.655
-1.8670654296875,0.6551
-1.983642578125,0.6552
-2.193603515625,0.6553
-2.0660400390625,0.6554
-2.08953857421875,0.6555
-2.3095703125,0.6556000000000001
-2.27813720703125,0.6557000000000001
-2.2283935546875,0.6558
-2.16217041015625,0.6559
-2.452392578125,0.656
-2.430419921875,0.6561
-2.581787109375,0.6562
-2.2357177734375,0.6563
-2.25555419921875,0.6564
-2.22198486328125,0.6565
-2.2332763671875,0.6566000000000001
-2.4725341796875,0.6567000000000001
-2.5311279296875,0.6568
-2.36968994140625,0.6569
-2.6666259765625,0.657
-2.38677978515625,0.6571
-2.53662109375,0.6572
-2.62542724609375,0.6573
-2.28759765625,0.6574
-2.31964111328125,0.6575
-2.327880859375,0.6576000000000001
-2.30682373046875,0.6577000000000001
-2.2760009765625,0.6578
-2.2674560546875,0.6579
-2.4853515625,0.658
-2.0947265625,0.6581
-2.1490478515625,0.6582
-2.10205078125,0.6583
-2.159423828125,0.6584
-2.19482421875,0.6585
-1.89788818359375,0.6586000000000001
-2.139892578125,0.6587000000000001
-1.76513671875,0.6588
-2.03765869140625,0.6589
-1.83929443359375,0.659
-1.87530517578125,0.6591
-2.113037109375,0.6592
-1.88812255859375,0.6593
-2.10540771484375,0.6594
-1.56982421875,0.6595
-1.9696044921875,0.6596000000000001
-1.737060546875,0.6597000000000001
-1.43951416015625,0.6598
-1.7364501953125,0.6599
-1.33941650390625,0.66
-1.89422607421875,0.6601
-1.5557861328125,0.6602
-1.71234130859375,0.6603
-1.6778564453125,0.6604
-1.42120361328125,0.6605
-1.46759033203125,0.6606000000000001
-1.57745361328125,0.6607000000000001
-1.62139892578125,0.6608
-1.60552978515625,0.6609
-1.1773681640625,0.661
-1.43646240234375,0.6611
-1.197509765625,0.6612
-1.3232421875,0.6613
-1.16607666015625,0.6614
-0.9539794921875,0.6615
-1.20147705078125,0.6616000000000001
-0.85845947265625,0.6617000000000001
-0.7916259765625,0.6618
-0.85113525390625,0.6619
-0.9161376953125,0.662
-1.06842041015625,0.6621
-0.43853759765625,0.6622
-0.7196044921875,0.6623
-0.61676025390625,0.6624
-0.74066162109375,0.6625
-0.4296875,0.6626000000000001
-0.37750244140625,0.6627000000000001
-0.47607421875,0.6628000000000001
-0.19805908203125,0.6629
-0.1971435546875,0.663
-0.03021240234375,0.6631
-0.03448486328125,0.6632
0.062255859375,0.6633
0.3326416015625,0.6634
0.18280029296875,0.6635
0.38604736328125,0.6636
0.01129150390625,0.6637000000000001
-0.06378173828125,0.6638000000000001
0.36529541015625,0.6639
0.36529541015625,0.664
0.3936767578125,0.6641
0.43609619140625,0.6642
0.8258056640625,0.6643
0.56396484375,0.6644
0.7049560546875,0.6645
1.04644775390625,0.6646
1.2091064453125,0.6647000000000001
0.9674072265625,0.6648000000000001
0.9808349609375,0.6649
0.68206787109375,0.665
1.24603271484375,0.6651
1.16607666015625,0.6652
1.09893798828125,0.6653
1.43829345703125,0.6654
1.10137939453125,0.6655
1.2432861328125,0.6656
1.24786376953125,0.6657000000000001
1.4984130859375,0.6658000000000001
1.9244384765625,0.6659
1.4013671875,0.666
1.43280029296875,0.6661
1.18682861328125,0.6662
1.74713134765625,0.6663
1.5252685546875,0.6664
1.71966552734375,0.6665
1.92169189453125,0.6666
1.53076171875,0.6667000000000001
1.5771484375,0.6668000000000001
1.3702392578125,0.6669
1.08367919921875,0.667
1.46331787109375,0.6671
1.480712890625,0.6672
1.37664794921875,0.6673
1.500244140625,0.6674
1.47003173828125,0.6675
1.5081787109375,0.6676
1.27044677734375,0.6677000000000001
1.558837890625,0.6678000000000001
1.40960693359375,0.6679
1.37847900390625,0.668
1.4483642578125,0.6681
1.27716064453125,0.6682
1.53076171875,0.6683
0.88470458984375,0.6684
1.09710693359375,0.6685
0.86273193359375,0.6686
1.32476806640625,0.6687000000000001
0.99822998046875,0.6688000000000001
0.79010009765625,0.6689
1.31011962890625,0.669
0.75164794921875,0.6691
1.08978271484375,0.6692
0.77850341796875,0.6693
0.6671142578125,0.6694
0.94085693359375,0.6695
0.908203125,0.6696
0.47088623046875,0.6697000000000001
0.5902099609375,0.6698000000000001
0.73760986328125,0.6699
0.80596923828125,0.67
0.830078125,0.6701
0.73760986328125,0.6702
0.6201171875,0.6703
0.4766845703125,0.6704
0.41656494140625,0.6705
0.467529296875,0.6706
0.4315185546875,0.6707000000000001
0.56549072265625,0.6708000000000001
0.41656494140625,0.6709
0.41961669921875,0.671
0.43426513671875,0.6711
0.4473876953125,0.6712
0.43792724609375,0.6713
0.40252685546875,0.6714
0.38787841796875,0.6715
0.35003662109375,0.6716
0.34454345703125,0.6717000000000001
0.3875732421875,0.6718000000000001
0.37384033203125,0.6719
0.37506103515625,0.672
0.00732421875,0.6721
0.10498046875,0.6722
0.38787841796875,0.6723
0.37353515625,0.6724
0.38970947265625,0.6725
0.28350830078125,0.6726
-0.0616455078125,0.6727000000000001
0.3619384765625,0.6728000000000001
0.21209716796875,0.6729
0.39306640625,0.673
0.35675048828125,0.6731
0.40008544921875,0.6732
0.4144287109375,0.6733
0.406494140625,0.6734
0.4205322265625,0.6735
0.42572021484375,0.6736
0.42083740234375,0.6737000000000001
0.42022705078125,0.6738000000000001
0.44586181640625,0.6739
0.41259765625,0.674
0.43914794921875,0.6741
0.72906494140625,0.6742
0.41015625,0.6743
0.41595458984375,0.6744
0.48553466796875,0.6745
0.638427734375,0.6746
0.8221435546875,0.6747000000000001
0.8538818359375,0.6748000000000001
0.79559326171875,0.6749
0.4949951171875,0.6749999999999999
0.70892333984375,0.6750999999999999
0.8270263671875,0.6752
0.650634765625,0.6753
0.62286376953125,0.6754
0.60028076171875,0.6755
0.672607421875,0.6756
0.97900390625,0.6757
0.80596923828125,0.6758
1.129150390625,0.6759
1.058349609375,0.6759999999999999
0.71929931640625,0.6760999999999999
0.74462890625,0.6761999999999999
0.76507568359375,0.6763
1.01226806640625,0.6764
0.63812255859375,0.6765
0.7281494140625,0.6766
0.960693359375,0.6767
0.63568115234375,0.6768
1.14776611328125,0.6769
1.11419677734375,0.6769999999999999
0.91644287109375,0.6770999999999999
0.72052001953125,0.6771999999999999
0.806884765625,0.6773
1.2286376953125,0.6774
1.14776611328125,0.6775
0.88897705078125,0.6776
1.06842041015625,0.6777
0.8746337890625,0.6778
1.282958984375,0.6779
0.72845458984375,0.6779999999999999
1.0418701171875,0.6780999999999999
1.09375,0.6781999999999999
1.05224609375,0.6783
1.05621337890625,0.6784
0.7891845703125,0.6785
1.02569580078125,0.6786
0.9515380859375,0.6787
0.423583984375,0.6788
0.731201171875,0.6789
0.70068359375,0.6789999999999999
0.9619140625,0.6790999999999999
1.011962890625,0.6791999999999999
0.6005859375,0.6793
0.8819580078125,0.6794
0.65277099609375,0.6795
0.68817138671875,0.6796
0.4144287109375,0.6797
0.70220947265625,0.6798
0.41351318359375,0.6799
0.4180908203125,0.6799999999999999
0.4119873046875,0.6800999999999999
0.42816162109375,0.6801999999999999
0.4315185546875,0.6803
0.35919189453125,0.6804
-0.01861572265625,0.6805
0.25238037109375,0.6806
-0.0946044921875,0.6807
0.191650390625,0.6808
-0.072021484375,0.6809
0.211181640625,0.6809999999999999
-0.08758544921875,0.6810999999999999
-0.4541015625,0.6811999999999999
-0.4388427734375,0.6813
-0.274658203125,0.6814
-0.11810302734375,0.6815
-0.47332763671875,0.6816
-0.5206298828125,0.6817
-0.4827880859375,0.6818
-0.6622314453125,0.6819
-0.66650390625,0.6819999999999999
-0.4248046875,0.6820999999999999
-0.516357421875,0.6821999999999999
-0.48980712890625,0.6823
-0.87432861328125,0.6824
-0.8489990234375,0.6825
-0.9912109375,0.6826
-0.63262939453125,0.6827
-0.7666015625,0.6828
-1.21551513671875,0.6829
-0.89385986328125,0.6829999999999999
-0.93536376953125,0.6830999999999999
-1.40228271484375,0.6831999999999999
-1.08734130859375,0.6833
-0.97259521484375,0.6834
-0.93414306640625,0.6835
-1.4300537109375,0.6836
-1.622314453125,0.6837
-1.51031494140625,0.6838
-1.07421875,0.6839
-1.23291015625,0.6839999999999999
-1.4385986328125,0.6840999999999999
-1.38427734375,0.6841999999999999
-1.33026123046875,0.6843
-1.417236328125,0.6844
-1.553955078125,0.6845
-1.40899658203125,0.6846
-1.220703125,0.6847
-1.5484619140625,0.6848
-1.7132568359375,0.6849
-1.329345703125,0.6849999999999999
-1.5032958984375,0.6850999999999999
-1.35833740234375,0.6851999999999999
-1.38519287109375,0.6853
-1.51824951171875,0.6854
-1.3116455078125,0.6855
-1.6064453125,0.6856
-1.4892578125,0.6857
-1.77490234375,0.6858
-1.32781982421875,0.6859
-1.4599609375,0.6859999999999999
-1.4752197265625,0.6860999999999999
-1.41937255859375,0.6861999999999999
-1.65496826171875,0.6862999999999999
-1.30340576171875,0.6864
-1.79534912109375,0.6865
-1.624755859375,0.6866
-1.3232421875,0.6867
-1.5374755859375,0.6868
-1.42059326171875,0.6869
-1.60491943359375,0.6869999999999999
-1.63543701171875,0.6870999999999999
-1.53717041015625,0.6871999999999999
-1.83441162109375,0.6873
-1.49017333984375,0.6874
-1.3873291015625,0.6875
-1.28997802734375,0.6876
-1.30401611328125,0.6877
-1.72607421875,0.6878
-1.35009765625,0.6879
-1.71905517578125,0.688
-1.4361572265625,0.6880999999999999
-1.50115966796875,0.6881999999999999
-1.44287109375,0.6882999999999999
-1.40777587890625,0.6884
-1.6259765625,0.6885
-1.63482666015625,0.6886
-1.512451171875,0.6887
-1.45172119140625,0.6888
-1.32781982421875,0.6889
-1.35345458984375,0.689
-1.336669921875,0.6890999999999999
-1.4666748046875,0.6891999999999999
-1.27288818359375,0.6892999999999999
-1.26617431640625,0.6894
-1.31439208984375,0.6895
-1.33392333984375,0.6896
-1.4801025390625,0.6897
-1.3433837890625,0.6898
-1.43218994140625,0.6899
-1.37359619140625,0.69
-1.44439697265625,0.6900999999999999
-1.43951416015625,0.6901999999999999
-1.34490966796875,0.6902999999999999
-1.27227783203125,0.6904
-1.15814208984375,0.6905
-1.35833740234375,0.6906
-1.639404296875,0.6907
-1.331787109375,0.6908
-1.17706298828125,0.6909
-1.03790283203125,0.691
-0.97625732421875,0.6910999999999999
-1.27899169921875,0.6911999999999999
-1.3043212890625,0.6912999999999999
-1.30462646484375,0.6914
-1.44989013671875,0.6915
-1.0736083984375,0.6916
-1.32049560546875,0.6917
-1.11175537109375,0.6918
-1.417236328125,0.6919
-1.54022216796875,0.692
-1.2066650390625,0.6920999999999999
-0.87005615234375,0.6921999999999999
-1.15936279296875,0.6922999999999999
-1.16790771484375,0.6924
-0.999755859375,0.6925
-1.39617919921875,0.6926
-1.1273193359375,0.6927
-0.89752197265625,0.6928
-1.24847412109375,0.6929
-0.994873046875,0.693
-1.29180908203125,0.6930999999999999
-1.52099609375,0.6931999999999999
-1.26129150390625,0.6932999999999999
-1.20452880859375,0.6934
-1.26983642578125,0.6935
-1.0772705078125,0.6936
-1.4404296875,0.6937
-1.40716552734375,0.6938
-1.19293212890625,0.6939
-1.195068359375,0.694
-1.25,0.6940999999999999
-1.28814697265625,0.6941999999999999
-1.39984130859375,0.6942999999999999
-1.29791259765625,0.6944
-1.3580322265625,0.6945
-1.3995361328125,0.6946
-1.43096923828125,0.6947
-1.4276123046875,0.6948
-1.73736572265625,0.6949
-1.54541015625,0.695
-1.13311767578125,0.6950999999999999
-1.3397216796875,0.6951999999999999
-1.49871826171875,0.6952999999999999
-1.4666748046875,0.6954
-1.69097900390625,0.6955
-1.65924072265625,0.6956
-1.494140625,0.6957
-1.448974609375,0.6958
-1.5484619140625,0.6959
-1.62384033203125,0.696
-1.59515380859375,0.6960999999999999
-1.70806884765625,0.6961999999999999
-1.2786865234375,0.6962999999999999
-1.64306640625,0.6964
-1.57806396484375,0.6965
-1.5435791015625,0.6966
-1.78985595703125,0.6967
-1.38519287109375,0.6968
-1.6943359375,0.6969
-1.48956298828125,0.697
-1.52801513671875,0.6970999999999999
-1.7218017578125,0.6971999999999999
-1.4385986328125,0.6972999999999999
-1.3079833984375,0.6974
-1.368408203125,0.6975
-1.6607666015625,0.6976
-1.57470703125,0.6977
-1.40411376953125,0.6978
-1.285400390625,0.6979
-1.3397216796875,0.698
-1.33819580078125,0.6980999999999999
-1.1962890625,0.6981999999999999
-1.28875732421875,0.6982999999999999
-1.65802001953125,0.6984
-0.77880859375,0.6985
-1.22528076171875,0.6986
-0.88134765625,0.6987
-1.1041259765625,0.6988
-1.4556884765625,0.6989
-1.17279052734375,0.699
-1.28448486328125,0.6990999999999999
-0.70159912109375,0.6991999999999999
-1.02813720703125,0.6992999999999999
-0.9344482421875,0.6994
-1.02783203125,0.6995
-1.20269775390625,0.6996
-0.7891845703125,0.6997
-1.119384765625,0.6998
-0.577392578125,0.6999
-1.058349609375,0.7000000000000001
-1.0882568359375,0.7001000000000001
-0.7257080078125,0.7002
-1.1590576171875,0.7003
-0.68603515625,0.7004
-0.81634521484375,0.7005
-1.26983642578125,0.7006000000000001
-1.0137939453125,0.7007000000000001
-0.9918212890625,0.7008000000000001
-0.95794677734375,0.7009000000000001
-0.98724365234375,0.7010000000000001
-0.91796875,0.7011000000000001
-1.1932373046875,0.7012
-1.1669921875,0.7013
-0.90972900390625,0.7014
-1.26739501953125,0.7015
-1.1370849609375,0.7016000000000001
-1.20513916015625,0.7017000000000001
-1.0986328125,0.7018000000000001
-1.1993408203125,0.7019000000000001
-1.3800048828125,0.7020000000000001
-1.026611328125,0.7021000000000001
-1.18194580078125,0.7022
-1.3165283203125,0.7023
-1.57012939453125,0.7024
-1.52801513671875,0.7025
-1.37481689453125,0.7026000000000001
-1.253662109375,0.7027000000000001
-1.385498046875,0.7028000000000001
-1.43035888671875,0.7029000000000001
-1.903076171875,0.7030000000000001
-1.57745361328125,0.7031000000000001
-1.80267333984375,0.7032
-1.95465087890625,0.7033
-1.80023193359375,0.7034
-1.8414306640625,0.7035
-1.93878173828125,0.7036000000000001
-2.11944580078125,0.7037000000000001
-2.2210693359375,0.7038000000000001
-2.07611083984375,0.7039000000000001
-1.82342529296875,0.7040000000000001
-2.18658447265625,0.7041000000000001
-2.244873046875,0.7042
-2.04071044921875,0.7043
-2.33673095703125,0.7044
-2.2412109375,0.7045
-2.1923828125,0.7046000000000001
-2.677001953125,0.7047000000000001
-2.5189208984375,0.7048000000000001
-2.45147705078125,0.7049000000000001
-2.783203125,0.7050000000000001
-2.44598388671875,0.7051000000000001
-2.57781982421875,0.7052
-2.586669921875,0.7053
-2.61627197265625,0.7054
-2.6617431640625,0.7055
-2.578125,0.7056000000000001
-2.63519287109375,0.7057000000000001
-2.6116943359375,0.7058000000000001
-2.91229248046875,0.7059000000000001
-2.76275634765625,0.7060000000000001
-2.74200439453125,0.7061000000000001
-2.71575927734375,0.7062
-2.65045166015625,0.7063
-2.85980224609375,0.7064
-2.56500244140625,0.7065
-2.703857421875,0.7066000000000001
-2.89398193359375,0.7067000000000001
-2.74749755859375,0.7068000000000001
-2.65472412109375,0.7069000000000001
-2.8399658203125,0.7070000000000001
-2.5286865234375,0.7071000000000001
-2.63824462890625,0.7072
-2.83843994140625,0.7073
-2.61474609375,0.7074
-2.64404296875,0.7075
-2.4835205078125,0.7076000000000001
-2.44842529296875,0.7077000000000001
-2.50701904296875,0.7078000000000001
-2.3712158203125,0.7079000000000001
-2.58819580078125,0.7080000000000001
-2.70172119140625,0.7081000000000001
-2.52197265625,0.7082
-2.40203857421875,0.7083
-2.17376708984375,0.7084
-2.2650146484375,0.7085
-1.96258544921875,0.7086000000000001
-2.16888427734375,0.7087000000000001
-2.13531494140625,0.7088000000000001
-2.15057373046875,0.7089000000000001
-1.9622802734375,0.7090000000000001
-2.01690673828125,0.7091000000000001
-1.92352294921875,0.7092
-1.953125,0.7093
-2.07611083984375,0.7094
-1.88446044921875,0.7095
-1.72821044921875,0.7096000000000001
-1.6424560546875,0.7097000000000001
-1.54571533203125,0.7098000000000001
-1.82098388671875,0.7099000000000001
-1.572265625,0.7100000000000001
-1.500244140625,0.7101000000000001
-1.72119140625,0.7102
-1.26708984375,0.7103
-1.65771484375,0.7104
-1.58538818359375,0.7105
-1.57745361328125,0.7106000000000001
-1.49322509765625,0.7107000000000001
-1.3946533203125,0.7108000000000001
-1.41693115234375,0.7109000000000001
-1.33056640625,0.7110000000000001
-1.656494140625,0.7111000000000001
-1.21429443359375,0.7112
-1.31622314453125,0.7113
-1.36749267578125,0.7114
-1.104736328125,0.7115
-1.895751953125,0.7116000000000001
-1.57318115234375,0.7117000000000001
-1.62841796875,0.7118000000000001
-1.2469482421875,0.7119000000000001
-1.13311767578125,0.7120000000000001
-1.72149658203125,0.7121000000000001
-1.36810302734375,0.7122
-1.48284912109375,0.7123
-1.55975341796875,0.7124
-1.48193359375,0.7125
-1.29241943359375,0.7126000000000001
-1.27716064453125,0.7127000000000001
-1.62994384765625,0.7128000000000001
-1.66900634765625,0.7129000000000001
-1.689453125,0.7130000000000001
-1.59820556640625,0.7131000000000001
-1.38336181640625,0.7132000000000001
-1.953125,0.7133
-1.78375244140625,0.7134
-1.785888671875,0.7135
-1.7852783203125,0.7136
-1.65252685546875,0.7137000000000001
-1.85302734375,0.7138000000000001
-1.8768310546875,0.7139000000000001
-1.98974609375,0.7140000000000001
-1.98944091796875,0.7141000000000001
-1.96929931640625,0.7142000000000001
-1.90338134765625,0.7143
-1.85943603515625,0.7144
-2.19268798828125,0.7145
-2.0806884765625,0.7146
-2.18475341796875,0.7147000000000001
-2.07061767578125,0.7148000000000001
-2.19757080078125,0.7149000000000001
-2.37396240234375,0.7150000000000001
-2.29156494140625,0.7151000000000001
-2.19390869140625,0.7152000000000001
-2.36297607421875,0.7153
-2.18048095703125,0.7154
-2.29461669921875,0.7155
-2.41424560546875,0.7156
-2.733154296875,0.7157000000000001
-2.432861328125,0.7158000000000001
-2.40570068359375,0.7159000000000001
-2.33917236328125,0.7160000000000001
-2.50152587890625,0.7161000000000001
-2.87628173828125,0.7162000000000001
-2.4957275390625,0.7163
-2.7081298828125,0.7164
-2.705078125,0.7165
-2.5531005859375,0.7166
-2.66845703125,0.7167000000000001
-3.05511474609375,0.7168000000000001
-2.73895263671875,0.7169000000000001
-2.7880859375,0.7170000000000001
-2.72491455078125,0.7171000000000001
-2.8643798828125,0.7172000000000001
-3.11553955078125,0.7173
-3.10546875,0.7174
-2.86865234375,0.7175
-2.9022216796875,0.7176
-3.1719970703125,0.7177000000000001
-2.98370361328125,0.7178000000000001
-3.212890625,0.7179000000000001
-3.255615234375,0.7180000000000001
-3.3453369140625,0.7181000000000001
-3.28277587890625,0.7182000000000001
-3.1036376953125,0.7183
-3.30078125,0.7184
-3.44696044921875,0.7185
-3.35540771484375,0.7186
-3.336181640625,0.7187000000000001
-3.387451171875,0.7188000000000001
-3.46923828125,0.7189000000000001
-3.64471435546875,0.7190000000000001
-3.6871337890625,0.7191000000000001
-3.5833740234375,0.7192000000000001
-3.8189697265625,0.7193
-3.662109375,0.7194
-3.5833740234375,0.7195
-3.67095947265625,0.7196
-3.83941650390625,0.7197000000000001
-3.9501953125,0.7198000000000001
-3.88031005859375,0.7199000000000001
-3.7884521484375,0.7200000000000001
-3.8446044921875,0.7201000000000001
-3.8494873046875,0.7202000000000001
-3.81683349609375,0.7203
-3.82537841796875,0.7204
-3.84979248046875,0.7205
-4.0667724609375,0.7206
-3.8214111328125,0.7207000000000001
-3.98040771484375,0.7208000000000001
-3.91204833984375,0.7209000000000001
-3.91448974609375,0.7210000000000001
-3.92242431640625,0.7211000000000001
-4.013671875,0.7212000000000001
-4.051513671875,0.7213
-3.67767333984375,0.7214
-3.607177734375,0.7215
-3.82843017578125,0.7216
-3.9404296875,0.7217000000000001
-4.09759521484375,0.7218000000000001
-3.64288330078125,0.7219000000000001
-3.621826171875,0.7220000000000001
-3.51776123046875,0.7221000000000001
-3.60260009765625,0.7222000000000001
-3.656005859375,0.7223
-3.4930419921875,0.7224
-3.41705322265625,0.7225
-3.67279052734375,0.7226
-3.240966796875,0.7227000000000001
-3.22601318359375,0.7228000000000001
-3.44207763671875,0.7229000000000001
-3.23486328125,0.7230000000000001
-3.03863525390625,0.7231000000000001
-2.97760009765625,0.7232000000000001
-2.77557373046875,0.7233
-3.4881591796875,0.7234
-3.118896484375,0.7235
-3.03253173828125,0.7236
-2.7960205078125,0.7237000000000001
-2.70843505859375,0.7238000000000001
-2.818603515625,0.7239000000000001
-2.642822265625,0.7240000000000001
-2.70599365234375,0.7241000000000001
-2.6788330078125,0.7242000000000001
-2.42706298828125,0.7243
-2.07855224609375,0.7244
-2.29522705078125,0.7245
-2.2760009765625,0.7246
-1.90673828125,0.7247000000000001
-2.27996826171875,0.7248000000000001
-2.08526611328125,0.7249000000000001
-1.92657470703125,0.725
-2.25006103515625,0.7251
-1.719970703125,0.7252000000000001
-2.0440673828125,0.7253000000000001
-1.5283203125,0.7254
-1.42852783203125,0.7255
-1.88873291015625,0.7256
-1.605224609375,0.7257
-1.4599609375,0.7258
-1.36749267578125,0.7259
-1.2542724609375,0.726
-1.43829345703125,0.7261
-1.22772216796875,0.7262
-1.25396728515625,0.7263000000000001
-0.921630859375,0.7264
-1.270751953125,0.7265
-1.11236572265625,0.7266
-0.92498779296875,0.7267
-0.999755859375,0.7268
-0.77728271484375,0.7269
-0.82855224609375,0.727
-0.49835205078125,0.7271
-0.6396484375,0.7272
-0.86883544921875,0.7273000000000001
-0.67626953125,0.7274
-0.416259765625,0.7275
-0.28411865234375,0.7276
-0.457763671875,0.7277
-0.1580810546875,0.7278
-0.4595947265625,0.7279
-0.4791259765625,0.728
-0.06317138671875,0.7281
-0.2020263671875,0.7282
-0.1934814453125,0.7283000000000001
-0.311279296875,0.7284
-0.45989990234375,0.7285
-0.12603759765625,0.7286
0.274658203125,0.7287
0.1788330078125,0.7288
-0.15289306640625,0.7289
0.081787109375,0.729
-0.11444091796875,0.7291
0.16998291015625,0.7292
0.303955078125,0.7293000000000001
0.2630615234375,0.7294
0.2545166015625,0.7295
0.20355224609375,0.7296
0.02716064453125,0.7297
0.38909912109375,0.7298
0.33050537109375,0.7299
0.2606201171875,0.73
0.3399658203125,0.7301
0.14129638671875,0.7302
0.2423095703125,0.7303000000000001
0.32623291015625,0.7304
0.184326171875,0.7305
0.31829833984375,0.7306
0.26519775390625,0.7307
0.0628662109375,0.7308
0.01556396484375,0.7309
0.2685546875,0.731
0.2203369140625,0.7311
-0.10498046875,0.7312
0.00579833984375,0.7313000000000001
0.01129150390625,0.7314
0.181884765625,0.7315
0.2044677734375,0.7316
-0.367431640625,0.7317
-0.03692626953125,0.7318
0.0701904296875,0.7319
0.02593994140625,0.732
0.03936767578125,0.7321
-0.120849609375,0.7322
-0.201416015625,0.7323000000000001
-0.36590576171875,0.7324
-0.4046630859375,0.7325
-0.30975341796875,0.7326
-0.49468994140625,0.7327
-0.50048828125,0.7328
-0.4937744140625,0.7329
-0.46295166015625,0.733
-0.40069580078125,0.7331
-0.4736328125,0.7332
-0.45166015625,0.7333000000000001
-0.81268310546875,0.7334
-0.51910400390625,0.7335
-0.53131103515625,0.7336
-0.5511474609375,0.7337
-0.48248291015625,0.7338
-0.7086181640625,0.7339
-0.76507568359375,0.734
-0.83526611328125,0.7341
-0.6591796875,0.7342
-0.46173095703125,0.7343000000000001
-0.506591796875,0.7344
-0.7489013671875,0.7345
-0.643310546875,0.7346
-0.6256103515625,0.7347
-0.62286376953125,0.7348
-0.70220947265625,0.7349
-0.6573486328125,0.735
-0.50750732421875,0.7351
-0.72662353515625,0.7352
-0.447998046875,0.7353000000000001
-0.50445556640625,0.7354
-0.2490234375,0.7355
-0.46173095703125,0.7356
-0.42877197265625,0.7357
-0.29571533203125,0.7358
-0.0555419921875,0.7359
-0.09368896484375,0.736
-0.20904541015625,0.7361
0.062255859375,0.7362
-0.1904296875,0.7363
0.05462646484375,0.7364
0.2508544921875,0.7365
-0.1800537109375,0.7366
0.29205322265625,0.7367
0.07049560546875,0.7368
0.38299560546875,0.7369
0.3900146484375,0.737
0.39947509765625,0.7371
0.38055419921875,0.7372
0.41107177734375,0.7373000000000001
0.44403076171875,0.7374
0.60516357421875,0.7375
0.80230712890625,0.7376
1.18682861328125,0.7377
0.99578857421875,0.7378
1.17919921875,0.7379
0.8154296875,0.738
0.811767578125,0.7381
1.53533935546875,0.7382
0.999755859375,0.7383
1.3604736328125,0.7384000000000001
1.3409423828125,0.7385
0.94482421875,0.7386
1.8359375,0.7387
1.302490234375,0.7388
1.92962646484375,0.7389
1.73309326171875,0.739
1.90338134765625,0.7391
1.5234375,0.7392
1.8719482421875,0.7393
2.294921875,0.7394000000000001
1.776123046875,0.7395
2.049560546875,0.7396
1.46759033203125,0.7397
2.0263671875,0.7398
2.12799072265625,0.7399
1.666259765625,0.74
2.27325439453125,0.7401
2.36572265625,0.7402
2.0452880859375,0.7403
2.20855712890625,0.7404000000000001
2.5244140625,0.7405
2.68585205078125,0.7406
2.5537109375,0.7407
2.3486328125,0.7408
1.7254638671875,0.7409
2.50152587890625,0.741
2.58819580078125,0.7411
2.425537109375,0.7412
2.5372314453125,0.7413
2.51953125,0.7414000000000001
2.08831787109375,0.7415
2.28515625,0.7416
2.1209716796875,0.7417
2.6947021484375,0.7418
2.38861083984375,0.7419
2.21435546875,0.742
2.43804931640625,0.7421
2.93426513671875,0.7422
2.62298583984375,0.7423
1.74713134765625,0.7424000000000001
2.62908935546875,0.7425
2.70294189453125,0.7426
2.34161376953125,0.7427
2.82745361328125,0.7428
2.53753662109375,0.7429
2.7972412109375,0.743
2.29766845703125,0.7431
1.8292236328125,0.7432
2.4114990234375,0.7433
2.63031005859375,0.7434000000000001
2.76611328125,0.7435
2.6226806640625,0.7436
2.41455078125,0.7437
2.44293212890625,0.7438
2.07275390625,0.7439
2.4151611328125,0.744
2.6617431640625,0.7441
2.4371337890625,0.7442
2.0947265625,0.7443
2.0330810546875,0.7444000000000001
2.6031494140625,0.7445
2.15972900390625,0.7446
2.40264892578125,0.7447
2.1209716796875,0.7448
1.9622802734375,0.7449
2.1685791015625,0.745
2.0050048828125,0.7451
2.0465087890625,0.7452
2.1038818359375,0.7453
2.21588134765625,0.7454000000000001
1.54052734375,0.7455
1.51275634765625,0.7456
1.8634033203125,0.7457
1.72088623046875,0.7458
2.02362060546875,0.7459
1.29302978515625,0.746
1.25274658203125,0.7461
1.4434814453125,0.7462
1.5234375,0.7463
1.13677978515625,0.7464000000000001
1.470947265625,0.7465
1.34307861328125,0.7466
0.86212158203125,0.7467
1.01806640625,0.7468
1.0760498046875,0.7469
1.28936767578125,0.747
1.2091064453125,0.7471
0.59356689453125,0.7472
0.81939697265625,0.7473
0.6744384765625,0.7474000000000001
0.54779052734375,0.7475
0.90728759765625,0.7476
0.4766845703125,0.7477
0.43548583984375,0.7478
0.4254150390625,0.7479
0.38787841796875,0.748
0.26336669921875,0.7481
0.323486328125,0.7482
0.0738525390625,0.7483
0.05096435546875,0.7484000000000001
0.25787353515625,0.7485
-0.39215087890625,0.7486
-0.13336181640625,0.7487
0.052490234375,0.7488
-0.17578125,0.7489
-0.2569580078125,0.749
-0.66986083984375,0.7491
-0.452880859375,0.7492
-0.48736572265625,0.7493
-0.404052734375,0.7494000000000001
-0.60150146484375,0.7495
-0.84686279296875,0.7496
-0.52581787109375,0.7497
-0.86029052734375,0.7498
-0.83770751953125,0.7499
-0.7244873046875,0.75
-1.19384765625,0.7501
-0.73150634765625,0.7502
-0.94970703125,0.7503
-1.1029052734375,0.7504
-0.9271240234375,0.7505
-0.9222412109375,0.7506
-0.95123291015625,0.7507
-1.07177734375,0.7508
-1.10809326171875,0.7509
-1.31805419921875,0.751
-1.2091064453125,0.7511
-1.18621826171875,0.7512
-1.07330322265625,0.7513
-1.05865478515625,0.7514
-1.31500244140625,0.7515
-1.40167236328125,0.7516
-1.070556640625,0.7517
-1.24481201171875,0.7518
-1.03485107421875,0.7519
-1.07269287109375,0.752
-1.06231689453125,0.7521
-1.2890625,0.7522
-1.21734619140625,0.7523
-1.0296630859375,0.7524
-1.27105712890625,0.7525
-1.0040283203125,0.7526
-1.44683837890625,0.7527
-1.29119873046875,0.7528
-0.86181640625,0.7529
-1.19964599609375,0.753
-1.00860595703125,0.7531
-1.1834716796875,0.7532
-1.1083984375,0.7533
-1.05712890625,0.7534
-1.23138427734375,0.7535
-0.73028564453125,0.7536
-0.88409423828125,0.7537
-1.16790771484375,0.7538
-1.134033203125,0.7539
-1.312255859375,0.754
-0.7940673828125,0.7541
-0.8782958984375,0.7542
-0.7122802734375,0.7543
-1.163330078125,0.7544
-1.1138916015625,0.7545
-0.81329345703125,0.7546
-0.93536376953125,0.7547
-0.7586669921875,0.7548
-0.58624267578125,0.7549
-0.9283447265625,0.755
-1.10076904296875,0.7551
-0.9039306640625,0.7552
-0.38116455078125,0.7553
-0.65460205078125,0.7554
-0.63446044921875,0.7555
-0.62286376953125,0.7556
-0.88775634765625,0.7557
-0.682373046875,0.7558
-0.83282470703125,0.7559
-0.445556640625,0.756
-0.64300537109375,0.7561
-0.92498779296875,0.7562
-0.679931640625,0.7563
-0.69610595703125,0.7564
-0.23681640625,0.7565
-0.49560546875,0.7566
-0.7977294921875,0.7567
-0.75836181640625,0.7568
-0.45654296875,0.7569
-0.467529296875,0.757
-0.2392578125,0.7571
-0.29693603515625,0.7572
-0.56884765625,0.7573
-0.4180908203125,0.7574
-0.4351806640625,0.7575
-0.66619873046875,0.7576
-0.0592041015625,0.7577
-0.26580810546875,0.7578
-0.433349609375,0.7579
-0.4278564453125,0.758
-0.3607177734375,0.7581
-0.21331787109375,0.7582
-0.17425537109375,0.7583
-0.19866943359375,0.7584
-0.1434326171875,0.7585
-0.33233642578125,0.7586
-0.35247802734375,0.7587
-0.3631591796875,0.7588
0.02166748046875,0.7589
-0.03814697265625,0.759
-0.03814697265625,0.7591
-0.33233642578125,0.7592
-0.1287841796875,0.7593
-0.020751953125,0.7594
-0.01556396484375,0.7595
0.12054443359375,0.7596
-0.31402587890625,0.7597
-0.3021240234375,0.7598
-0.34759521484375,0.7599
-0.08331298828125,0.76
-0.2740478515625,0.7601
-0.179443359375,0.7602
0.04638671875,0.7603
-0.108642578125,0.7604
-0.1568603515625,0.7605
0.12237548828125,0.7606
0.19561767578125,0.7607
0.02105712890625,0.7608
-0.3558349609375,0.7609
-0.10986328125,0.761
-0.23590087890625,0.7611
-0.0714111328125,0.7612
0.04791259765625,0.7613
-0.3143310546875,0.7614
-0.15289306640625,0.7615
-0.41900634765625,0.7616
-0.2545166015625,0.7617
0.0384521484375,0.7618
-0.12115478515625,0.7619
0.0054931640625,0.762
-0.30364990234375,0.7621
-0.41900634765625,0.7622
-0.1416015625,0.7623
-0.4400634765625,0.7624
-0.2752685546875,0.7625
-0.50994873046875,0.7626
-0.250244140625,0.7627
-0.382080078125,0.7628
-0.1690673828125,0.7629
-0.284423828125,0.763
-0.47271728515625,0.7631
-0.4632568359375,0.7632
-0.45806884765625,0.7633
-0.467529296875,0.7634
-0.41351318359375,0.7635
-0.11627197265625,0.7636000000000001
-0.4559326171875,0.7637
-0.517578125,0.7638
-0.4132080078125,0.7639
-0.45074462890625,0.764
-0.5535888671875,0.7641
-0.39306640625,0.7642
-0.521240234375,0.7643
-0.4583740234375,0.7644
-0.67596435546875,0.7645
-0.53741455078125,0.7646
-0.23193359375,0.7647
-0.49407958984375,0.7648
-0.69061279296875,0.7649
-0.54473876953125,0.765
-0.45135498046875,0.7651
-0.450439453125,0.7652
-0.72967529296875,0.7653
-0.26763916015625,0.7654
-0.66864013671875,0.7655
-0.723876953125,0.7656
-0.66009521484375,0.7657
-1.063232421875,0.7658
-0.450439453125,0.7659
-0.791015625,0.766
-0.765380859375,0.7661
-0.6085205078125,0.7662
-0.78826904296875,0.7663
-0.5621337890625,0.7664
-0.6011962890625,0.7665
-0.55633544921875,0.7666
-0.72296142578125,0.7667
-0.99334716796875,0.7668
-0.6378173828125,0.7669
-0.52398681640625,0.767
-0.46112060546875,0.7671
-0.64971923828125,0.7672
-1.0369873046875,0.7673
-0.736083984375,0.7674
-1.0205078125,0.7675
-0.72113037109375,0.7676
-0.885009765625,0.7677
-1.01776123046875,0.7678
-0.718994140625,0.7679
-1.24542236328125,0.768
-0.6329345703125,0.7681
-0.89599609375,0.7682
-0.5419921875,0.7683
-0.689697265625,0.7684
-1.16058349609375,0.7685
-0.7672119140625,0.7686
-0.7440185546875,0.7687
-0.79742431640625,0.7688
-1.011962890625,0.7689
-0.850830078125,0.769
-0.965576171875,0.7691
-1.08428955078125,0.7692
-1.09405517578125,0.7693
-0.86669921875,0.7694
-0.809326171875,0.7695
-0.968017578125,0.7696
-0.91583251953125,0.7697
-0.74249267578125,0.7698
-0.97900390625,0.7699
-0.73516845703125,0.77
-1.085205078125,0.7701
-1.30126953125,0.7702
-0.8660888671875,0.7703
-0.63720703125,0.7704
-0.68634033203125,0.7705
-0.66009521484375,0.7706
-1.1846923828125,0.7707
-0.88592529296875,0.7708
-1.06964111328125,0.7709
-1.0498046875,0.771
-0.77606201171875,0.7711
-0.97747802734375,0.7712
-0.94512939453125,0.7713
-0.9698486328125,0.7714
-1.23687744140625,0.7715
-0.95611572265625,0.7716
-0.93170166015625,0.7717
-0.79864501953125,0.7718
-1.24114990234375,0.7719
-0.9906005859375,0.772
-1.0528564453125,0.7721
-0.86212158203125,0.7722
-0.914306640625,0.7723
-1.3580322265625,0.7724
-1.20269775390625,0.7725
-1.199951171875,0.7726
-1.15081787109375,0.7727
-0.833740234375,0.7728
-1.54388427734375,0.7729
-1.063232421875,0.773
-1.1181640625,0.7731
-1.58599853515625,0.7732
-1.2139892578125,0.7733
-1.131591796875,0.7734
-1.2799072265625,0.7735
-1.23138427734375,0.7736
-1.17950439453125,0.7737
-1.1328125,0.7738
-1.16241455078125,0.7739
-0.994873046875,0.774
-1.19964599609375,0.7741
-1.12701416015625,0.7742
-1.551513671875,0.7743
-1.243896484375,0.7744
-1.45965576171875,0.7745
-1.40350341796875,0.7746
-1.1285400390625,0.7746999999999999
-1.4361572265625,0.7748
-1.224365234375,0.7749
-1.29913330078125,0.775
-1.322021484375,0.7751
-1.6790771484375,0.7752000000000001
-1.35894775390625,0.7753000000000001
-1.5008544921875,0.7754000000000001
-1.4630126953125,0.7755000000000001
-1.21856689453125,0.7756000000000001
-1.19781494140625,0.7757000000000001
-1.3336181640625,0.7758
-1.8096923828125,0.7759
-1.8499755859375,0.776
-1.29638671875,0.7761
-1.494140625,0.7762
-1.2408447265625,0.7763000000000001
-1.5679931640625,0.7764000000000001
-1.7156982421875,0.7765000000000001
-1.40869140625,0.7766000000000001
-1.79718017578125,0.7767000000000001
-1.65679931640625,0.7768
-1.33758544921875,0.7769
-1.4471435546875,0.777
-1.7022705078125,0.7771
-1.71356201171875,0.7772
-1.5972900390625,0.7773000000000001
-1.5203857421875,0.7774000000000001
-1.31561279296875,0.7775000000000001
-2.0111083984375,0.7776000000000001
-1.71539306640625,0.7777000000000001
-1.55120849609375,0.7778
-1.71356201171875,0.7779
-1.23687744140625,0.778
-1.6754150390625,0.7781
-1.61041259765625,0.7782
-1.8560791015625,0.7783000000000001
-1.87408447265625,0.7784000000000001
-1.51458740234375,0.7785000000000001
-1.689453125,0.7786000000000001
-1.431884765625,0.7787000000000001
-1.62384033203125,0.7788
-1.7431640625,0.7789
-1.68243408203125,0.779
-1.439208984375,0.7791
-1.48834228515625,0.7792
-1.67144775390625,0.7793000000000001
-1.60400390625,0.7794000000000001
-1.65985107421875,0.7795000000000001
-1.55914306640625,0.7796000000000001
-1.22528076171875,0.7797000000000001
-1.669921875,0.7798
-1.3641357421875,0.7799
-1.6412353515625,0.78
-1.60186767578125,0.7801
-1.6278076171875,0.7802
-1.549072265625,0.7803000000000001
-1.1920166015625,0.7804000000000001
-1.2237548828125,0.7805000000000001
-1.53564453125,0.7806000000000001
-1.65069580078125,0.7807000000000001
-1.58660888671875,0.7808
-1.41387939453125,0.7809
-1.21185302734375,0.781
-1.28662109375,0.7811
-1.38824462890625,0.7812
-1.3641357421875,0.7813000000000001
-1.26434326171875,0.7814000000000001
-1.07025146484375,0.7815000000000001
-0.9637451171875,0.7816000000000001
-1.3653564453125,0.7817000000000001
-1.14837646484375,0.7818
-1.42059326171875,0.7819
-1.475830078125,0.782
-0.7830810546875,0.7821
-0.94207763671875,0.7822
-0.9173583984375,0.7823000000000001
-1.1029052734375,0.7824000000000001
-1.3330078125,0.7825000000000001
-0.94940185546875,0.7826000000000001
-0.81390380859375,0.7827000000000001
-1.219482421875,0.7828
-1.05133056640625,0.7829
-1.15692138671875,0.783
-1.00494384765625,0.7831
-1.0638427734375,0.7832
-0.84075927734375,0.7833000000000001
-0.6646728515625,0.7834000000000001
-0.635986328125,0.7835000000000001
-1.09588623046875,0.7836000000000001
-1.18865966796875,0.7837000000000001
-0.60333251953125,0.7838
-0.55755615234375,0.7839
-0.54412841796875,0.784
-0.5096435546875,0.7841
-1.37481689453125,0.7842
-0.921630859375,0.7843000000000001
-1.13006591796875,0.7844000000000001
-0.40802001953125,0.7845000000000001
-0.4852294921875,0.7846000000000001
-0.7672119140625,0.7847000000000001
-0.55755615234375,0.7848
-0.50506591796875,0.7849
-0.6903076171875,0.785
-0.53192138671875,0.7851
-0.49163818359375,0.7852
-0.458984375,0.7853000000000001
-0.59234619140625,0.7854000000000001
-0.498046875,0.7855000000000001
-0.61920166015625,0.7856000000000001
-0.294189453125,0.7857000000000001
-0.48828125,0.7858
-0.6463623046875,0.7859
-0.7080078125,0.786
-0.42999267578125,0.7861
-0.14373779296875,0.7862
-0.3424072265625,0.7863
-0.28289794921875,0.7864000000000001
-0.5517578125,0.7865000000000001
-0.54656982421875,0.7866000000000001
-0.3839111328125,0.7867000000000001
-0.38818359375,0.7868
0.07965087890625,0.7869
-0.1568603515625,0.787
-0.25726318359375,0.7871
-0.37750244140625,0.7872
-0.45745849609375,0.7873000000000001
-0.54962158203125,0.7874000000000001
-0.1312255859375,0.7875000000000001
-0.3656005859375,0.7876000000000001
-0.40802001953125,0.7877000000000001
-0.4132080078125,0.7878000000000001
-0.49652099609375,0.7879
-0.37811279296875,0.788
0.06927490234375,0.7881
-0.03936767578125,0.7882
-0.1519775390625,0.7883
-0.1068115234375,0.7884000000000001
-0.3582763671875,0.7885000000000001
-0.401611328125,0.7886000000000001
-0.10284423828125,0.7887000000000001
-0.0439453125,0.7888000000000001
-0.228271484375,0.7889
-0.17181396484375,0.789
-0.43975830078125,0.7891
-0.3900146484375,0.7892
-0.107421875,0.7893
-0.35247802734375,0.7894000000000001
0.04150390625,0.7895000000000001
-0.2679443359375,0.7896000000000001
-0.355224609375,0.7897000000000001
-0.04150390625,0.7898000000000001
-0.306396484375,0.7899
-0.145263671875,0.79
-0.0909423828125,0.7901
-0.26031494140625,0.7902
-0.31524658203125,0.7903
0.1361083984375,0.7904000000000001
0.01861572265625,0.7905000000000001
-0.08819580078125,0.7906000000000001
-0.323486328125,0.7907000000000001
-0.4315185546875,0.7908000000000001
-0.27862548828125,0.7909
0.1654052734375,0.791
-0.30548095703125,0.7911
0.09918212890625,0.7912
-0.14739990234375,0.7913
-0.5072021484375,0.7914000000000001
-0.1611328125,0.7915000000000001
-0.218505859375,0.7916000000000001
0.1513671875,0.7917000000000001
0.11810302734375,0.7918000000000001
-0.2435302734375,0.7919
-0.2679443359375,0.792
-0.4376220703125,0.7921
0.0555419921875,0.7922
-0.4864501953125,0.7923
-0.14434814453125,0.7924000000000001
-0.2569580078125,0.7925000000000001
-0.269775390625,0.7926000000000001
-0.0360107421875,0.7927000000000001
-0.242919921875,0.7928000000000001
0.13763427734375,0.7929
-0.06500244140625,0.793
0.0146484375,0.7931
0.07049560546875,0.7932
0.24169921875,0.7933
0.22705078125,0.7934000000000001
0.0469970703125,0.7935000000000001
0.08575439453125,0.7936000000000001
-0.18951416015625,0.7937000000000001
0.29205322265625,0.7938000000000001
0.3338623046875,0.7939
0.289306640625,0.794
0.2276611328125,0.7941
0.20355224609375,0.7942
0.12664794921875,0.7943
0.23468017578125,0.7944000000000001
0.14373779296875,0.7945000000000001
0.3753662109375,0.7946000000000001
0.3302001953125,0.7947000000000001
0.396728515625,0.7948000000000001
0.374755859375,0.7949
-0.02471923828125,0.795
0.3759765625,0.7951
0.31494140625,0.7952
0.4193115234375,0.7953
0.39794921875,0.7954000000000001
0.41778564453125,0.7955000000000001
0.418701171875,0.7956000000000001
0.4010009765625,0.7957000000000001
0.42938232421875,0.7958000000000001
0.42633056640625,0.7959
0.41717529296875,0.796
0.6829833984375,0.7961
0.50048828125,0.7962
0.79559326171875,0.7963
0.46783447265625,0.7964000000000001
0.46783447265625,0.7965000000000001
0.55328369140625,0.7966000000000001
0.7763671875,0.7967000000000001
0.82733154296875,0.7968000000000001
0.72296142578125,0.7969
0.732421875,0.797
0.63018798828125,0.7971
0.435791015625,0.7972
1.04217529296875,0.7973
0.794677734375,0.7974000000000001
0.82763671875,0.7975000000000001
0.61737060546875,0.7976000000000001
0.59783935546875,0.7977000000000001
0.88592529296875,0.7978000000000001
0.7501220703125,0.7979
1.18743896484375,0.798
1.15509033203125,0.7981
1.0650634765625,0.7982
0.75347900390625,0.7983
0.855712890625,0.7984000000000001
0.95672607421875,0.7985000000000001
0.7769775390625,0.7986000000000001
1.30279541015625,0.7987000000000001
1.03363037109375,0.7988000000000001
1.02386474609375,0.7989
1.1077880859375,0.799
0.9954833984375,0.7991
1.25732421875,0.7992
1.09893798828125,0.7993
0.9307861328125,0.7994000000000001
1.07666015625,0.7995000000000001
1.2725830078125,0.7996000000000001
1.19293212890625,0.7997000000000001
0.91522216796875,0.7998000000000001
1.2969970703125,0.7999
1.09283447265625,0.8
1.258544921875,0.8001
1.0565185546875,0.8002
1.300048828125,0.8003
1.3427734375,0.8004
1.1920166015625,0.8005
1.25457763671875,0.8006000000000001
0.89630126953125,0.8007000000000001
1.02508544921875,0.8008000000000001
1.0040283203125,0.8009000000000001
1.28814697265625,0.801
0.98602294921875,0.8011
0.9625244140625,0.8012
1.3995361328125,0.8013
1.1279296875,0.8014
1.3958740234375,0.8015
1.28631591796875,0.8016000000000001
1.3006591796875,0.8017000000000001
1.0498046875,0.8018000000000001
0.946044921875,0.8019000000000001
1.23443603515625,0.802
1.0235595703125,0.8021
1.14105224609375,0.8022
1.0552978515625,0.8023
0.9832763671875,0.8024
1.1669921875,0.8025
0.79254150390625,0.8026000000000001
1.2420654296875,0.8027000000000001
1.30035400390625,0.8028000000000001
0.867919921875,0.8029000000000001
1.37664794921875,0.803
1.16241455078125,0.8031
1.17218017578125,0.8032
1.5020751953125,0.8033
0.9515380859375,0.8034
1.104736328125,0.8035
0.92742919921875,0.8036000000000001
1.16302490234375,0.8037000000000001
1.0577392578125,0.8038000000000001
1.32537841796875,0.8039000000000001
0.93902587890625,0.804
0.99639892578125,0.8041
1.0968017578125,0.8042
0.6689453125,0.8043
1.02081298828125,0.8044
1.38458251953125,0.8045
1.22833251953125,0.8046000000000001
1.16180419921875,0.8047000000000001
0.8795166015625,0.8048000000000001
1.15264892578125,0.8049000000000001
1.02264404296875,0.805
1.370849609375,0.8051
0.88104248046875,0.8052
0.94696044921875,0.8053
1.23626708984375,0.8054
0.42510986328125,0.8055
1.0552978515625,0.8056000000000001
1.2298583984375,0.8057000000000001
0.99151611328125,0.8058000000000001
0.963134765625,0.8059000000000001
1.051025390625,0.806
1.26312255859375,0.8061
1.2786865234375,0.8062
0.9796142578125,0.8063
1.00311279296875,0.8064
0.55419921875,0.8065
1.17279052734375,0.8066000000000001
1.25885009765625,0.8067000000000001
1.08978271484375,0.8068000000000001
1.09039306640625,0.8069000000000001
0.74920654296875,0.807
1.14288330078125,0.8071
1.04888916015625,0.8072
1.24542236328125,0.8073
1.80908203125,0.8074
0.965576171875,0.8075
1.0101318359375,0.8076000000000001
0.7183837890625,0.8077000000000001
1.29730224609375,0.8078000000000001
1.524658203125,0.8079000000000001
1.31744384765625,0.808
1.34307861328125,0.8081
0.96038818359375,0.8082
1.23199462890625,0.8083
1.0015869140625,0.8084
1.26434326171875,0.8085
1.34124755859375,0.8086000000000001
1.15692138671875,0.8087000000000001
0.96771240234375,0.8088000000000001
1.16302490234375,0.8089000000000001
1.2811279296875,0.809
1.510009765625,0.8091
1.34765625,0.8092
1.21124267578125,0.8093
1.19293212890625,0.8094
1.47125244140625,0.8095
1.49749755859375,0.8096000000000001
1.448974609375,0.8097000000000001
1.57745361328125,0.8098000000000001
1.14837646484375,0.8099000000000001
1.1932373046875,0.81
0.98663330078125,0.8101
1.3934326171875,0.8102
1.40350341796875,0.8103
1.32598876953125,0.8104
1.43707275390625,0.8105
1.00738525390625,0.8106000000000001
1.624755859375,0.8107000000000001
1.57958984375,0.8108000000000001
1.21307373046875,0.8109000000000001
1.73553466796875,0.811
1.298828125,0.8111
1.15325927734375,0.8112
0.89813232421875,0.8113
1.77825927734375,0.8114
1.86859130859375,0.8115
1.4019775390625,0.8116000000000001
1.1456298828125,0.8117000000000001
1.090087890625,0.8118000000000001
1.5228271484375,0.8119000000000001
1.3018798828125,0.812
1.53106689453125,0.8121
1.55609130859375,0.8122
1.19720458984375,0.8123
1.21612548828125,0.8124
1.21429443359375,0.8125
1.49200439453125,0.8126
1.37298583984375,0.8127000000000001
1.73095703125,0.8128000000000001
1.01531982421875,0.8129000000000001
1.63177490234375,0.8130000000000001
1.649169921875,0.8131
1.6400146484375,0.8132
1.5289306640625,0.8133
1.13006591796875,0.8134
1.28692626953125,0.8135
1.1883544921875,0.8136000000000001
1.51275634765625,0.8137000000000001
1.7022705078125,0.8138000000000001
1.3836669921875,0.8139000000000001
1.54815673828125,0.8140000000000001
1.22711181640625,0.8141
1.34857177734375,0.8142
1.9384765625,0.8143
1.54815673828125,0.8144
1.65374755859375,0.8145
1.42303466796875,0.8146
1.2451171875,0.8147000000000001
1.6046142578125,0.8148000000000001
1.53778076171875,0.8149000000000001
1.9293212890625,0.8150000000000001
1.6607666015625,0.8151
1.7572021484375,0.8152
1.33148193359375,0.8153
1.23687744140625,0.8154
1.6455078125,0.8155
1.36993408203125,0.8156
1.62750244140625,0.8157000000000001
1.35223388671875,0.8158000000000001
1.51397705078125,0.8159000000000001
1.59027099609375,0.8160000000000001
1.55670166015625,0.8161
1.8023681640625,0.8162
1.573486328125,0.8163
1.73858642578125,0.8164
1.65191650390625,0.8165
1.685791015625,0.8166
1.85760498046875,0.8167000000000001
1.54266357421875,0.8168000000000001
1.47674560546875,0.8169000000000001
1.0455322265625,0.8170000000000001
1.517333984375,0.8171
1.9842529296875,0.8172
1.51458740234375,0.8173
1.88323974609375,0.8174
1.59210205078125,0.8175
1.49993896484375,0.8176
1.7803955078125,0.8177000000000001
1.53656005859375,0.8178000000000001
1.92657470703125,0.8179000000000001
1.6326904296875,0.8180000000000001
1.59393310546875,0.8181
1.67236328125,0.8182
1.71630859375,0.8183
1.9439697265625,0.8184
1.7181396484375,0.8185
1.7364501953125,0.8186
1.6015625,0.8187000000000001
1.88018798828125,0.8188000000000001
2.1533203125,0.8189000000000001
1.669921875,0.8190000000000001
1.9573974609375,0.8191
1.83074951171875,0.8192
1.7230224609375,0.8193
2.0379638671875,0.8194
1.500244140625,0.8195
2.11761474609375,0.8196
1.68121337890625,0.8197000000000001
1.74896240234375,0.8198000000000001
1.75262451171875,0.8199000000000001
1.47003173828125,0.8200000000000001
1.97113037109375,0.8201
1.6680908203125,0.8202
1.634521484375,0.8203
1.7388916015625,0.8204
1.67388916015625,0.8205
2.08038330078125,0.8206
1.93817138671875,0.8207000000000001
1.95526123046875,0.8208000000000001
2.03338623046875,0.8209000000000001
1.72607421875,0.8210000000000001
1.763916015625,0.8211
1.62261962890625,0.8212
2.24334716796875,0.8213
1.95159912109375,0.8214
1.94793701171875,0.8215
1.63787841796875,0.8216
1.21826171875,0.8217000000000001
1.7669677734375,0.8218000000000001
1.55670166015625,0.8219000000000001
1.83685302734375,0.8220000000000001
1.77825927734375,0.8221
1.70440673828125,0.8222
1.7657470703125,0.8223
1.56402587890625,0.8224
2.23052978515625,0.8225
1.68701171875,0.8226
1.91741943359375,0.8227000000000001
1.6375732421875,0.8228000000000001
1.5777587890625,0.8229000000000001
2.152099609375,0.8230000000000001
1.53350830078125,0.8231
1.55303955078125,0.8232
1.55364990234375,0.8233
1.55242919921875,0.8234
1.7242431640625,0.8235
1.45782470703125,0.8236
1.57196044921875,0.8237000000000001
1.54083251953125,0.8238000000000001
1.86981201171875,0.8239000000000001
1.50909423828125,0.8240000000000001
1.69342041015625,0.8241
1.98760986328125,0.8242
1.8511962890625,0.8243
1.49322509765625,0.8244
1.3140869140625,0.8245
1.5838623046875,0.8246
1.3958740234375,0.8247
1.796875,0.8248000000000001
1.728515625,0.8249000000000001
1.7010498046875,0.8250000000000001
1.80023193359375,0.8251000000000001
1.48162841796875,0.8252000000000002
1.7529296875,0.8253000000000001
1.61407470703125,0.8254000000000001
1.43798828125,0.8255000000000001
1.552734375,0.8256000000000001
1.67327880859375,0.8257000000000001
1.6778564453125,0.8258000000000001
1.6436767578125,0.8259000000000001
1.5765380859375,0.8260000000000001
1.35223388671875,0.8261000000000001
1.41357421875,0.8262
1.9549560546875,0.8263000000000001
1.74468994140625,0.8264000000000001
1.922607421875,0.8265000000000001
1.96197509765625,0.8266000000000001
1.21978759765625,0.8267000000000001
1.4764404296875,0.8268000000000001
1.2213134765625,0.8269000000000001
1.7578125,0.8270000000000001
1.767578125,0.8271000000000001
1.53564453125,0.8272
1.5338134765625,0.8273000000000001
1.510009765625,0.8274000000000001
2.06817626953125,0.8275000000000001
1.7498779296875,0.8276000000000001
1.9635009765625,0.8277000000000001
1.6729736328125,0.8278000000000001
1.69158935546875,0.8279000000000001
1.7474365234375,0.8280000000000001
1.51519775390625,0.8281000000000001
2.0977783203125,0.8282
1.78558349609375,0.8283000000000001
1.7242431640625,0.8284000000000001
1.3690185546875,0.8285000000000001
1.2725830078125,0.8286000000000001
1.78924560546875,0.8287000000000001
1.52679443359375,0.8288000000000001
1.87652587890625,0.8289000000000001
1.67724609375,0.8290000000000001
1.441650390625,0.8291000000000001
1.7926025390625,0.8292
1.5789794921875,0.8293000000000001
1.85089111328125,0.8294000000000001
1.7291259765625,0.8295000000000001
1.6351318359375,0.8296000000000001
1.58660888671875,0.8297000000000001
1.57379150390625,0.8298000000000001
2.01416015625,0.8299000000000001
1.6455078125,0.8300000000000001
1.71875,0.8301000000000001
1.5234375,0.8302
1.30035400390625,0.8303000000000001
1.43524169921875,0.8304000000000001
1.41326904296875,0.8305000000000001
1.5838623046875,0.8306000000000001
1.88079833984375,0.8307000000000001
1.35650634765625,0.8308000000000001
1.3946533203125,0.8309000000000001
1.42242431640625,0.8310000000000001
1.70562744140625,0.8311000000000001
2.0745849609375,0.8312
1.38824462890625,0.8313000000000001
1.6253662109375,0.8314000000000001
1.1077880859375,0.8315000000000001
1.87286376953125,0.8316000000000001
1.62353515625,0.8317000000000001
1.4434814453125,0.8318000000000001
1.56829833984375,0.8319000000000001
1.24603271484375,0.8320000000000001
1.2164306640625,0.8321000000000001
1.30401611328125,0.8322
1.48590087890625,0.8323000000000002
1.5802001953125,0.8324000000000001
1.44927978515625,0.8325000000000001
1.43218994140625,0.8326000000000001
1.5911865234375,0.8327000000000001
1.8603515625,0.8328000000000001
1.52435302734375,0.8329000000000001
1.50054931640625,0.8330000000000001
1.41998291015625,0.8331000000000001
1.42791748046875,0.8332
1.48529052734375,0.8333000000000002
1.6259765625,0.8334000000000001
1.24847412109375,0.8335000000000001
1.427001953125,0.8336000000000001
1.1553955078125,0.8337000000000001
1.16851806640625,0.8338000000000001
1.60430908203125,0.8339000000000001
1.84234619140625,0.8340000000000001
1.5484619140625,0.8341000000000001
1.22650146484375,0.8342
1.47796630859375,0.8343000000000002
1.3629150390625,0.8344000000000001
1.639404296875,0.8345000000000001
1.62322998046875,0.8346000000000001
1.402587890625,0.8347000000000001
1.5960693359375,0.8348000000000001
1.27685546875,0.8349000000000001
1.42669677734375,0.8350000000000001
1.529541015625,0.8351000000000001
1.73858642578125,0.8352
1.5838623046875,0.8353000000000002
1.2701416015625,0.8354000000000001
1.38641357421875,0.8355000000000001
1.2872314453125,0.8356000000000001
1.9342041015625,0.8357000000000001
1.71539306640625,0.8358000000000001
1.312255859375,0.8359000000000001
1.62689208984375,0.8360000000000001
1.29974365234375,0.8361000000000001
1.35009765625,0.8362
1.53839111328125,0.8363
1.6619873046875,0.8364000000000001
1.3519287109375,0.8365000000000001
1.36962890625,0.8366000000000001
1.08367919921875,0.8367000000000001
1.4630126953125,0.8368000000000001
1.56280517578125,0.8369000000000001
1.73614501953125,0.8370000000000001
1.58447265625,0.8371000000000001
1.400146484375,0.8372
1.32293701171875,0.8373000000000002
1.53167724609375,0.8374000000000001
1.66259765625,0.8375000000000001
1.68304443359375,0.8376000000000001
1.3946533203125,0.8377000000000001
1.14105224609375,0.8378000000000001
1.11358642578125,0.8379000000000001
1.2469482421875,0.8380000000000001
1.72088623046875,0.8381000000000001
1.64398193359375,0.8382000000000001
1.60308837890625,0.8383
1.30615234375,0.8384000000000001
1.0870361328125,0.8385000000000001
1.5618896484375,0.8386000000000001
1.40777587890625,0.8387000000000001
1.76666259765625,0.8388000000000001
1.5032958984375,0.8389000000000001
1.38397216796875,0.8390000000000001
1.24176025390625,0.8391000000000001
1.36749267578125,0.8392000000000001
1.80877685546875,0.8393
1.57958984375,0.8394000000000001
1.4813232421875,0.8395000000000001
1.41998291015625,0.8396000000000001
1.59210205078125,0.8397000000000001
1.4794921875,0.8398000000000001
1.31011962890625,0.8399000000000001
1.70501708984375,0.8400000000000001
1.36444091796875,0.8401000000000001
1.4093017578125,0.8402000000000001
1.1572265625,0.8403
1.17034912109375,0.8404000000000001
1.60858154296875,0.8405000000000001
1.5478515625,0.8406000000000001
1.4447021484375,0.8407000000000001
1.392822265625,0.8408000000000001
1.3409423828125,0.8409000000000001
1.3287353515625,0.8410000000000001
1.40777587890625,0.8411000000000001
1.42913818359375,0.8412000000000001
1.44317626953125,0.8413
1.46392822265625,0.8414000000000001
1.51947021484375,0.8415000000000001
1.09100341796875,0.8416000000000001
1.651611328125,0.8417000000000001
1.46514892578125,0.8418000000000001
1.40106201171875,0.8419000000000001
1.58599853515625,0.8420000000000001
0.97259521484375,0.8421000000000001
1.2310791015625,0.8422000000000001
1.241455078125,0.8423
1.3323974609375,0.8424000000000001
1.52069091796875,0.8425000000000001
1.21490478515625,0.8426000000000001
1.23260498046875,0.8427000000000001
0.870361328125,0.8428000000000001
1.3409423828125,0.8429000000000001
1.22039794921875,0.8430000000000001
1.51947021484375,0.8431000000000001
1.67510986328125,0.8432000000000001
1.0003662109375,0.8433
1.1395263671875,0.8434000000000001
1.23382568359375,0.8435000000000001
1.041259765625,0.8436000000000001
1.37847900390625,0.8437000000000001
1.373291015625,0.8438000000000001
0.955810546875,0.8439000000000001
1.3555908203125,0.8440000000000001
1.4739990234375,0.8441000000000001
1.378173828125,0.8442000000000001
1.446533203125,0.8443
1.70806884765625,0.8444000000000002
1.17431640625,0.8445000000000001
1.21429443359375,0.8446000000000001
1.346435546875,0.8447000000000001
1.087646484375,0.8448000000000001
1.4874267578125,0.8449000000000001
0.831298828125,0.8450000000000001
1.38916015625,0.8451000000000001
0.95794677734375,0.8452000000000001
1.229248046875,0.8453
1.446533203125,0.8454000000000002
1.31805419921875,0.8455000000000001
1.48040771484375,0.8456000000000001
0.7891845703125,0.8457000000000001
1.37451171875,0.8458000000000001
1.40838623046875,0.8459000000000001
1.36871337890625,0.8460000000000001
1.77032470703125,0.8461000000000001
0.9912109375,0.8462000000000001
1.22039794921875,0.8463
0.88226318359375,0.8464000000000002
1.00677490234375,0.8465000000000001
1.66748046875,0.8466000000000001
1.35406494140625,0.8467000000000001
1.30462646484375,0.8468000000000001
1.221923828125,0.8469000000000001
1.1529541015625,0.8470000000000001
1.24664306640625,0.8471000000000001
1.34429931640625,0.8472000000000001
1.59027099609375,0.8473
1.26190185546875,0.8474000000000002
1.49078369140625,0.8475000000000001
1.28662109375,0.8476000000000001
1.19384765625,0.8477000000000001
1.3677978515625,0.8478000000000001
1.32293701171875,0.8479000000000001
1.29058837890625,0.8480000000000001
1.4208984375,0.8481000000000001
1.07330322265625,0.8482000000000001
1.47979736328125,0.8483
1.6156005859375,0.8484000000000002
1.513671875,0.8485000000000001
1.295166015625,0.8486000000000001
1.3055419921875,0.8487000000000001
1.1798095703125,0.8488000000000001
1.69281005859375,0.8489000000000001
1.41845703125,0.8490000000000001
1.34033203125,0.8491000000000001
1.72393798828125,0.8492000000000001
1.24176025390625,0.8493
1.21978759765625,0.8494000000000002
1.4190673828125,0.8495000000000001
1.39068603515625,0.8496000000000001
1.3812255859375,0.8497000000000001
1.2347412109375,0.8498000000000001
1.17095947265625,0.8499000000000001
1.02752685546875,0.8500000000000001
1.51824951171875,0.8501000000000001
1.45538330078125,0.8502000000000001
1.4898681640625,0.8503000000000001
1.6339111328125,0.8504
1.2969970703125,0.8505
1.34429931640625,0.8506000000000001
1.54388427734375,0.8507000000000001
1.7034912109375,0.8508000000000001
1.6522216796875,0.8509000000000001
1.6412353515625,0.8510000000000001
1.0064697265625,0.8511000000000001
1.17523193359375,0.8512000000000001
1.4117431640625,0.8513000000000001
1.0943603515625,0.8514
1.84417724609375,0.8515
1.59515380859375,0.8516000000000001
1.5802001953125,0.8517000000000001
1.4410400390625,0.8518000000000001
1.334228515625,0.8519000000000001
1.5985107421875,0.8520000000000001
1.632080078125,0.8521000000000001
1.28662109375,0.8522000000000001
1.1639404296875,0.8523000000000001
1.4263916015625,0.8524
1.611328125,0.8525
1.3714599609375,0.8526000000000001
1.30767822265625,0.8527000000000001
1.57196044921875,0.8528000000000001
1.26800537109375,0.8529000000000001
1.50787353515625,0.8530000000000001
1.395263671875,0.8531000000000001
1.739501953125,0.8532000000000001
1.6961669921875,0.8533000000000001
0.9332275390625,0.8534
1.19171142578125,0.8535
1.2884521484375,0.8536000000000001
1.5411376953125,0.8537000000000001
1.80572509765625,0.8538000000000001
1.522216796875,0.8539000000000001
1.314697265625,0.8540000000000001
1.317138671875,0.8541000000000001
1.32843017578125,0.8542000000000001
1.52740478515625,0.8543000000000001
1.67816162109375,0.8544
1.749267578125,0.8545
1.1181640625,0.8546000000000001
1.04034423828125,0.8547000000000001
1.26739501953125,0.8548000000000001
1.54052734375,0.8549000000000001
1.7877197265625,0.8550000000000001
1.3641357421875,0.8551000000000001
1.63299560546875,0.8552000000000001
1.41326904296875,0.8553000000000001
1.34307861328125,0.8554
1.17218017578125,0.8555
1.54022216796875,0.8556000000000001
1.580810546875,0.8557000000000001
1.519775390625,0.8558000000000001
1.4593505859375,0.8559000000000001
1.6314697265625,0.8560000000000001
1.70989990234375,0.8561000000000001
1.75018310546875,0.8562000000000001
1.19964599609375,0.8563000000000001
1.57318115234375,0.8564
1.309814453125,0.8565
1.2054443359375,0.8566000000000001
1.90185546875,0.8567000000000001
1.2139892578125,0.8568000000000001
1.6619873046875,0.8569000000000001
1.0980224609375,0.8570000000000001
1.114501953125,0.8571000000000001
1.57623291015625,0.8572000000000001
2.01995849609375,0.8573000000000001
1.80755615234375,0.8574
1.4642333984375,0.8575
1.7242431640625,0.8576000000000001
1.26129150390625,0.8577000000000001
1.2445068359375,0.8578000000000001
1.69464111328125,0.8579000000000001
1.3763427734375,0.8580000000000001
1.80267333984375,0.8581000000000001
1.34246826171875,0.8582000000000001
1.2030029296875,0.8583000000000001
1.80816650390625,0.8584
1.82647705078125,0.8585
1.9036865234375,0.8586000000000001
1.71844482421875,0.8587000000000001
1.23443603515625,0.8588000000000001
1.578369140625,0.8589000000000001
1.38702392578125,0.8590000000000001
1.69036865234375,0.8591000000000001
1.54815673828125,0.8592000000000001
2.06634521484375,0.8593000000000001
1.4752197265625,0.8594
1.0382080078125,0.8595
1.61773681640625,0.8596000000000001
1.4794921875,0.8597000000000001
1.9134521484375,0.8598000000000001
1.91558837890625,0.8599000000000001
1.26739501953125,0.8600000000000001
1.67083740234375,0.8601000000000001
1.866455078125,0.8602000000000001
1.60308837890625,0.8603000000000001
1.58447265625,0.8604
1.83319091796875,0.8605
1.48712158203125,0.8606000000000001
1.5850830078125,0.8607000000000001
1.72454833984375,0.8608000000000001
1.77886962890625,0.8609000000000001
1.94549560546875,0.8610000000000001
1.69769287109375,0.8611000000000001
1.3372802734375,0.8612000000000001
1.7291259765625,0.8613000000000001
1.76055908203125,0.8614
1.63726806640625,0.8615
1.8951416015625,0.8616000000000001
1.5509033203125,0.8617000000000001
1.669921875,0.8618000000000001
1.45477294921875,0.8619000000000001
1.75933837890625,0.8620000000000001
2.0269775390625,0.8621000000000001
1.671142578125,0.8622000000000001
1.49749755859375,0.8623000000000001
1.04248046875,0.8624
1.94549560546875,0.8625
1.83074951171875,0.8626
1.56982421875,0.8627000000000001
1.8267822265625,0.8628000000000001
1.24114990234375,0.8629000000000001
1.56097412109375,0.8630000000000001
1.11175537109375,0.8631000000000001
1.258544921875,0.8632000000000001
2.00042724609375,0.8633000000000001
1.65557861328125,0.8634000000000001
1.64031982421875,0.8635
1.4776611328125,0.8636000000000001
1.73553466796875,0.8637000000000001
1.90826416015625,0.8638000000000001
1.3958740234375,0.8639000000000001
1.4581298828125,0.8640000000000001
1.3482666015625,0.8641000000000001
1.697998046875,0.8642000000000001
1.44073486328125,0.8643000000000001
1.44287109375,0.8644000000000001
1.6839599609375,0.8645
1.41357421875,0.8646
1.4520263671875,0.8647000000000001
1.37969970703125,0.8648000000000001
1.35009765625,0.8649000000000001
1.98211669921875,0.8650000000000001
1.67816162109375,0.8651000000000001
1.47247314453125,0.8652000000000001
1.427001953125,0.8653000000000001
1.56036376953125,0.8654000000000001
1.44012451171875,0.8655
1.77520751953125,0.8656
1.92779541015625,0.8657000000000001
1.45355224609375,0.8658000000000001
1.614990234375,0.8659000000000001
1.44561767578125,0.8660000000000001
1.70684814453125,0.8661000000000001
1.74224853515625,0.8662000000000001
1.6595458984375,0.8663000000000001
1.5203857421875,0.8664000000000001
1.3800048828125,0.8665
1.4251708984375,0.8666
1.34735107421875,0.8667000000000001
1.70440673828125,0.8668000000000001
1.6912841796875,0.8669000000000001
1.87469482421875,0.8670000000000001
1.4849853515625,0.8671000000000001
1.17584228515625,0.8672000000000001
1.60552978515625,0.8673000000000001
1.79931640625,0.8674000000000001
1.54327392578125,0.8675
1.864013671875,0.8676
1.767578125,0.8677000000000001
1.14288330078125,0.8678000000000001
1.3739013671875,0.8679000000000001
1.4459228515625,0.8680000000000001
1.57501220703125,0.8681000000000001
1.9281005859375,0.8682000000000001
1.65985107421875,0.8683000000000001
1.66534423828125,0.8684000000000001
1.7376708984375,0.8685
1.5521240234375,0.8686
1.8902587890625,0.8687000000000001
1.65435791015625,0.8688000000000001
1.5673828125,0.8689000000000001
1.70440673828125,0.8690000000000001
1.58660888671875,0.8691000000000001
1.7828369140625,0.8692000000000001
1.815185546875,0.8693000000000001
1.73583984375,0.8694000000000001
1.52130126953125,0.8695
1.2591552734375,0.8696
1.771240234375,0.8697000000000001
1.529541015625,0.8698000000000001
1.72515869140625,0.8699000000000001
1.73187255859375,0.8700000000000001
1.45294189453125,0.8701000000000001
1.59698486328125,0.8702000000000001
1.54052734375,0.8703000000000001
1.50421142578125,0.8704000000000001
2.19818115234375,0.8705
1.84051513671875,0.8706
1.749267578125,0.8707000000000001
1.4605712890625,0.8708000000000001
1.57318115234375,0.8709000000000001
1.4410400390625,0.8710000000000001
1.75933837890625,0.8711000000000001
1.50634765625,0.8712000000000001
1.57257080078125,0.8713000000000001
1.50299072265625,0.8714000000000001
1.22100830078125,0.8715
1.241455078125,0.8716
2.06787109375,0.8717000000000001
1.3873291015625,0.8718000000000001
1.636962890625,0.8719000000000001
1.58111572265625,0.8720000000000001
1.4520263671875,0.8721000000000001
1.70806884765625,0.8722000000000001
1.53350830078125,0.8723000000000001
1.43585205078125,0.8724000000000001
1.54998779296875,0.8725
1.51123046875,0.8726
1.5234375,0.8727000000000001
1.54815673828125,0.8728000000000001
2.04498291015625,0.8729000000000001
1.28631591796875,0.8730000000000001
1.55517578125,0.8731000000000001
0.95001220703125,0.8732000000000001
1.32781982421875,0.8733000000000001
1.7193603515625,0.8734000000000001
1.47247314453125,0.8735
1.829833984375,0.8736
1.4959716796875,0.8737000000000001
1.26251220703125,0.8738000000000001
1.1383056640625,0.8739000000000001
1.317138671875,0.8740000000000001
2.00103759765625,0.8741000000000001
1.77886962890625,0.8742000000000001
1.55517578125,0.8743000000000001
1.23779296875,0.8744000000000001
0.8489990234375,0.8745
1.61224365234375,0.8746
1.2103271484375,0.8747
1.56463623046875,0.8748000000000001
1.62445068359375,0.8749000000000001
1.36749267578125,0.8750000000000001
1.52740478515625,0.8751000000000001
1.29608154296875,0.8752000000000002
2.06451416015625,0.8753000000000002
1.73614501953125,0.8754000000000002
1.64703369140625,0.8755000000000002
1.3043212890625,0.8756000000000002
1.07513427734375,0.8757000000000001
1.55975341796875,0.8758000000000001
1.1236572265625,0.8759000000000001
1.57623291015625,0.8760000000000001
1.2542724609375,0.8761000000000001
1.224365234375,0.8762000000000001
1.33331298828125,0.8763000000000002
1.46820068359375,0.8764000000000002
1.82037353515625,0.8765000000000002
1.6290283203125,0.8766000000000002
1.63116455078125,0.8767000000000001
1.23687744140625,0.8768000000000001
1.5191650390625,0.8769000000000001
1.73309326171875,0.8770000000000001
1.8243408203125,0.8771000000000001
1.56646728515625,0.8772000000000001
1.412353515625,0.8773000000000002
1.52313232421875,0.8774000000000002
1.23626708984375,0.8775000000000002
1.4276123046875,0.8776000000000002
1.790771484375,0.8777000000000001
1.98455810546875,0.8778000000000001
1.7596435546875,0.8779000000000001
1.16790771484375,0.8780000000000001
1.33148193359375,0.8781000000000001
1.7523193359375,0.8782000000000001
1.5557861328125,0.8783000000000002
1.60797119140625,0.8784000000000002
1.8841552734375,0.8785000000000002
1.45294189453125,0.8786000000000002
1.21429443359375,0.8787000000000001
1.29486083984375,0.8788000000000001
1.6845703125,0.8789000000000001
1.9317626953125,0.8790000000000001
1.75689697265625,0.8791000000000001
1.4190673828125,0.8792000000000001
1.56219482421875,0.8793000000000002
1.5069580078125,0.8794000000000002
1.54998779296875,0.8795000000000002
1.70501708984375,0.8796000000000002
1.6741943359375,0.8797000000000001
1.84844970703125,0.8798000000000001
1.3446044921875,0.8799000000000001
1.6131591796875,0.8800000000000001
1.7864990234375,0.8801000000000001
1.77825927734375,0.8802000000000001
2.00225830078125,0.8803000000000002
1.39678955078125,0.8804000000000002
1.64764404296875,0.8805000000000002
1.3946533203125,0.8806000000000002
1.7510986328125,0.8807000000000001
1.708984375,0.8808000000000001
1.52130126953125,0.8809000000000001
1.6217041015625,0.8810000000000001
1.4874267578125,0.8811000000000001
1.45660400390625,0.8812000000000001
1.533203125,0.8813000000000002
1.9793701171875,0.8814000000000002
1.98394775390625,0.8815000000000002
1.35589599609375,0.8816000000000002
1.32476806640625,0.8817000000000002
1.7547607421875,0.8818000000000001
1.5142822265625,0.8819000000000001
1.7242431640625,0.8820000000000001
1.800537109375,0.8821000000000001
1.5216064453125,0.8822000000000001
1.3116455078125,0.8823000000000002
1.0992431640625,0.8824000000000002
1.77764892578125,0.8825000000000002
1.79779052734375,0.8826000000000002
1.92413330078125,0.8827000000000002
1.494140625,0.8828000000000001
1.30584716796875,0.8829000000000001
1.75262451171875,0.8830000000000001
1.5936279296875,0.8831000000000001
1.683349609375,0.8832000000000001
1.3238525390625,0.8833000000000002
1.69586181640625,0.8834000000000002
1.5008544921875,0.8835000000000002
1.553955078125,0.8836000000000002
2.017822265625,0.8837000000000002
1.79595947265625,0.8838000000000001
1.8731689453125,0.8839000000000001
1.26251220703125,0.8840000000000001
1.36199951171875,0.8841000000000001
1.80328369140625,0.8842000000000001
1.75537109375,0.8843000000000002
1.8438720703125,0.8844000000000002
1.28021240234375,0.8845000000000002
1.2396240234375,0.8846000000000002
1.5472412109375,0.8847000000000002
1.30401611328125,0.8848000000000001
2.05535888671875,0.8849000000000001
1.6546630859375,0.8850000000000001
1.868896484375,0.8851000000000001
1.4642333984375,0.8852000000000001
1.2799072265625,0.8853000000000002
2.14202880859375,0.8854000000000002
1.81610107421875,0.8855000000000002
1.77154541015625,0.8856000000000002
1.63848876953125,0.8857000000000002
1.27593994140625,0.8858000000000001
1.6473388671875,0.8859000000000001
1.04278564453125,0.8860000000000001
1.93328857421875,0.8861000000000001
1.71875,0.8862000000000001
1.52099609375,0.8863000000000001
1.5509033203125,0.8864000000000002
1.4862060546875,0.8865000000000002
2.052001953125,0.8866000000000002
1.588134765625,0.8867000000000002
1.92138671875,0.8868000000000001
1.77947998046875,0.8869000000000001
1.65802001953125,0.8870000000000001
1.7388916015625,0.8871000000000001
1.59637451171875,0.8872000000000001
1.983642578125,0.8873000000000002
1.42608642578125,0.8874000000000002
1.70013427734375,0.8875000000000002
1.4501953125,0.8876000000000002
1.6339111328125,0.8877000000000002
1.74835205078125,0.8878000000000001
1.689453125,0.8879000000000001
2.027587890625,0.8880000000000001
1.6375732421875,0.8881000000000001
1.49627685546875,0.8882000000000001
1.475830078125,0.8883000000000001
1.7803955078125,0.8884000000000002
2.16339111328125,0.8885000000000002
1.95953369140625,0.8886000000000002
1.751708984375,0.8887000000000002
1.61376953125,0.8888000000000001
1.5472412109375,0.8889000000000001
1.73095703125,0.8890000000000001
1.83746337890625,0.8891000000000001
1.67510986328125,0.8892000000000001
1.9561767578125,0.8893000000000001
1.7425537109375,0.8894000000000002
1.619873046875,0.8895000000000002
1.678466796875,0.8896000000000002
2.001953125,0.8897000000000002
2.09686279296875,0.8898000000000001
2.09625244140625,0.8899000000000001
1.90643310546875,0.8900000000000001
1.41021728515625,0.8901000000000001
1.82830810546875,0.8902000000000001
1.944580078125,0.8903000000000001
1.84356689453125,0.8904000000000002
1.77642822265625,0.8905000000000002
1.7547607421875,0.8906000000000002
1.43798828125,0.8907000000000002
1.68487548828125,0.8908000000000001
1.7938232421875,0.8909000000000001
1.751708984375,0.8910000000000001
2.059326171875,0.8911000000000001
1.7547607421875,0.8912000000000001
1.85546875,0.8913000000000001
1.6558837890625,0.8914000000000002
2.0025634765625,0.8915000000000002
1.9378662109375,0.8916000000000002
1.9293212890625,0.8917000000000002
1.88568115234375,0.8918000000000001
1.62384033203125,0.8919000000000001
1.8243408203125,0.8920000000000001
1.98516845703125,0.8921000000000001
1.97509765625,0.8922000000000001
1.97845458984375,0.8923000000000001
1.09344482421875,0.8924000000000002
1.434326171875,0.8925000000000002
1.988525390625,0.8926000000000002
1.69036865234375,0.8927000000000002
1.86737060546875,0.8928000000000001
1.94244384765625,0.8929000000000001
1.529541015625,0.8930000000000001
1.49322509765625,0.8931000000000001
1.42822265625,0.8932000000000001
1.70318603515625,0.8933000000000001
2.15606689453125,0.8934000000000002
2.137451171875,0.8935000000000002
1.6436767578125,0.8936000000000002
1.48651123046875,0.8937000000000002
1.783447265625,0.8938000000000001
1.64642333984375,0.8939000000000001
1.96563720703125,0.8940000000000001
1.93389892578125,0.8941000000000001
1.8853759765625,0.8942000000000001
1.69036865234375,0.8943000000000001
1.55059814453125,0.8944000000000002
2.0684814453125,0.8945000000000002
2.021484375,0.8946000000000002
2.11822509765625,0.8947000000000002
1.6192626953125,0.8948000000000002
1.74224853515625,0.8949000000000001
1.80877685546875,0.8950000000000001
1.62078857421875,0.8951000000000001
2.025146484375,0.8952000000000001
1.9036865234375,0.8953000000000001
1.7047119140625,0.8954000000000002
1.65252685546875,0.8955000000000002
1.50390625,0.8956000000000002
1.983642578125,0.8957000000000002
1.93267822265625,0.8958000000000002
1.7059326171875,0.8959000000000001
1.81610107421875,0.8960000000000001
1.35772705078125,0.8961000000000001
1.917724609375,0.8962000000000001
1.69830322265625,0.8963000000000001
1.87591552734375,0.8964000000000002
2.25799560546875,0.8965000000000002
1.60675048828125,0.8966000000000002
1.7205810546875,0.8967000000000002
1.43707275390625,0.8968000000000002
2.1484375,0.8969000000000001
2.26654052734375,0.8970000000000001
2.06756591796875,0.8971000000000001
1.9940185546875,0.8972000000000001
0.8245849609375,0.8973000000000001
1.7657470703125,0.8974000000000002
1.6583251953125,0.8975000000000002
1.85577392578125,0.8976000000000002
2.2589111328125,0.8977000000000002
1.800537109375,0.8978000000000002
1.6705322265625,0.8979000000000001
1.6259765625,0.8980000000000001
1.88446044921875,0.8981000000000001
1.91375732421875,0.8982000000000001
2.08587646484375,0.8983000000000001
1.85943603515625,0.8984000000000002
1.73431396484375,0.8985000000000002
1.77215576171875,0.8986000000000002
1.94305419921875,0.8987000000000002
1.719970703125,0.8988000000000002
2.11822509765625,0.8989000000000001
1.69830322265625,0.8990000000000001
1.5863037109375,0.8991000000000001
1.6229248046875,0.8992000000000001
1.7974853515625,0.8993000000000001
2.1661376953125,0.8994000000000002
2.06268310546875,0.8995000000000002
2.13470458984375,0.8996000000000002
1.6693115234375,0.8997000000000002
2.0245361328125,0.8998000000000002
1.97845458984375,0.8999000000000001
2.04071044921875,0.9
2.27752685546875,0.9001
1.56280517578125,0.9002
1.9439697265625,0.9003
1.62689208984375,0.9004
1.444091796875,0.9005
2.26715087890625,0.9006000000000001
1.73126220703125,0.9007000000000001
1.93267822265625,0.9008
2.07244873046875,0.9009
1.83685302734375,0.901
1.9989013671875,0.9011
2.11273193359375,0.9012
2.21282958984375,0.9013
2.07366943359375,0.9014
1.722412109375,0.9015
1.95404052734375,0.9016000000000001
1.75628662109375,0.9017000000000001
2.00897216796875,0.9018
2.012939453125,0.9019
2.14935302734375,0.902
2.21588134765625,0.9021
1.72393798828125,0.9022
1.86370849609375,0.9023
1.94580078125,0.9024
2.01873779296875,0.9025
1.91650390625,0.9026000000000001
1.69921875,0.9027000000000001
1.86920166015625,0.9028
1.8548583984375,0.9029
2.17620849609375,0.903
1.729736328125,0.9031
2.1136474609375,0.9032
1.77215576171875,0.9033
1.55670166015625,0.9034
2.0263671875,0.9035
2.03338623046875,0.9036000000000001
1.92779541015625,0.9037000000000001
1.6387939453125,0.9038
1.42791748046875,0.9039
1.492919921875,0.904
1.9805908203125,0.9041
1.861572265625,0.9042
1.87164306640625,0.9043
1.97174072265625,0.9044
1.44866943359375,0.9045
1.65008544921875,0.9046000000000001
1.93939208984375,0.9047000000000001
1.9720458984375,0.9048
2.091064453125,0.9049
1.72119140625,0.905
1.1370849609375,0.9051
1.82037353515625,0.9052
1.97784423828125,0.9053
1.94976806640625,0.9054
2.1185302734375,0.9055
1.73583984375,0.9056000000000001
1.51092529296875,0.9057000000000001
1.56036376953125,0.9058
1.58660888671875,0.9059
1.9219970703125,0.906
2.10205078125,0.9061
1.4642333984375,0.9062
1.6278076171875,0.9063
1.63787841796875,0.9064
1.84906005859375,0.9065
1.7755126953125,0.9066000000000001
1.67266845703125,0.9067000000000001
1.60797119140625,0.9068
1.70318603515625,0.9069
1.98516845703125,0.907
1.7486572265625,0.9071
1.5631103515625,0.9072
1.9659423828125,0.9073
1.1334228515625,0.9074
1.473388671875,0.9075
1.5960693359375,0.9076000000000001
1.8109130859375,0.9077000000000001
2.20184326171875,0.9078
1.566162109375,0.9079
1.7108154296875,0.908
1.37847900390625,0.9081
1.84295654296875,0.9082
1.846923828125,0.9083
1.7205810546875,0.9084
2.09320068359375,0.9085
1.634521484375,0.9086000000000001
1.63055419921875,0.9087000000000001
1.3970947265625,0.9088
1.9268798828125,0.9089
1.9097900390625,0.909
1.65802001953125,0.9091
1.456298828125,0.9092
1.62506103515625,0.9093
1.7852783203125,0.9094
1.81182861328125,0.9095
1.73980712890625,0.9096000000000001
1.8280029296875,0.9097000000000001
1.7510986328125,0.9098
1.3641357421875,0.9099
1.4361572265625,0.91
1.78375244140625,0.9101
1.92779541015625,0.9102
1.3580322265625,0.9103
1.68121337890625,0.9104
1.49658203125,0.9105
1.6424560546875,0.9106000000000001
1.78375244140625,0.9107000000000001
1.3616943359375,0.9108
1.88079833984375,0.9109
1.5863037109375,0.911
1.70318603515625,0.9111
1.79351806640625,0.9112
2.0208740234375,0.9113
1.9769287109375,0.9114
1.58905029296875,0.9115
1.54815673828125,0.9116000000000001
1.55426025390625,0.9117000000000001
2.1392822265625,0.9118
1.788330078125,0.9119
1.25885009765625,0.912
1.815185546875,0.9121
1.58966064453125,0.9122
1.54632568359375,0.9123
1.87469482421875,0.9124
1.48040771484375,0.9125
1.4129638671875,0.9126000000000001
1.683349609375,0.9127000000000001
1.41082763671875,0.9128000000000001
1.89239501953125,0.9129
2.14141845703125,0.913
1.90521240234375,0.9131
1.3543701171875,0.9132
1.387939453125,0.9133
1.6387939453125,0.9134
1.32080078125,0.9135
1.86248779296875,0.9136
1.57745361328125,0.9137000000000001
1.7987060546875,0.9138000000000001
1.5869140625,0.9139
1.37603759765625,0.914
1.981201171875,0.9141
1.981201171875,0.9142
1.50299072265625,0.9143
1.64642333984375,0.9144
1.5869140625,0.9145
1.8408203125,0.9146
1.6094970703125,0.9147000000000001
1.68487548828125,0.9148000000000001
1.30340576171875,0.9149
1.49993896484375,0.915
1.46759033203125,0.9151
1.71478271484375,0.9152
2.03399658203125,0.9153
1.6729736328125,0.9154
1.47735595703125,0.9155
1.7529296875,0.9156
1.45233154296875,0.9157000000000001
2.0172119140625,0.9158000000000001
2.09320068359375,0.9159
1.6680908203125,0.916
1.4947509765625,0.9161
1.685791015625,0.9162
2.0263671875,0.9163
1.72271728515625,0.9164
2.149658203125,0.9165
1.62445068359375,0.9166
1.64520263671875,0.9167000000000001
1.56646728515625,0.9168000000000001
1.102294921875,0.9169
2.24822998046875,0.917
1.58782958984375,0.9171
1.806640625,0.9172
1.82708740234375,0.9173
1.89361572265625,0.9174
2.1441650390625,0.9175
1.36810302734375,0.9176
1.851806640625,0.9177000000000001
1.75933837890625,0.9178000000000001
1.92169189453125,0.9179
1.6131591796875,0.918
1.7938232421875,0.9181
2.08984375,0.9182
1.30828857421875,0.9183
1.62811279296875,0.9184
1.77642822265625,0.9185
1.50360107421875,0.9186
2.14447021484375,0.9187000000000001
1.98272705078125,0.9188000000000001
1.767578125,0.9189
1.87591552734375,0.919
1.805419921875,0.9191
1.70379638671875,0.9192
2.03369140625,0.9193
2.0849609375,0.9194
1.72088623046875,0.9195
1.680908203125,0.9196
1.729736328125,0.9197000000000001
1.6180419921875,0.9198000000000001
2.1380615234375,0.9199
1.650390625,0.92
1.91986083984375,0.9201
2.13714599609375,0.9202
1.78619384765625,0.9203
1.98089599609375,0.9204
1.859130859375,0.9205
2.257080078125,0.9206
2.00225830078125,0.9207000000000001
1.9781494140625,0.9208000000000001
1.51275634765625,0.9209
1.81304931640625,0.921
1.93115234375,0.9211
1.49658203125,0.9212
1.9970703125,0.9213
2.3095703125,0.9214
1.30279541015625,0.9215
1.84234619140625,0.9216
1.844482421875,0.9217000000000001
1.8743896484375,0.9218000000000001
2.2357177734375,0.9219
1.837158203125,0.922
2.07122802734375,0.9221
2.11669921875,0.9222
1.866455078125,0.9223
1.48162841796875,0.9224
1.9268798828125,0.9225
1.88385009765625,0.9226
1.56402587890625,0.9227000000000001
1.761474609375,0.9228000000000001
1.65283203125,0.9229
1.78680419921875,0.923
2.2906494140625,0.9231
1.6650390625,0.9232
1.87530517578125,0.9233
1.64215087890625,0.9234
1.80023193359375,0.9235
1.82220458984375,0.9236
1.62841796875,0.9237000000000001
1.92962646484375,0.9238000000000001
1.54876708984375,0.9239
1.89422607421875,0.924
1.5484619140625,0.9241
2.16583251953125,0.9242
2.23785400390625,0.9243
1.74774169921875,0.9244
1.732177734375,0.9245
1.654052734375,0.9246
1.8548583984375,0.9247000000000001
2.13043212890625,0.9248000000000001
1.8463134765625,0.9249
2.38128662109375,0.9249999999999999
1.7352294921875,0.9250999999999999
1.83563232421875,0.9252
1.6064453125,0.9253
1.8817138671875,0.9254
2.4603271484375,0.9255
1.8804931640625,0.9256
1.97906494140625,0.9257
1.71173095703125,0.9258
1.3616943359375,0.9259
2.05078125,0.9259999999999999
1.62017822265625,0.9260999999999999
2.37152099609375,0.9261999999999999
1.8914794921875,0.9263
1.67724609375,0.9264
2.05535888671875,0.9265
2.09075927734375,0.9266
2.41455078125,0.9267
2.24334716796875,0.9268
1.778564453125,0.9269
1.67236328125,0.9269999999999999
2.0703125,0.9270999999999999
2.10845947265625,0.9271999999999999
1.88201904296875,0.9273
2.3309326171875,0.9274
2.025146484375,0.9275
1.8096923828125,0.9276
1.8505859375,0.9277
1.82220458984375,0.9278
2.52197265625,0.9279
2.22381591796875,0.9279999999999999
1.86004638671875,0.9280999999999999
2.0111083984375,0.9281999999999999
2.00469970703125,0.9283
2.083740234375,0.9284
2.29583740234375,0.9285
2.53173828125,0.9286
2.20550537109375,0.9287
2.11822509765625,0.9288
2.025146484375,0.9289
1.9482421875,0.9289999999999999
2.587890625,0.9290999999999999
2.51556396484375,0.9291999999999999
2.1636962890625,0.9293
2.4188232421875,0.9294
1.88079833984375,0.9295
1.94000244140625,0.9296
2.3577880859375,0.9297
2.1600341796875,0.9298
2.5775146484375,0.9299
2.17742919921875,0.9299999999999999
2.05535888671875,0.9300999999999999
1.88995361328125,0.9301999999999999
2.2479248046875,0.9303
2.38861083984375,0.9304
2.4615478515625,0.9305
2.60406494140625,0.9306
1.90338134765625,0.9307
2.04681396484375,0.9308
2.35748291015625,0.9309
1.9610595703125,0.9309999999999999
2.2528076171875,0.9310999999999999
2.3565673828125,0.9311999999999999
1.7791748046875,0.9313
1.97479248046875,0.9314
2.3785400390625,0.9315
2.3956298828125,0.9316
2.27569580078125,0.9317
2.35687255859375,0.9318
2.156982421875,0.9319
2.24365234375,0.9319999999999999
2.381591796875,0.9320999999999999
2.24517822265625,0.9321999999999999
2.64923095703125,0.9323
1.8084716796875,0.9324
1.871337890625,0.9325
1.82159423828125,0.9326
2.20458984375,0.9327
2.18231201171875,0.9328
2.24822998046875,0.9329
2.1783447265625,0.9329999999999999
1.95404052734375,0.9330999999999999
2.17559814453125,0.9331999999999999
2.05078125,0.9333
2.43255615234375,0.9334
2.8973388671875,0.9335
1.9219970703125,0.9336
2.00775146484375,0.9337
1.9580078125,0.9338
2.1588134765625,0.9339
2.36724853515625,0.9339999999999999
2.613525390625,0.9340999999999999
2.0965576171875,0.9341999999999999
2.041015625,0.9343
1.9732666015625,0.9344
1.95709228515625,0.9345
2.325439453125,0.9346
2.19146728515625,0.9347
2.27691650390625,0.9348
2.2235107421875,0.9349
1.87713623046875,0.9349999999999999
2.24151611328125,0.9350999999999999
2.335205078125,0.9351999999999999
2.48687744140625,0.9353
2.37884521484375,0.9354
2.20489501953125,0.9355
2.02484130859375,0.9356
2.28607177734375,0.9357
2.2802734375,0.9358
2.23602294921875,0.9359
1.85272216796875,0.9359999999999999
2.1533203125,0.9360999999999999
1.7388916015625,0.9361999999999999
2.41119384765625,0.9362999999999999
2.265625,0.9364
2.3040771484375,0.9365
2.4920654296875,0.9366
1.768798828125,0.9367
2.09259033203125,0.9368
1.97479248046875,0.9369
2.56439208984375,0.9369999999999999
2.39898681640625,0.9370999999999999
1.80877685546875,0.9371999999999999
2.1087646484375,0.9373
1.6534423828125,0.9374
2.3712158203125,0.9375
2.3089599609375,0.9376
2.254638671875,0.9377
2.38555908203125,0.9378
1.87255859375,0.9379
1.746826171875,0.938
2.1185302734375,0.9380999999999999
2.2979736328125,0.9381999999999999
2.48382568359375,0.9382999999999999
2.2979736328125,0.9384
1.8426513671875,0.9385
2.16064453125,0.9386
1.97021484375,0.9387
1.99737548828125,0.9388
2.4127197265625,0.9389
2.4560546875,0.939
2.00897216796875,0.9390999999999999
1.88995361328125,0.9391999999999999
2.1527099609375,0.9392999999999999
1.95465087890625,0.9394
2.442626953125,0.9395
1.8914794921875,0.9396
2.303466796875,0.9397
2.205810546875,0.9398
2.3980712890625,0.9399
2.38616943359375,0.94
1.83349609375,0.9400999999999999
2.41729736328125,0.9401999999999999
1.756591796875,0.9402999999999999
1.89056396484375,0.9404
2.46185302734375,0.9405
2.53265380859375,0.9406
2.4212646484375,0.9407
1.67755126953125,0.9408
1.80694580078125,0.9409
2.03369140625,0.941
2.06207275390625,0.9410999999999999
2.4981689453125,0.9411999999999999
2.2003173828125,0.9412999999999999
2.37548828125,0.9414
2.04315185546875,0.9415
1.639404296875,0.9416
2.3748779296875,0.9417
2.52899169921875,0.9418
2.37762451171875,0.9419
2.0709228515625,0.942
1.69921875,0.9420999999999999
2.349853515625,0.9421999999999999
2.0758056640625,0.9422999999999999
2.369384765625,0.9424
1.97357177734375,0.9425
1.903076171875,0.9426
1.98760986328125,0.9427
1.6729736328125,0.9428
2.33795166015625,0.9429
2.18902587890625,0.943
2.430419921875,0.9430999999999999
1.88934326171875,0.9431999999999999
1.92718505859375,0.9432999999999999
2.17132568359375,0.9434
2.3858642578125,0.9435
2.3828125,0.9436
2.130126953125,0.9437
2.26806640625,0.9438
1.73492431640625,0.9439
2.17010498046875,0.944
2.073974609375,0.9440999999999999
2.44598388671875,0.9441999999999999
2.22686767578125,0.9442999999999999
1.92230224609375,0.9444
1.812744140625,0.9445
1.86248779296875,0.9446
2.39288330078125,0.9447
2.366943359375,0.9448
2.283935546875,0.9449
2.36358642578125,0.945
2.08770751953125,0.9450999999999999
1.78924560546875,0.9451999999999999
2.33245849609375,0.9452999999999999
2.36785888671875,0.9454
2.1417236328125,0.9455
2.1954345703125,0.9456
1.7974853515625,0.9457
1.98150634765625,0.9458
2.1514892578125,0.9459
2.0281982421875,0.946
2.196044921875,0.9460999999999999
2.31292724609375,0.9461999999999999
2.00836181640625,0.9462999999999999
1.97235107421875,0.9464
2.03460693359375,0.9465
2.46551513671875,0.9466
2.28515625,0.9467
1.77764892578125,0.9468
2.00653076171875,0.9469
1.58050537109375,0.947
2.22900390625,0.9470999999999999
1.9366455078125,0.9471999999999999
1.9586181640625,0.9472999999999999
2.3101806640625,0.9474
1.497802734375,0.9475
2.054443359375,0.9476
1.78558349609375,0.9477
2.0672607421875,0.9478
2.5408935546875,0.9479
2.24761962890625,0.948
2.00592041015625,0.9480999999999999
1.7034912109375,0.9481999999999999
2.27508544921875,0.9482999999999999
1.98394775390625,0.9484
2.1893310546875,0.9485
2.21343994140625,0.9486
1.80267333984375,0.9487
1.98883056640625,0.9488
1.85638427734375,0.9489
2.04132080078125,0.949
2.09136962890625,0.9490999999999999
1.961669921875,0.9491999999999999
1.79168701171875,0.9492999999999999
1.9659423828125,0.9494
2.10296630859375,0.9495
2.02301025390625,0.9496
2.34710693359375,0.9497
2.42340087890625,0.9498
1.91162109375,0.9499
2.0623779296875,0.9500000000000001
2.09686279296875,0.9501000000000001
1.7864990234375,0.9502
2.1173095703125,0.9503
1.59149169921875,0.9504
2.00531005859375,0.9505
2.16522216796875,0.9506000000000001
1.89849853515625,0.9507000000000001
2.22198486328125,0.9508000000000001
2.1337890625,0.9509000000000001
2.3358154296875,0.9510000000000001
1.8292236328125,0.9511000000000001
2.00469970703125,0.9512
2.0892333984375,0.9513
2.36297607421875,0.9514
2.366943359375,0.9515
1.51092529296875,0.9516000000000001
2.10968017578125,0.9517000000000001
1.80206298828125,0.9518000000000001
1.92047119140625,0.9519000000000001
2.4359130859375,0.9520000000000001
2.03765869140625,0.9521000000000001
2.23480224609375,0.9522
2.2198486328125,0.9523
1.7022705078125,0.9524
2.371826171875,0.9525
2.19818115234375,0.9526000000000001
2.5799560546875,0.9527000000000001
1.9671630859375,0.9528000000000001
1.80328369140625,0.9529000000000001
2.07916259765625,0.9530000000000001
2.0751953125,0.9531000000000001
2.51800537109375,0.9532
2.04498291015625,0.9533
2.171630859375,0.9534
2.0159912109375,0.9535
1.7401123046875,0.9536000000000001
2.40692138671875,0.9537000000000001
2.071533203125,0.9538000000000001
2.14080810546875,0.9539000000000001
1.81060791015625,0.9540000000000001
2.2418212890625,0.9541000000000001
2.2998046875,0.9542
2.29461669921875,0.9543
2.31689453125,0.9544
1.7889404296875,0.9545
2.20458984375,0.9546000000000001
1.75262451171875,0.9547000000000001
1.69921875,0.9548000000000001
2.4267578125,0.9549000000000001
2.14141845703125,0.9550000000000001
1.94793701171875,0.9551000000000001
1.578369140625,0.9552
1.7559814453125,0.9553
2.20855712890625,0.9554
2.5543212890625,0.9555
2.1661376953125,0.9556000000000001
1.98822021484375,0.9557000000000001
2.586669921875,0.9558000000000001
1.9415283203125,0.9559000000000001
1.82220458984375,0.9560000000000001
2.147216796875,0.9561000000000001
2.0196533203125,0.9562
2.2772216796875,0.9563
1.85699462890625,0.9564
1.824951171875,0.9565
2.33734130859375,0.9566000000000001
1.82281494140625,0.9567000000000001
1.7431640625,0.9568000000000001
1.7962646484375,0.9569000000000001
2.032470703125,0.9570000000000001
2.34283447265625,0.9571000000000001
1.86920166015625,0.9572
2.0098876953125,0.9573
1.6534423828125,0.9574
2.33367919921875,0.9575
2.28424072265625,0.9576000000000001
1.873779296875,0.9577000000000001
2.07244873046875,0.9578000000000001
1.4532470703125,0.9579000000000001
1.84295654296875,0.9580000000000001
1.834716796875,0.9581000000000001
1.861572265625,0.9582
1.849365234375,0.9583
1.62628173828125,0.9584
1.544189453125,0.9585
1.70806884765625,0.9586000000000001
2.166748046875,0.9587000000000001
1.76116943359375,0.9588000000000001
1.66656494140625,0.9589000000000001
1.63421630859375,0.9590000000000001
1.87408447265625,0.9591000000000001
1.7828369140625,0.9592
1.4837646484375,0.9593
1.8621826171875,0.9594
1.3531494140625,0.9595
1.0247802734375,0.9596000000000001
1.49658203125,0.9597000000000001
1.856689453125,0.9598000000000001
1.8157958984375,0.9599000000000001
1.56646728515625,0.9600000000000001
1.63543701171875,0.9601000000000001
1.43341064453125,0.9602
1.60980224609375,0.9603
1.53228759765625,0.9604
1.69708251953125,0.9605
1.5814208984375,0.9606000000000001
1.4215087890625,0.9607000000000001
1.092529296875,0.9608000000000001
1.707763671875,0.9609000000000001
1.7254638671875,0.9610000000000001
1.75628662109375,0.9611000000000001
1.63665771484375,0.9612
1.34918212890625,0.9613
1.416015625,0.9614
1.572265625,0.9615
1.510009765625,0.9616000000000001
1.60491943359375,0.9617000000000001
1.424560546875,0.9618000000000001
1.3824462890625,0.9619000000000001
1.229248046875,0.9620000000000001
1.38702392578125,0.9621000000000001
1.64337158203125,0.9622
1.60430908203125,0.9623
1.57989501953125,0.9624
1.38580322265625,0.9625
1.580810546875,0.9626000000000001
1.56402587890625,0.9627000000000001
1.38580322265625,0.9628000000000001
1.375732421875,0.9629000000000001
1.42486572265625,0.9630000000000001
1.18377685546875,0.9631000000000001
1.38671875,0.9632000000000001
1.48712158203125,0.9633
1.65435791015625,0.9634
1.30828857421875,0.9635
1.15234375,0.9636
1.44073486328125,0.9637000000000001
1.59393310546875,0.9638000000000001
1.92413330078125,0.9639000000000001
1.458740234375,0.9640000000000001
1.583251953125,0.9641000000000001
1.28173828125,0.9642000000000001
1.2255859375,0.9643
1.4520263671875,0.9644
1.56646728515625,0.9645
1.69952392578125,0.9646
1.5228271484375,0.9647000000000001
1.17950439453125,0.9648000000000001
1.2164306640625,0.9649000000000001
1.70257568359375,0.9650000000000001
1.5313720703125,0.9651000000000001
1.41265869140625,0.9652000000000001
1.44317626953125,0.9653
1.2908935546875,0.9654
1.63482666015625,0.9655
1.2664794921875,0.9656
1.50604248046875,0.9657000000000001
1.74896240234375,0.9658000000000001
1.44073486328125,0.9659000000000001
1.13067626953125,0.9660000000000001
1.378173828125,0.9661000000000001
1.49383544921875,0.9662000000000001
1.904296875,0.9663
1.35040283203125,0.9664
0.9228515625,0.9665
1.483154296875,0.9666
1.396484375,0.9667000000000001
1.5863037109375,0.9668000000000001
1.541748046875,0.9669000000000001
1.480712890625,0.9670000000000001
1.25823974609375,0.9671000000000001
1.05438232421875,0.9672000000000001
1.50726318359375,0.9673
1.44317626953125,0.9674
1.7620849609375,0.9675
1.3800048828125,0.9676
0.9454345703125,0.9677000000000001
1.32659912109375,0.9678000000000001
0.9979248046875,0.9679000000000001
1.37786865234375,0.9680000000000001
1.65802001953125,0.9681000000000001
1.473388671875,0.9682000000000001
1.4532470703125,0.9683
1.531982421875,0.9684
1.6387939453125,0.9685
1.6375732421875,0.9686
1.5081787109375,0.9687000000000001
1.40380859375,0.9688000000000001
1.21307373046875,0.9689000000000001
1.73004150390625,0.9690000000000001
1.43829345703125,0.9691000000000001
1.466064453125,0.9692000000000001
1.47064208984375,0.9693
1.11541748046875,0.9694
1.70196533203125,0.9695
1.3641357421875,0.9696
1.4984130859375,0.9697000000000001
1.98699951171875,0.9698000000000001
1.78375244140625,0.9699000000000001
1.63360595703125,0.9700000000000001
1.38946533203125,0.9701000000000001
2.0159912109375,0.9702000000000001
1.85516357421875,0.9703
1.85028076171875,0.9704
1.9085693359375,0.9705
1.73980712890625,0.9706
2.1502685546875,0.9707000000000001
1.32537841796875,0.9708000000000001
1.8902587890625,0.9709000000000001
1.94091796875,0.9710000000000001
1.846923828125,0.9711000000000001
1.7962646484375,0.9712000000000001
1.86279296875,0.9713
2.18292236328125,0.9714
1.82769775390625,0.9715
2.22686767578125,0.9716
2.10174560546875,0.9717000000000001
2.09808349609375,0.9718000000000001
2.4981689453125,0.9719000000000001
2.03460693359375,0.9720000000000001
2.31719970703125,0.9721000000000001
2.3004150390625,0.9722000000000001
1.8145751953125,0.9723
2.28515625,0.9724
2.3828125,0.9725
1.900634765625,0.9726
2.55523681640625,0.9727000000000001
1.9049072265625,0.9728000000000001
2.36053466796875,0.9729000000000001
2.3126220703125,0.9730000000000001
2.46307373046875,0.9731000000000001
2.21343994140625,0.9732000000000001
2.379150390625,0.9733
2.4969482421875,0.9734
2.07855224609375,0.9735
2.17437744140625,0.9736
1.86279296875,0.9737000000000001
2.50885009765625,0.9738000000000001
2.46063232421875,0.9739000000000001
1.59515380859375,0.9740000000000001
2.392578125,0.9741000000000001
2.58026123046875,0.9742000000000001
2.5677490234375,0.9743
2.25311279296875,0.9744
2.5531005859375,0.9745
2.12493896484375,0.9746
2.5750732421875,0.9747000000000001
2.21893310546875,0.9748000000000001
2.4310302734375,0.9749000000000001
2.7435302734375,0.975
1.9891357421875,0.9751
2.11944580078125,0.9752000000000001
2.27752685546875,0.9753000000000001
2.410888671875,0.9754
2.3870849609375,0.9755
2.32452392578125,0.9756
2.13104248046875,0.9757
2.00592041015625,0.9758
2.39593505859375,0.9759
2.342529296875,0.976
2.2637939453125,0.9761
2.2576904296875,0.9762
1.91741943359375,0.9763000000000001
1.8865966796875,0.9764
2.2637939453125,0.9765
2.437744140625,0.9766
2.3211669921875,0.9767
2.100830078125,0.9768
1.52862548828125,0.9769
1.9293212890625,0.977
2.271728515625,0.9771
2.11669921875,0.9772
2.35382080078125,0.9773000000000001
2.1466064453125,0.9774
2.04559326171875,0.9775
1.9561767578125,0.9776
1.91802978515625,0.9777
2.330322265625,0.9778
1.968994140625,0.9779
1.881103515625,0.978
1.69219970703125,0.9781
1.95556640625,0.9782
2.3681640625,0.9783000000000001
2.076416015625,0.9784
1.86004638671875,0.9785
2.066650390625,0.9786
1.59454345703125,0.9787
1.78802490234375,0.9788
1.927490234375,0.9789
2.36785888671875,0.979
2.066650390625,0.9791
1.34857177734375,0.9792
1.661376953125,0.9793000000000001
1.7425537109375,0.9794
1.9561767578125,0.9795
2.23175048828125,0.9796
2.110595703125,0.9797
1.976318359375,0.9798
1.94793701171875,0.9799
1.91864013671875,0.98
2.105712890625,0.9801
2.35504150390625,0.9802
2.34405517578125,0.9803000000000001
1.864013671875,0.9804
1.78863525390625,0.9805
1.98699951171875,0.9806
2.3553466796875,0.9807
2.2503662109375,0.9808
1.89788818359375,0.9809
2.42706298828125,0.981
2.01904296875,0.9811
2.139892578125,0.9812
2.46734619140625,0.9813000000000001
2.43072509765625,0.9814
2.48992919921875,0.9815
2.06878662109375,0.9816
2.40631103515625,0.9817
2.412109375,0.9818
2.822265625,0.9819
2.650146484375,0.982
2.50823974609375,0.9821
2.6885986328125,0.9822
2.01416015625,0.9823000000000001
2.3687744140625,0.9824
2.89886474609375,0.9825
2.64068603515625,0.9826
2.84088134765625,0.9827
2.2418212890625,0.9828
2.537841796875,0.9829
2.63641357421875,0.983
3.13720703125,0.9831
3.19061279296875,0.9832
2.72491455078125,0.9833000000000001
3.01849365234375,0.9834
2.4908447265625,0.9835
2.76336669921875,0.9836
2.96966552734375,0.9837
2.29766845703125,0.9838
2.93121337890625,0.9839
2.5177001953125,0.984
2.762451171875,0.9841
3.0389404296875,0.9842
3.01361083984375,0.9843000000000001
2.88665771484375,0.9844
2.81463623046875,0.9845
2.899169921875,0.9846
3.0413818359375,0.9847
2.92572021484375,0.9848
2.83203125,0.9849
2.34893798828125,0.985
2.76580810546875,0.9851
2.4810791015625,0.9852
2.6568603515625,0.9853000000000001
2.96600341796875,0.9854
2.30194091796875,0.9855
2.53662109375,0.9856
2.46337890625,0.9857
2.66021728515625,0.9858
2.61322021484375,0.9859
2.50396728515625,0.986
2.1942138671875,0.9861
2.03643798828125,0.9862
2.3724365234375,0.9863
1.893310546875,0.9864
2.33795166015625,0.9865
2.07183837890625,0.9866
2.12982177734375,0.9867
1.9940185546875,0.9868
1.962890625,0.9869
2.10845947265625,0.987
1.64031982421875,0.9871
1.58966064453125,0.9872
1.378173828125,0.9873000000000001
1.7071533203125,0.9874
1.7864990234375,0.9875
1.590576171875,0.9876
1.822509765625,0.9877
1.141357421875,0.9878
1.351318359375,0.9879
1.46240234375,0.988
1.533203125,0.9881
1.4697265625,0.9882
1.20208740234375,0.9883
0.8709716796875,0.9884000000000001
1.1041259765625,0.9885
1.2969970703125,0.9886
1.297607421875,0.9887
1.5301513671875,0.9888
1.24481201171875,0.9889
0.9173583984375,0.989
1.28692626953125,0.9891
0.9979248046875,0.9892
0.8392333984375,0.9893
0.98968505859375,0.9894000000000001
0.56976318359375,0.9895
0.9075927734375,0.9896
1.0186767578125,0.9897
1.153564453125,0.9898
0.64697265625,0.9899
0.877685546875,0.99
0.95458984375,0.9901
0.8843994140625,0.9902
1.263427734375,0.9903
1.00372314453125,0.9904000000000001
0.859375,0.9905
0.936279296875,0.9906
0.46630859375,0.9907
1.02264404296875,0.9908
0.96954345703125,0.9909
1.251220703125,0.991
1.1932373046875,0.9911
0.7440185546875,0.9912
0.92071533203125,0.9913
0.81634521484375,0.9914000000000001
1.2591552734375,0.9915
0.9442138671875,0.9916
1.29364013671875,0.9917
1.11114501953125,0.9918
0.88623046875,0.9919
1.08612060546875,0.992
0.77056884765625,0.9921
1.4239501953125,0.9922
1.24603271484375,0.9923
0.9710693359375,0.9924000000000001
1.474609375,0.9925
1.275634765625,0.9926
1.32354736328125,0.9927
1.14898681640625,0.9928
0.894775390625,0.9929
1.00433349609375,0.993
1.51641845703125,0.9931
1.15631103515625,0.9932
1.51092529296875,0.9933
1.57928466796875,0.9934000000000001
1.38519287109375,0.9935
1.0546875,0.9936
1.741943359375,0.9937
1.61773681640625,0.9938
1.62353515625,0.9939
1.3983154296875,0.994
1.28875732421875,0.9941
1.74285888671875,0.9942
1.50726318359375,0.9943
1.9024658203125,0.9944000000000001
1.76239013671875,0.9945
1.8145751953125,0.9946
1.74774169921875,0.9947
1.4971923828125,0.9948
2.21527099609375,0.9949
1.78192138671875,0.995
1.92047119140625,0.9951
1.76849365234375,0.9952
1.280517578125,0.9953
2.2686767578125,0.9954000000000001
1.7364501953125,0.9955
1.7742919921875,0.9956
2.09075927734375,0.9957
1.96044921875,0.9958
2.1282958984375,0.9959
2.2784423828125,0.996
1.995849609375,0.9961
2.20550537109375,0.9962
1.79473876953125,0.9963
1.73095703125,0.9964000000000001
1.627197265625,0.9965
2.218017578125,0.9966
1.93603515625,0.9967
1.7926025390625,0.9968
1.9390869140625,0.9969
1.60491943359375,0.997
1.939697265625,0.9971
1.90521240234375,0.9972
1.54205322265625,0.9973
1.976318359375,0.9974000000000001
1.41387939453125,0.9975
1.90399169921875,0.9976
1.59912109375,0.9977
2.2039794921875,0.9978
1.62078857421875,0.9979
1.41326904296875,0.998
1.77490234375,0.9981
1.38519287109375,0.9982
1.77947998046875,0.9983
1.4508056640625,0.9984000000000001
1.549072265625,0.9985
1.31500244140625,0.9986
0.9600830078125,0.9987
1.39556884765625,0.9988
1.23138427734375,0.9989
1.3580322265625,0.999
1.1297607421875,0.9991
1.29241943359375,0.9992
1.25274658203125,0.9993
1.5264892578125,0.9994000000000001
1.56158447265625,0.9995
0.784912109375,0.9996
0.95550537109375,0.9997
0.8526611328125,0.9998
0.77545166015625,0.9999
1.03912353515625,1.0
1.10687255859375,1.0001
0.99822998046875,1.0002
0.89385986328125,1.0003
0.46234130859375,1.0004
0.74737548828125,1.0005
0.6109619140625,1.0006
0.82550048828125,1.0007
0.7562255859375,1.0008
0.9442138671875,1.0009
0.8135986328125,1.001
0.50628662109375,1.0011
0.5706787109375,1.0012
0.5133056640625,1.0013
0.58746337890625,1.0014
0.57373046875,1.0015
0.4217529296875,1.0016
0.45745849609375,1.0017
0.531005859375,1.0018
0.44158935546875,1.0019
0.42510986328125,1.002
0.44525146484375,1.0021
0.41839599609375,1.0022
0.418701171875,1.0023
0.42510986328125,1.0024
0.4205322265625,1.0025
0.433349609375,1.0026
0.43243408203125,1.0027
0.18035888671875,1.0028
0.29144287109375,1.0029
0.37933349609375,1.003
0.20294189453125,1.0031
0.23834228515625,1.0032
0.230712890625,1.0033
0.0421142578125,1.0034
0.36346435546875,1.0035
0.04547119140625,1.0036
0.36590576171875,1.0037
0.3131103515625,1.0038
-0.07904052734375,1.0039
-0.1055908203125,1.004
0.32928466796875,1.0041
0.338134765625,1.0042
0.189208984375,1.0043
0.17059326171875,1.0044
0.120849609375,1.0045
0.26092529296875,1.0046
0.09185791015625,1.0047
0.2288818359375,1.0048
0.3643798828125,1.0049
0.08819580078125,1.005
-0.0567626953125,1.0051
0.17425537109375,1.0052
0.05401611328125,1.0053
0.30487060546875,1.0054
0.3179931640625,1.0055
-0.0457763671875,1.0056
0.27557373046875,1.0057
0.2227783203125,1.0058
0.3851318359375,1.0059
0.3411865234375,1.006
0.3924560546875,1.0061
0.29998779296875,1.0062
0.15716552734375,1.0063
0.38726806640625,1.0064
0.24810791015625,1.0065
0.36651611328125,1.0066
0.32989501953125,1.0067
0.11383056640625,1.0068
0.39642333984375,1.0069
0.3924560546875,1.007
0.40374755859375,1.0071
0.3741455078125,1.0072
0.3851318359375,1.0073
0.3924560546875,1.0074
0.413818359375,1.0075
0.4425048828125,1.0076
0.435791015625,1.0077
0.56396484375,1.0078
0.8123779296875,1.0079
0.41473388671875,1.008
0.55877685546875,1.0081
0.62255859375,1.0082
0.42755126953125,1.0083
0.7965087890625,1.0084
0.47607421875,1.0085
0.98663330078125,1.0086
0.6524658203125,1.0087
0.4376220703125,1.0088
1.014404296875,1.0089
1.0760498046875,1.009
0.7562255859375,1.0091
0.87982177734375,1.0092
1.10565185546875,1.0093
0.672607421875,1.0094
0.562744140625,1.0095
0.92132568359375,1.0096
0.53009033203125,1.0097
0.8990478515625,1.0098
0.69061279296875,1.0099
0.51727294921875,1.01
1.1077880859375,1.0101
0.91705322265625,1.0102
1.002197265625,1.0103
0.83282470703125,1.0104
0.540771484375,1.0105
0.8099365234375,1.0106
0.5792236328125,1.0107
0.8935546875,1.0108
0.88348388671875,1.0109
0.8795166015625,1.011
0.63873291015625,1.0111
0.44189453125,1.0112
0.889892578125,1.0113
0.43182373046875,1.0114
0.8258056640625,1.0115
0.65826416015625,1.0116
0.42816162109375,1.0117
0.692138671875,1.0118
0.423583984375,1.0119
0.47821044921875,1.012
0.54595947265625,1.0121
0.47332763671875,1.0122
0.399169921875,1.0123
0.41107177734375,1.0124
0.42999267578125,1.0125
0.242919921875,1.0126
0.330810546875,1.0127
0.12847900390625,1.0128
0.113525390625,1.0129
0.14617919921875,1.013
-0.23040771484375,1.0131000000000001
-0.0628662109375,1.0132
-0.12420654296875,1.0133
-0.0677490234375,1.0134
-0.3472900390625,1.0135
-0.07537841796875,1.0136
0.07659912109375,1.0137
0.22735595703125,1.0138
0.01068115234375,1.0139
-0.44219970703125,1.014
-0.372314453125,1.0141
-0.26031494140625,1.0142
0.03265380859375,1.0143
-0.325927734375,1.0144
-0.26580810546875,1.0145
-0.5853271484375,1.0146
-0.43548583984375,1.0147
-0.44281005859375,1.0148
-0.41900634765625,1.0149
-0.426025390625,1.015
-0.56488037109375,1.0151
-0.6817626953125,1.0152
-0.45989990234375,1.0153
-0.59295654296875,1.0154
-0.706787109375,1.0155
-0.49102783203125,1.0156
-0.736083984375,1.0157
-0.82855224609375,1.0158
-0.660400390625,1.0159
-0.595703125,1.016
-0.5938720703125,1.0161
-0.50994873046875,1.0162
-1.00494384765625,1.0163
-1.063232421875,1.0164
-0.80230712890625,1.0165
-1.13067626953125,1.0166
-0.74462890625,1.0167
-0.96405029296875,1.0168
-0.76568603515625,1.0169
-0.8563232421875,1.017
-1.11328125,1.0171
-0.711669921875,1.0172
-0.736083984375,1.0173
-0.73699951171875,1.0174
-1.1578369140625,1.0175
-1.06475830078125,1.0176
-0.98388671875,1.0177
-1.00067138671875,1.0178
-0.72296142578125,1.0179
-0.91033935546875,1.018
-0.87646484375,1.0181
-1.0809326171875,1.0182
-1.2945556640625,1.0183
-1.17095947265625,1.0184
-0.8221435546875,1.0185
-0.860595703125,1.0186
-0.9088134765625,1.0187
-1.2860107421875,1.0188
-1.29119873046875,1.0189
-0.91796875,1.019
-1.1981201171875,1.0191
-0.9295654296875,1.0192
-0.81756591796875,1.0193
-0.877685546875,1.0194
-1.0809326171875,1.0195
-1.2811279296875,1.0196
-0.885009765625,1.0197
-0.94451904296875,1.0198
-1.0186767578125,1.0199
-1.268310546875,1.02
-0.9051513671875,1.0201
-0.65673828125,1.0202
-0.95306396484375,1.0203
-0.755615234375,1.0204
-0.96160888671875,1.0205
-0.771484375,1.0206
-0.85601806640625,1.0207
-0.93963623046875,1.0208
-0.49102783203125,1.0209
-0.501708984375,1.021
-0.55419921875,1.0211
-1.05712890625,1.0212
-0.772705078125,1.0213
-0.6146240234375,1.0214
-0.70892333984375,1.0215
-0.4339599609375,1.0216
-0.6256103515625,1.0217
-0.68572998046875,1.0218
-0.47576904296875,1.0219
-0.7086181640625,1.022
-0.17791748046875,1.0221
-0.137939453125,1.0222
-0.33416748046875,1.0223
-0.423583984375,1.0224
-0.39764404296875,1.0225
0.0933837890625,1.0226
-0.57342529296875,1.0227
0.01251220703125,1.0228
-0.3057861328125,1.0229
-0.09796142578125,1.023
-0.06378173828125,1.0231
-0.38116455078125,1.0232
0.17791748046875,1.0233
0.08056640625,1.0234
-0.1434326171875,1.0235
-0.03753662109375,1.0236
0.26763916015625,1.0237
0.29205322265625,1.0238
0.07598876953125,1.0239
-0.01800537109375,1.024
0.001220703125,1.0241
0.3118896484375,1.0242
0.13824462890625,1.0243
0.3363037109375,1.0244
0.3887939453125,1.0245
0.38116455078125,1.0246
0.32257080078125,1.0247
0.38482666015625,1.0248
0.418701171875,1.0249
0.4376220703125,1.0250000000000001
0.41900634765625,1.0251000000000001
0.6268310546875,1.0252000000000001
0.7965087890625,1.0253
0.74432373046875,1.0254
0.819091796875,1.0255
0.67962646484375,1.0256
1.07635498046875,1.0257
1.17340087890625,1.0258
0.7110595703125,1.0259
1.02203369140625,1.026
0.8135986328125,1.0261
1.14410400390625,1.0262
0.83160400390625,1.0263
0.8673095703125,1.0264
0.88134765625,1.0265
1.13250732421875,1.0266
1.16424560546875,1.0267
1.28570556640625,1.0268000000000002
1.46514892578125,1.0269000000000001
1.0455322265625,1.0270000000000001
0.982666015625,1.0271000000000001
1.0284423828125,1.0272000000000001
1.29852294921875,1.0273
1.62322998046875,1.0274
1.142578125,1.0275
1.11846923828125,1.0276
1.07086181640625,1.0277
1.29638671875,1.0278
0.85723876953125,1.0279
1.62994384765625,1.028
1.43707275390625,1.0281
1.5301513671875,1.0282
1.17034912109375,1.0283
1.12518310546875,1.0284
1.53839111328125,1.0285
1.4447021484375,1.0286
1.79229736328125,1.0287
1.409912109375,1.0288000000000002
1.20880126953125,1.0289000000000001
0.95794677734375,1.0290000000000001
1.08154296875,1.0291000000000001
0.99609375,1.0292000000000001
0.966796875,1.0293
1.55120849609375,1.0294
1.0107421875,1.0295
0.9893798828125,1.0296
1.06292724609375,1.0297
1.0797119140625,1.0298
0.845947265625,1.0299
1.14349365234375,1.03
0.84442138671875,1.0301
1.0162353515625,1.0302
0.90576171875,1.0303
1.01806640625,1.0304
1.0638427734375,1.0305
0.87158203125,1.0306
0.47698974609375,1.0307
0.5517578125,1.0308000000000002
0.6146240234375,1.0309000000000001
0.56884765625,1.0310000000000001
0.4803466796875,1.0311000000000001
0.41107177734375,1.0312000000000001
0.4779052734375,1.0313
0.41656494140625,1.0314
0.44403076171875,1.0315
0.41473388671875,1.0316
0.29327392578125,1.0317
0.26947021484375,1.0318
-0.0634765625,1.0319
-0.244140625,1.032
0.125732421875,1.0321
0.19073486328125,1.0322
-0.1708984375,1.0323
-0.29815673828125,1.0324
0.00732421875,1.0325
-0.27862548828125,1.0326
0.1141357421875,1.0327
-0.44036865234375,1.0328000000000002
-0.16357421875,1.0329000000000002
-0.45379638671875,1.0330000000000001
-0.40924072265625,1.0331000000000001
-0.45684814453125,1.0332000000000001
-0.4083251953125,1.0333
-0.50567626953125,1.0334
-0.5078125,1.0335
-0.45379638671875,1.0336
-0.4583740234375,1.0337
-0.48797607421875,1.0338
-0.55023193359375,1.0339
-1.19415283203125,1.034
-0.52642822265625,1.0341
-0.7781982421875,1.0342
-0.45440673828125,1.0343
-0.5706787109375,1.0344
-0.78704833984375,1.0345
-0.65185546875,1.0346
-0.8197021484375,1.0347
-0.73699951171875,1.0348000000000002
-0.7861328125,1.0349000000000002
-0.865478515625,1.0350000000000001
-0.791015625,1.0351000000000001
-0.8355712890625,1.0352000000000001
-0.66375732421875,1.0353
-0.62896728515625,1.0354
-0.7415771484375,1.0355
-0.82733154296875,1.0356
-0.7733154296875,1.0357
-0.75775146484375,1.0358
-0.94329833984375,1.0359
-0.45440673828125,1.036
-0.5523681640625,1.0361
-0.78948974609375,1.0362
-0.94207763671875,1.0363
-1.20635986328125,1.0364
-0.5670166015625,1.0365
-0.46295166015625,1.0366
-0.733642578125,1.0367
-0.59417724609375,1.0368
-0.8819580078125,1.0369000000000002
-0.5303955078125,1.0370000000000001
-1.01348876953125,1.0371000000000001
-0.48675537109375,1.0372000000000001
-0.35797119140625,1.0373
-0.6573486328125,1.0374
-0.42327880859375,1.0375
-0.70465087890625,1.0376
-0.482177734375,1.0377
-0.4974365234375,1.0378
-0.462646484375,1.0379
-0.4345703125,1.038
-0.45166015625,1.0381
-0.32562255859375,1.0382
-0.4534912109375,1.0383
-0.29571533203125,1.0384
-0.4852294921875,1.0385
-0.4547119140625,1.0386
-0.2923583984375,1.0387
-0.20782470703125,1.0388
-0.10833740234375,1.0389000000000002
-0.46875,1.0390000000000001
-0.5206298828125,1.0391000000000001
-0.35552978515625,1.0392000000000001
-0.33905029296875,1.0393000000000001
-0.49652099609375,1.0394
-0.27008056640625,1.0395
-0.16021728515625,1.0396
-0.3955078125,1.0397
-0.40679931640625,1.0398
-0.0970458984375,1.0399
-0.09674072265625,1.04
-0.41595458984375,1.0401
-0.29693603515625,1.0402
-0.44525146484375,1.0403
-0.04608154296875,1.0404
-0.21636962890625,1.0405
-0.467529296875,1.0406
-0.3863525390625,1.0407
-0.22491455078125,1.0408
-0.1611328125,1.0409000000000002
-0.3448486328125,1.0410000000000001
-0.24200439453125,1.0411000000000001
0.0042724609375,1.0412000000000001
-0.00244140625,1.0413000000000001
-0.45501708984375,1.0414
-0.233154296875,1.0415
0.06134033203125,1.0416
-0.0726318359375,1.0417
-0.03448486328125,1.0418
-0.45318603515625,1.0419
-0.2764892578125,1.042
-0.29754638671875,1.0421
-0.1483154296875,1.0422
-0.29541015625,1.0423
-0.26275634765625,1.0424
-0.1788330078125,1.0425
-0.1971435546875,1.0426
-0.02227783203125,1.0427
0.13275146484375,1.0428
0.0262451171875,1.0429000000000002
-0.4669189453125,1.0430000000000001
-0.31951904296875,1.0431000000000001
-0.321044921875,1.0432000000000001
-0.32012939453125,1.0433000000000001
-0.340576171875,1.0434
-0.5218505859375,1.0435
-0.2911376953125,1.0436
-0.45654296875,1.0437
-0.43243408203125,1.0438
-0.1556396484375,1.0439
-0.1300048828125,1.044
-0.59539794921875,1.0441
-0.433349609375,1.0442
-0.62225341796875,1.0443
-0.3460693359375,1.0444
-0.501708984375,1.0445
-0.52001953125,1.0446
-0.5889892578125,1.0447
-0.64422607421875,1.0448
-0.59326171875,1.0449000000000002
-0.91033935546875,1.0450000000000002
-0.364990234375,1.0451000000000001
-0.51300048828125,1.0452000000000001
-0.4583740234375,1.0453000000000001
-0.66497802734375,1.0454
-1.4581298828125,1.0455
-0.6500244140625,1.0456
-0.7635498046875,1.0457
-0.95428466796875,1.0458
-0.89874267578125,1.0459
-1.083984375,1.046
-1.009521484375,1.0461
-1.06231689453125,1.0462
-1.24969482421875,1.0463
-0.9271240234375,1.0464
-1.1328125,1.0465
-1.2945556640625,1.0466
-1.70806884765625,1.0467
-1.16546630859375,1.0468
-1.38427734375,1.0469000000000002
-1.78619384765625,1.0470000000000002
-1.5625,1.0471000000000001
-1.91253662109375,1.0472000000000001
-1.48468017578125,1.0473000000000001
-1.759033203125,1.0474
-1.72515869140625,1.0475
-1.5240478515625,1.0476
-2.15728759765625,1.0477
-1.785888671875,1.0478
-1.854248046875,1.0479
-1.9244384765625,1.048
-1.88201904296875,1.0481
-1.95465087890625,1.0482
-1.99737548828125,1.0483
-2.44171142578125,1.0484
-2.02545166015625,1.0485
-2.0452880859375,1.0486
-1.9573974609375,1.0487
-1.84967041015625,1.0488
-2.32391357421875,1.0489000000000002
-2.1087646484375,1.0490000000000002
-2.3834228515625,1.0491000000000001
-2.0196533203125,1.0492000000000001
-2.081298828125,1.0493000000000001
-2.1014404296875,1.0494
-1.97662353515625,1.0495
-2.0635986328125,1.0496
-1.98699951171875,1.0497
-2.02392578125,1.0498
-2.008056640625,1.0499
-1.74774169921875,1.05
-1.8585205078125,1.0501
-1.77825927734375,1.0502
-1.77825927734375,1.0503
-1.748046875,1.0504
-1.67633056640625,1.0505
-1.7120361328125,1.0506
-1.77825927734375,1.0507
-1.522216796875,1.0508
-1.5283203125,1.0509
-1.30950927734375,1.051
-1.3592529296875,1.0511000000000001
-1.08154296875,1.0512000000000001
-1.32110595703125,1.0513000000000001
-1.25244140625,1.0514000000000001
-1.21856689453125,1.0515
-1.0992431640625,1.0516
-0.81268310546875,1.0517
-0.99212646484375,1.0518
-0.70220947265625,1.0519
-0.75225830078125,1.052
-1.0760498046875,1.0521
-0.9173583984375,1.0522
-0.53192138671875,1.0523
-0.88165283203125,1.0524
-0.62744140625,1.0525
-0.45928955078125,1.0526
-0.47515869140625,1.0527
-0.25726318359375,1.0528
-0.51971435546875,1.0529
-0.12054443359375,1.053
-0.03265380859375,1.0531000000000001
-0.29022216796875,1.0532000000000001
-0.46417236328125,1.0533000000000001
-0.24078369140625,1.0534000000000001
-0.401611328125,1.0535
-0.45806884765625,1.0536
-0.50323486328125,1.0537
-0.97198486328125,1.0538
-0.44769287109375,1.0539
-0.4083251953125,1.054
-0.576171875,1.0541
-0.693359375,1.0542
-0.44281005859375,1.0543
-0.89263916015625,1.0544
-0.53802490234375,1.0545
-0.45928955078125,1.0546
-0.6182861328125,1.0547
-0.63018798828125,1.0548
-1.13616943359375,1.0549
-1.3214111328125,1.055
-1.16912841796875,1.0551000000000001
-0.89111328125,1.0552000000000001
-0.85357666015625,1.0553000000000001
-1.26068115234375,1.0554000000000001
-1.31256103515625,1.0555
-1.50543212890625,1.0556
-1.383056640625,1.0557
-1.619873046875,1.0558
-1.434326171875,1.0559
-1.536865234375,1.056
-1.7816162109375,1.0561
-1.890869140625,1.0562
-2.02850341796875,1.0563
-1.82464599609375,1.0564
-2.0745849609375,1.0565
-1.84722900390625,1.0566
-1.9110107421875,1.0567
-2.5091552734375,1.0568
-2.09197998046875,1.0569
-2.03704833984375,1.057
-2.23541259765625,1.0571000000000002
-2.0843505859375,1.0572000000000001
-2.4798583984375,1.0573000000000001
-2.4884033203125,1.0574000000000001
-2.33642578125,1.0575
-2.52716064453125,1.0576
-2.33917236328125,1.0577
-2.46734619140625,1.0578
-2.4151611328125,1.0579
-2.55126953125,1.058
-2.47894287109375,1.0581
-2.5213623046875,1.0582
-2.56683349609375,1.0583
-2.28759765625,1.0584
-2.83233642578125,1.0585
-2.457275390625,1.0586
-2.61993408203125,1.0587
-2.31903076171875,1.0588
-2.291259765625,1.0589
-2.705078125,1.059
-2.33367919921875,1.0591000000000002
-2.3809814453125,1.0592000000000001
-2.22442626953125,1.0593000000000001
-2.31475830078125,1.0594000000000001
-2.13409423828125,1.0595
-2.24639892578125,1.0596
-2.3907470703125,1.0597
-2.25921630859375,1.0598
-2.46124267578125,1.0599
-1.84661865234375,1.06
-2.2698974609375,1.0601
-2.237548828125,1.0602
-1.96014404296875,1.0603
-1.9635009765625,1.0604
-1.96441650390625,1.0605
-2.1441650390625,1.0606
-1.99920654296875,1.0607
-1.87408447265625,1.0608
-1.8585205078125,1.0609
-1.80267333984375,1.061
-1.63543701171875,1.0611000000000002
-1.60552978515625,1.0612000000000001
-1.95465087890625,1.0613000000000001
-2.054443359375,1.0614000000000001
-1.70562744140625,1.0615
-1.7547607421875,1.0616
-1.444091796875,1.0617
-1.44256591796875,1.0618
-1.6162109375,1.0619
-1.55670166015625,1.062
-1.588134765625,1.0621
-1.59881591796875,1.0622
-1.19873046875,1.0623
-1.27288818359375,1.0624
-1.26556396484375,1.0625
-1.329345703125,1.0626
-1.26007080078125,1.0627
-1.29058837890625,1.0628
-0.90911865234375,1.0629
-1.09893798828125,1.063
-1.01104736328125,1.0631
-0.89019775390625,1.0632000000000001
-1.0809326171875,1.0633000000000001
-0.943603515625,1.0634000000000001
-0.977783203125,1.0635000000000001
-0.90423583984375,1.0636
-0.93994140625,1.0637
-0.7183837890625,1.0638
-0.7379150390625,1.0639
-0.411376953125,1.064
-0.4559326171875,1.0641
-0.75592041015625,1.0642
-0.2557373046875,1.0643
-0.28106689453125,1.0644
-0.05859375,1.0645
0.18890380859375,1.0646
0.3131103515625,1.0647
-0.01983642578125,1.0648
-0.1763916015625,1.0649
0.03692626953125,1.065
0.14129638671875,1.0651
0.347900390625,1.0652000000000001
0.14617919921875,1.0653000000000001
0.41046142578125,1.0654000000000001
0.43212890625,1.0655000000000001
0.4302978515625,1.0656
0.7061767578125,1.0657
0.8380126953125,1.0658
0.615234375,1.0659
0.8203125,1.066
1.12823486328125,1.0661
0.80108642578125,1.0662
1.38031005859375,1.0663
1.26220703125,1.0664
0.91766357421875,1.0665
1.1083984375,1.0666
1.14837646484375,1.0667
0.97076416015625,1.0668
1.14410400390625,1.0669
1.50482177734375,1.067
1.212158203125,1.0671
1.361083984375,1.0672000000000001
1.21368408203125,1.0673000000000001
1.43463134765625,1.0674000000000001
1.80999755859375,1.0675000000000001
1.54266357421875,1.0676
1.4544677734375,1.0677
1.414794921875,1.0678
1.48193359375,1.0679
1.44866943359375,1.068
1.85089111328125,1.0681
1.58660888671875,1.0682
1.35223388671875,1.0683
1.337890625,1.0684
1.49261474609375,1.0685
1.56402587890625,1.0686
2.04254150390625,1.0687
1.22039794921875,1.0688
1.33056640625,1.0689
1.53076171875,1.069
1.05621337890625,1.0691
1.59698486328125,1.0692000000000002
1.21795654296875,1.0693000000000001
1.7425537109375,1.0694000000000001
1.2890625,1.0695000000000001
1.3531494140625,1.0696
1.290283203125,1.0697
1.287841796875,1.0698
1.52313232421875,1.0699
0.73760986328125,1.07
1.17523193359375,1.0701
1.197509765625,1.0702
0.794677734375,1.0703
1.31683349609375,1.0704
0.82061767578125,1.0705
1.241455078125,1.0706
0.93719482421875,1.0707
0.90423583984375,1.0708
0.94390869140625,1.0709
1.09405517578125,1.071
1.0980224609375,1.0711
0.6591796875,1.0712000000000002
0.684814453125,1.0713000000000001
0.49285888671875,1.0714000000000001
0.75439453125,1.0715000000000001
0.71563720703125,1.0716
0.62225341796875,1.0717
0.92681884765625,1.0718
0.56793212890625,1.0719
0.5657958984375,1.072
0.81634521484375,1.0721
0.43609619140625,1.0722
0.7427978515625,1.0723
0.5816650390625,1.0724
0.48126220703125,1.0725
0.39520263671875,1.0726
0.4296875,1.0727
0.61737060546875,1.0728
0.408935546875,1.0729
0.418701171875,1.073
0.42816162109375,1.0731
0.43304443359375,1.0732000000000002
0.43487548828125,1.0733000000000001
0.430908203125,1.0734000000000001
0.4302978515625,1.0735000000000001
0.41290283203125,1.0736
0.4229736328125,1.0737
0.39703369140625,1.0738
0.34210205078125,1.0739
0.352783203125,1.074
0.2130126953125,1.0741
0.1275634765625,1.0742
0.26153564453125,1.0743
0.3887939453125,1.0744
0.38055419921875,1.0745
0.36376953125,1.0746
0.29876708984375,1.0747
0.406494140625,1.0748
0.3692626953125,1.0749
0.39306640625,1.0750000000000002
0.38543701171875,1.0751000000000002
0.401611328125,1.0752000000000002
0.3936767578125,1.0753000000000001
0.41015625,1.0754000000000001
0.4058837890625,1.0755000000000001
0.43243408203125,1.0756000000000001
0.43182373046875,1.0757
0.42022705078125,1.0758
0.47637939453125,1.0759
0.49774169921875,1.076
0.67413330078125,1.0761
0.8404541015625,1.0762
0.49957275390625,1.0763
0.44677734375,1.0764
0.4425048828125,1.0765
0.5218505859375,1.0766
0.66802978515625,1.0767
0.595703125,1.0768000000000002
1.055908203125,1.0769000000000002
0.7879638671875,1.0770000000000002
0.73150634765625,1.0771000000000002
0.75286865234375,1.0772000000000002
0.77117919921875,1.0773000000000001
1.02935791015625,1.0774000000000001
0.87066650390625,1.0775000000000001
0.8209228515625,1.0776000000000001
0.81634521484375,1.0777
0.81451416015625,1.0778
1.1212158203125,1.0779
0.997314453125,1.078
1.3079833984375,1.0781
1.14654541015625,1.0782
0.59539794921875,1.0783
1.01104736328125,1.0784
1.0040283203125,1.0785
1.07879638671875,1.0786
1.14013671875,1.0787
0.70892333984375,1.0788000000000002
0.92193603515625,1.0789000000000002
0.863037109375,1.0790000000000002
1.07574462890625,1.0791000000000002
0.9130859375,1.0792000000000002
1.025390625,1.0793000000000001
0.93658447265625,1.0794000000000001
0.57861328125,1.0795000000000001
1.13037109375,1.0796000000000001
0.69580078125,1.0797
1.175537109375,1.0798
0.95458984375,1.0799
0.45379638671875,1.08
0.9429931640625,1.0801
1.171875,1.0802
0.89996337890625,1.0803
0.67657470703125,1.0804
0.789794921875,1.0805
0.7061767578125,1.0806
0.83648681640625,1.0807
0.78704833984375,1.0808000000000002
0.62591552734375,1.0809000000000002
0.75958251953125,1.0810000000000002
0.62591552734375,1.0811000000000002
0.56396484375,1.0812000000000002
0.5682373046875,1.0813000000000001
0.46234130859375,1.0814000000000001
0.435791015625,1.0815000000000001
0.41717529296875,1.0816000000000001
0.4473876953125,1.0817
0.428466796875,1.0818
0.43548583984375,1.0819
0.40618896484375,1.082
0.3582763671875,1.0821
0.18707275390625,1.0822
0.15350341796875,1.0823
0.3216552734375,1.0824
0.1885986328125,1.0825
-0.08026123046875,1.0826
-0.02166748046875,1.0827
-0.12115478515625,1.0828000000000002
0.09307861328125,1.0829000000000002
-0.15167236328125,1.0830000000000002
-0.50537109375,1.0831000000000002
-0.35919189453125,1.0832000000000002
-0.20904541015625,1.0833000000000002
-0.361328125,1.0834000000000001
-0.33050537109375,1.0835000000000001
-0.1806640625,1.0836000000000001
-0.5023193359375,1.0837
-0.6689453125,1.0838
-1.01593017578125,1.0839
-0.70281982421875,1.084
-0.6549072265625,1.0841
-0.8843994140625,1.0842
-1.06475830078125,1.0843
-1.04461669921875,1.0844
-0.77301025390625,1.0845
-0.7598876953125,1.0846
-1.42181396484375,1.0847
-0.8831787109375,1.0848000000000002
-1.15325927734375,1.0849000000000002
-1.3623046875,1.0850000000000002
-1.162109375,1.0851000000000002
-1.03118896484375,1.0852000000000002
-1.12884521484375,1.0853000000000002
-1.50421142578125,1.0854000000000001
-1.33544921875,1.0855000000000001
-1.55731201171875,1.0856000000000001
-1.141357421875,1.0857
-1.3116455078125,1.0858
-1.59881591796875,1.0859
-1.4959716796875,1.086
-1.7974853515625,1.0861
-1.2542724609375,1.0862
-1.38397216796875,1.0863
-1.307373046875,1.0864
-1.35040283203125,1.0865
-1.42913818359375,1.0866
-1.8829345703125,1.0867
-1.46026611328125,1.0868000000000002
-1.2567138671875,1.0869000000000002
-1.47247314453125,1.0870000000000002
-1.5374755859375,1.0871000000000002
-1.5863037109375,1.0872000000000002
-1.778564453125,1.0873000000000002
-1.739501953125,1.0874000000000001
-1.7242431640625,1.0875000000000001
-1.48529052734375,1.0876000000000001
-1.54022216796875,1.0877000000000001
-1.500244140625,1.0878
-1.466064453125,1.0879
-1.4263916015625,1.088
-1.38214111328125,1.0881
-1.82220458984375,1.0882
-1.77703857421875,1.0883
-1.494140625,1.0884
-1.51123046875,1.0885
-1.50146484375,1.0886
-1.62506103515625,1.0887
-1.678466796875,1.0888
-1.80755615234375,1.0889000000000002
-1.80328369140625,1.0890000000000002
-1.65191650390625,1.0891000000000002
-1.42822265625,1.0892000000000002
-1.68670654296875,1.0893000000000002
-1.55181884765625,1.0894000000000001
-1.29119873046875,1.0895000000000001
-1.45538330078125,1.0896000000000001
-1.53594970703125,1.0897000000000001
-1.55914306640625,1.0898
-1.32537841796875,1.0899
-1.42120361328125,1.09
-1.536865234375,1.0901
-1.54266357421875,1.0902
-1.3983154296875,1.0903
-1.3134765625,1.0904
-1.70440673828125,1.0905
-1.47125244140625,1.0906
-1.2579345703125,1.0907
-1.6888427734375,1.0908
-1.20361328125,1.0909000000000002
-1.4324951171875,1.0910000000000002
-1.2542724609375,1.0911000000000002
-1.38397216796875,1.0912000000000002
-1.3427734375,1.0913000000000002
-1.40106201171875,1.0914000000000001
-1.28387451171875,1.0915000000000001
-1.12579345703125,1.0916000000000001
-1.7108154296875,1.0917000000000001
-1.488037109375,1.0918
-1.3555908203125,1.0919
-1.28753662109375,1.092
-1.156005859375,1.0921
-1.351318359375,1.0922
-1.07757568359375,1.0923
-1.19598388671875,1.0924
-1.329345703125,1.0925
-1.28021240234375,1.0926
-1.0205078125,1.0927
-0.9942626953125,1.0928
-1.23809814453125,1.0929000000000002
-1.19384765625,1.0930000000000002
-1.34857177734375,1.0931000000000002
-1.0980224609375,1.0932000000000002
-1.0308837890625,1.0933000000000002
-1.429443359375,1.0934000000000001
-0.8465576171875,1.0935000000000001
-1.09527587890625,1.0936000000000001
-1.3702392578125,1.0937000000000001
-0.8563232421875,1.0938
-1.2908935546875,1.0939
-0.98358154296875,1.094
-1.52435302734375,1.0941
-1.3623046875,1.0942
-1.14776611328125,1.0943
-1.08062744140625,1.0944
-0.8551025390625,1.0945
-1.40533447265625,1.0946
-1.158447265625,1.0947
-1.37847900390625,1.0948
-1.22650146484375,1.0949000000000002
-1.15234375,1.0950000000000002
-1.484375,1.0951000000000002
-1.2396240234375,1.0952000000000002
-1.45721435546875,1.0953000000000002
-1.38946533203125,1.0954000000000002
-1.0986328125,1.0955000000000001
-1.20941162109375,1.0956000000000001
-1.002197265625,1.0957000000000001
-1.5771484375,1.0958
-1.514892578125,1.0959
-1.45233154296875,1.096
-1.40869140625,1.0961
-1.273193359375,1.0962
-1.3616943359375,1.0963
-1.60552978515625,1.0964
-1.82708740234375,1.0965
-1.83685302734375,1.0966
-1.3818359375,1.0967
-1.37481689453125,1.0968
-1.34490966796875,1.0969000000000002
-1.45111083984375,1.0970000000000002
-1.66595458984375,1.0971000000000002
-1.28692626953125,1.0972000000000002
-1.2139892578125,1.0973000000000002
-1.36138916015625,1.0974000000000002
-1.70806884765625,1.0975000000000001
-1.4794921875,1.0976000000000001
-1.34002685546875,1.0977000000000001
-1.71539306640625,1.0978
-1.239013671875,1.0979
-1.4483642578125,1.098
-1.24359130859375,1.0981
-1.712646484375,1.0982
-1.8304443359375,1.0983
-1.258544921875,1.0984
-1.23321533203125,1.0985
-1.35162353515625,1.0986
-1.383056640625,1.0987
-1.58416748046875,1.0988
-1.51824951171875,1.0989000000000002
-1.60125732421875,1.0990000000000002
-1.47430419921875,1.0991000000000002
-1.35009765625,1.0992000000000002
-1.082763671875,1.0993000000000002
-1.3873291015625,1.0994000000000002
-1.61651611328125,1.0995000000000001
-1.0205078125,1.0996000000000001
-1.2481689453125,1.0997000000000001
-1.18804931640625,1.0998
-0.89935302734375,1.0999
-1.7431640625,1.1
-1.2286376953125,1.1001
-1.456298828125,1.1002
-0.7635498046875,1.1003
-0.6964111328125,1.1004
-1.08184814453125,1.1005
-0.948486328125,1.1006
-0.93475341796875,1.1007
-0.941162109375,1.1008
-1.28173828125,1.1009
-0.82061767578125,1.101
-0.83587646484375,1.1011000000000002
-0.819091796875,1.1012000000000002
-0.74615478515625,1.1013000000000002
-1.13739013671875,1.1014000000000002
-0.7379150390625,1.1015000000000001
-0.8251953125,1.1016000000000001
-0.97076416015625,1.1017000000000001
-1.09893798828125,1.1018000000000001
-0.85784912109375,1.1019
-0.70465087890625,1.102
-0.7171630859375,1.1021
-0.74798583984375,1.1022
-0.98602294921875,1.1023
-0.79986572265625,1.1024
-1.02447509765625,1.1025
-1.11175537109375,1.1026
-0.748291015625,1.1027
-0.7080078125,1.1028
-0.70037841796875,1.1029
-1.1724853515625,1.103
-1.23687744140625,1.1031000000000002
-1.07757568359375,1.1032000000000002
-1.1297607421875,1.1033000000000002
-1.26922607421875,1.1034000000000002
-1.12518310546875,1.1035000000000001
-1.15447998046875,1.1036000000000001
-1.2432861328125,1.1037000000000001
-1.5032958984375,1.1038000000000001
-1.444091796875,1.1039
-1.23748779296875,1.104
-1.341552734375,1.1041
-1.56951904296875,1.1042
-1.81396484375,1.1043
-1.42791748046875,1.1044
-1.67633056640625,1.1045
-1.5216064453125,1.1046
-1.96380615234375,1.1047
-1.666259765625,1.1048
-2.01629638671875,1.1049
-2.1142578125,1.105
-2.1466064453125,1.1051000000000002
-2.13653564453125,1.1052000000000002
-1.8865966796875,1.1053000000000002
-2.1527099609375,1.1054000000000002
-2.0367431640625,1.1055000000000001
-1.97052001953125,1.1056000000000001
-2.03582763671875,1.1057000000000001
-2.15972900390625,1.1058000000000001
-2.786865234375,1.1059
-2.31658935546875,1.106
-2.62542724609375,1.1061
-2.2314453125,1.1062
-2.52532958984375,1.1063
-2.5238037109375,1.1064
-2.61322021484375,1.1065
-2.62359619140625,1.1066
-2.63031005859375,1.1067
-2.42523193359375,1.1068
-2.72613525390625,1.1069
-2.734375,1.107
-2.69378662109375,1.1071000000000002
-2.509765625,1.1072000000000002
-2.552490234375,1.1073000000000002
-2.64251708984375,1.1074000000000002
-3.0548095703125,1.1075000000000002
-2.7996826171875,1.1076000000000001
-2.71697998046875,1.1077000000000001
-2.86346435546875,1.1078000000000001
-2.55218505859375,1.1079
-2.64556884765625,1.108
-2.64068603515625,1.1081
-2.92572021484375,1.1082
-3.109130859375,1.1083
-2.5750732421875,1.1084
-2.32025146484375,1.1085
-2.67791748046875,1.1086
-2.64862060546875,1.1087
-2.58453369140625,1.1088
-2.54608154296875,1.1089
-2.75726318359375,1.109
-2.43896484375,1.1091000000000002
-2.7178955078125,1.1092000000000002
-2.46795654296875,1.1093000000000002
-2.40478515625,1.1094000000000002
-2.30255126953125,1.1095000000000002
-1.89361572265625,1.1096000000000001
-2.22137451171875,1.1097000000000001
-2.04803466796875,1.1098000000000001
-2.21771240234375,1.1099
-2.42767333984375,1.11
-2.059326171875,1.1101
-2.069091796875,1.1102
-1.8475341796875,1.1103
-2.04254150390625,1.1104
-1.9696044921875,1.1105
-2.18170166015625,1.1106
-1.88262939453125,1.1107
-1.71966552734375,1.1108
-1.88507080078125,1.1109
-1.70013427734375,1.111
-1.64215087890625,1.1111000000000002
-1.729736328125,1.1112000000000002
-1.49749755859375,1.1113000000000002
-1.5704345703125,1.1114000000000002
-1.72882080078125,1.1115000000000002
-1.3543701171875,1.1116000000000001
-1.6497802734375,1.1117000000000001
-1.5277099609375,1.1118000000000001
-1.31011962890625,1.1119
-1.175537109375,1.112
-1.33544921875,1.1121
-1.50299072265625,1.1122
-1.5032958984375,1.1123
-1.3494873046875,1.1124
-1.23504638671875,1.1125
-1.776123046875,1.1126
-1.32080078125,1.1127
-1.09771728515625,1.1128
-1.4373779296875,1.1129
-1.34307861328125,1.113
-1.37481689453125,1.1131000000000002
-1.21673583984375,1.1132000000000002
-1.42730712890625,1.1133000000000002
-1.50390625,1.1134000000000002
-1.292724609375,1.1135000000000002
-1.4691162109375,1.1136000000000001
-1.33575439453125,1.1137000000000001
-1.54541015625,1.1138000000000001
-1.6632080078125,1.1139000000000001
-1.41082763671875,1.114
-1.65008544921875,1.1141
-1.54510498046875,1.1142
-2.02056884765625,1.1143
-1.6070556640625,1.1144
-1.396484375,1.1145
-1.64794921875,1.1146
-1.4892578125,1.1147
-1.58843994140625,1.1148
-1.724853515625,1.1149
-2.054443359375,1.115
-2.00286865234375,1.1151
-1.5814208984375,1.1152000000000002
-1.96563720703125,1.1153000000000002
-1.9390869140625,1.1154000000000002
-2.16461181640625,1.1155000000000002
-2.15301513671875,1.1156000000000001
-1.9110107421875,1.1157000000000001
-2.1099853515625,1.1158000000000001
-2.03369140625,1.1159000000000001
-2.0379638671875,1.116
-2.1331787109375,1.1161
-2.18048095703125,1.1162
-2.120361328125,1.1163
-1.93267822265625,1.1164
-2.19390869140625,1.1165
-2.38037109375,1.1166
-2.55828857421875,1.1167
-2.49359130859375,1.1168
-2.46551513671875,1.1169
-2.518310546875,1.117
-2.36907958984375,1.1171
-2.62176513671875,1.1172000000000002
-2.640380859375,1.1173000000000002
-2.61993408203125,1.1174000000000002
-2.730712890625,1.1175000000000002
-2.45361328125,1.1176000000000001
-2.572021484375,1.1177000000000001
-2.73223876953125,1.1178000000000001
-2.8692626953125,1.1179000000000001
-2.79205322265625,1.118
-2.72552490234375,1.1181
-2.94769287109375,1.1182
-2.9010009765625,1.1183
-3.15093994140625,1.1184
-3.06243896484375,1.1185
-3.05419921875,1.1186
-3.07373046875,1.1187
-2.96600341796875,1.1188
-3.08837890625,1.1189
-3.1292724609375,1.119
-3.3648681640625,1.1191
-3.31207275390625,1.1192000000000002
-3.25531005859375,1.1193000000000002
-3.52752685546875,1.1194000000000002
-3.3355712890625,1.1195000000000002
-3.54217529296875,1.1196000000000002
-3.67828369140625,1.1197000000000001
-3.57635498046875,1.1198000000000001
-3.45489501953125,1.1199000000000001
-3.49273681640625,1.12
-3.78936767578125,1.1201
-3.70269775390625,1.1202
-3.79547119140625,1.1203
-3.69293212890625,1.1204
-3.7249755859375,1.1205
-3.724365234375,1.1206
-3.8531494140625,1.1207
-3.90167236328125,1.1208
-4.0264892578125,1.1209
-3.91815185546875,1.121
-3.82965087890625,1.1211
-3.778076171875,1.1212000000000002
-3.9471435546875,1.1213000000000002
-4.10186767578125,1.1214000000000002
-4.08416748046875,1.1215000000000002
-3.92730712890625,1.1216000000000002
-4.139404296875,1.1217000000000001
-4.12811279296875,1.1218000000000001
-3.97064208984375,1.1219000000000001
-4.02618408203125,1.122
-3.90411376953125,1.1221
-4.1107177734375,1.1222
-3.9495849609375,1.1223
-3.82568359375,1.1224
-3.94195556640625,1.1225
-4.1143798828125,1.1226
-4.0283203125,1.1227
-3.8623046875,1.1228
-3.87542724609375,1.1229
-3.7945556640625,1.123
-4.03839111328125,1.1231
-3.67889404296875,1.1232000000000002
-3.86505126953125,1.1233000000000002
-3.7969970703125,1.1234000000000002
-3.5797119140625,1.1235000000000002
-3.60992431640625,1.1236000000000002
-3.49395751953125,1.1237000000000001
-3.42803955078125,1.1238000000000001
-3.382568359375,1.1239000000000001
-3.33709716796875,1.124
-3.35968017578125,1.1241
-3.3563232421875,1.1242
-3.36090087890625,1.1243
-3.21685791015625,1.1244
-3.3892822265625,1.1245
-2.806396484375,1.1246
-2.783203125,1.1247
-3.0889892578125,1.1248
-2.8277587890625,1.1249
-2.90802001953125,1.1250000000000002
-2.6019287109375,1.1251000000000002
-2.31903076171875,1.1252000000000002
-2.9052734375,1.1253000000000002
-2.54119873046875,1.1254000000000002
-2.4957275390625,1.1255000000000002
-2.19024658203125,1.1256000000000002
-2.31689453125,1.1257000000000001
-2.3699951171875,1.1258000000000001
-2.1942138671875,1.1259000000000001
-2.01873779296875,1.1260000000000001
-2.259521484375,1.1261
-2.0556640625,1.1262
-1.53533935546875,1.1263
-1.68212890625,1.1264
-1.9732666015625,1.1265
-2.02117919921875,1.1266
-1.9744873046875,1.1267
-1.57012939453125,1.1268000000000002
-1.49932861328125,1.1269000000000002
-1.533203125,1.1270000000000002
-1.358642578125,1.1271000000000002
-1.29241943359375,1.1272000000000002
-1.195068359375,1.1273000000000002
-1.35711669921875,1.1274000000000002
-1.1553955078125,1.1275000000000002
-0.89447021484375,1.1276000000000002
-1.195068359375,1.1277000000000001
-1.26953125,1.1278000000000001
-1.016845703125,1.1279000000000001
-0.75927734375,1.1280000000000001
-0.95733642578125,1.1281
-0.66619873046875,1.1282
-0.574951171875,1.1283
-0.8319091796875,1.1284
-0.68939208984375,1.1285
-0.44342041015625,1.1286
-0.37567138671875,1.1287
-0.2044677734375,1.1288000000000002
-0.58013916015625,1.1289000000000002
-0.43182373046875,1.1290000000000002
-0.4705810546875,1.1291000000000002
-0.4052734375,1.1292000000000002
-0.29052734375,1.1293000000000002
-0.419921875,1.1294000000000002
-0.0689697265625,1.1295000000000002
-0.0689697265625,1.1296000000000002
-0.1708984375,1.1297000000000001
-0.07080078125,1.1298000000000001
0.04547119140625,1.1299000000000001
0.08544921875,1.1300000000000001
-0.025634765625,1.1301
-0.1043701171875,1.1302
0.0439453125,1.1303
-0.0970458984375,1.1304
0.19378662109375,1.1305
-0.01373291015625,1.1306
0.21209716796875,1.1307
0.2374267578125,1.1308000000000002
-0.24200439453125,1.1309000000000002
-0.01434326171875,1.1310000000000002
0.15167236328125,1.1311000000000002
0.34271240234375,1.1312000000000002
0.21240234375,1.1313000000000002
0.0518798828125,1.1314000000000002
0.13824462890625,1.1315000000000002
-0.0640869140625,1.1316000000000002
0.0323486328125,1.1317000000000002
-0.1953125,1.1318000000000001
0.29632568359375,1.1319000000000001
0.13397216796875,1.1320000000000001
-0.1934814453125,1.1321
0.04425048828125,1.1322
-0.146484375,1.1323
0.13275146484375,1.1324
-0.41015625,1.1325
-0.21942138671875,1.1326
-0.06439208984375,1.1327
-0.37384033203125,1.1328000000000003
-0.29541015625,1.1329000000000002
-0.4119873046875,1.1330000000000002
-0.20111083984375,1.1331000000000002
-0.49102783203125,1.1332000000000002
-0.4705810546875,1.1333000000000002
-0.43731689453125,1.1334000000000002
-0.6146240234375,1.1335000000000002
-0.4833984375,1.1336000000000002
-0.546875,1.1337000000000002
-0.70831298828125,1.1338000000000001
-0.54107666015625,1.1339000000000001
-0.56793212890625,1.1340000000000001
-0.7171630859375,1.1341
-0.89508056640625,1.1342
-0.662841796875,1.1343
-0.69244384765625,1.1344
-1.0150146484375,1.1345
-0.91400146484375,1.1346
-0.80810546875,1.1347
-0.70037841796875,1.1348000000000003
-0.7672119140625,1.1349000000000002
-1.05743408203125,1.1350000000000002
-1.104736328125,1.1351000000000002
-0.753173828125,1.1352000000000002
-0.9552001953125,1.1353000000000002
-0.809326171875,1.1354000000000002
-0.69244384765625,1.1355000000000002
-0.63720703125,1.1356000000000002
-0.84197998046875,1.1357000000000002
-0.92864990234375,1.1358000000000001
-1.103515625,1.1359000000000001
-0.56976318359375,1.1360000000000001
-0.77239990234375,1.1361
-0.7635498046875,1.1362
-0.53497314453125,1.1363
-0.7293701171875,1.1364
-0.41961669921875,1.1365
-0.58502197265625,1.1366
-0.50506591796875,1.1367
-0.31280517578125,1.1368
-0.51177978515625,1.1369000000000002
-0.3155517578125,1.1370000000000002
-0.31707763671875,1.1371000000000002
-0.41107177734375,1.1372000000000002
0.10162353515625,1.1373000000000002
-0.1116943359375,1.1374000000000002
-0.39031982421875,1.1375000000000002
-0.123291015625,1.1376000000000002
0.1580810546875,1.1377000000000002
0.24383544921875,1.1378000000000001
0.0921630859375,1.1379000000000001
0.43853759765625,1.1380000000000001
0.37109375,1.1381000000000001
0.42938232421875,1.1382
0.4180908203125,1.1383
0.496826171875,1.1384
1.01165771484375,1.1385
0.57159423828125,1.1386
0.435791015625,1.1387
0.4730224609375,1.1388
0.7305908203125,1.1389000000000002
1.37298583984375,1.1390000000000002
1.24420166015625,1.1391000000000002
1.42822265625,1.1392000000000002
1.2042236328125,1.1393000000000002
1.4300537109375,1.1394000000000002
0.84259033203125,1.1395000000000002
1.3287353515625,1.1396000000000002
2.02972412109375,1.1397000000000002
1.61407470703125,1.1398000000000001
1.66290283203125,1.1399000000000001
1.24267578125,1.1400000000000001
1.297607421875,1.1401000000000001
1.49261474609375,1.1402
1.37176513671875,1.1403
1.84661865234375,1.1404
1.91314697265625,1.1405
2.061767578125,1.1406
1.6729736328125,1.1407
1.47369384765625,1.1408
2.4298095703125,1.1409000000000002
1.95343017578125,1.1410000000000002
2.071533203125,1.1411000000000002
2.07550048828125,1.1412000000000002
1.89605712890625,1.1413000000000002
2.0159912109375,1.1414000000000002
1.48406982421875,1.1415000000000002
2.293701171875,1.1416000000000002
2.44384765625,1.1417000000000002
2.26837158203125,1.1418000000000001
2.08099365234375,1.1419000000000001
2.16583251953125,1.1420000000000001
2.403564453125,1.1421000000000001
2.2125244140625,1.1422
2.3992919921875,1.1423
2.3028564453125,1.1424
2.3370361328125,1.1425
2.38006591796875,1.1426
2.19635009765625,1.1427
2.5030517578125,1.1428
2.33856201171875,1.1429000000000002
2.32391357421875,1.1430000000000002
2.103271484375,1.1431000000000002
2.2540283203125,1.1432000000000002
2.196044921875,1.1433000000000002
2.6861572265625,1.1434000000000002
2.62939453125,1.1435000000000002
1.9537353515625,1.1436000000000002
2.32879638671875,1.1437000000000002
2.20184326171875,1.1438000000000001
2.64129638671875,1.1439000000000001
2.97943115234375,1.1440000000000001
2.783203125,1.1441000000000001
2.6202392578125,1.1442
1.92626953125,1.1443
2.15087890625,1.1444
2.21405029296875,1.1445
2.2491455078125,1.1446
1.79290771484375,1.1447
2.2515869140625,1.1448
2.32086181640625,1.1449000000000003
1.83807373046875,1.1450000000000002
2.12738037109375,1.1451000000000002
2.33795166015625,1.1452000000000002
2.327880859375,1.1453000000000002
2.15179443359375,1.1454000000000002
2.1209716796875,1.1455000000000002
1.81488037109375,1.1456000000000002
2.2247314453125,1.1457000000000002
2.33612060546875,1.1458000000000002
1.5435791015625,1.1459000000000001
1.6131591796875,1.1460000000000001
1.8267822265625,1.1461000000000001
1.31072998046875,1.1462
1.65069580078125,1.1463
1.6839599609375,1.1464
1.3018798828125,1.1465
1.6168212890625,1.1466
1.29119873046875,1.1467
1.4923095703125,1.1468
1.5911865234375,1.1469000000000003
1.597900390625,1.1470000000000002
1.22344970703125,1.1471000000000002
1.13861083984375,1.1472000000000002
1.16729736328125,1.1473000000000002
0.71014404296875,1.1474000000000002
1.05804443359375,1.1475000000000002
0.9747314453125,1.1476000000000002
0.7928466796875,1.1477000000000002
0.87188720703125,1.1478000000000002
0.41839599609375,1.1479000000000001
0.6219482421875,1.1480000000000001
1.04461669921875,1.1481000000000001
0.40069580078125,1.1482
0.48187255859375,1.1483
0.4217529296875,1.1484
0.401611328125,1.1485
0.29510498046875,1.1486
0.01495361328125,1.1487
-0.079345703125,1.1488
0.3314208984375,1.1489000000000003
0.1239013671875,1.1490000000000002
-0.4754638671875,1.1491000000000002
-0.41351318359375,1.1492000000000002
-0.11322021484375,1.1493000000000002
-0.47119140625,1.1494000000000002
-0.21697998046875,1.1495000000000002
-0.62896728515625,1.1496000000000002
-0.1580810546875,1.1497000000000002
-0.50384521484375,1.1498000000000002
-0.74859619140625,1.1499000000000001
-0.4840087890625,1.1500000000000001
-0.58685302734375,1.1501000000000001
-0.49774169921875,1.1502000000000001
-0.8929443359375,1.1503
-0.81298828125,1.1504
-0.79376220703125,1.1505
-0.9320068359375,1.1506
-0.56854248046875,1.1507
-0.95733642578125,1.1508
-0.765380859375,1.1509
-0.87310791015625,1.151
-1.20697021484375,1.1511000000000002
-1.03912353515625,1.1512000000000002
-1.00006103515625,1.1513000000000002
-1.0382080078125,1.1514000000000002
-1.07513427734375,1.1515000000000002
-1.1029052734375,1.1516000000000002
-1.05560302734375,1.1517000000000002
-0.99578857421875,1.1518000000000002
-1.0894775390625,1.1519000000000001
-1.217041015625,1.1520000000000001
-1.1810302734375,1.1521000000000001
-0.9271240234375,1.1522000000000001
-1.52923583984375,1.1523
-1.094970703125,1.1524
-1.24542236328125,1.1525
-1.12548828125,1.1526
-0.84442138671875,1.1527
-1.370849609375,1.1528
-1.04034423828125,1.1529
-1.29547119140625,1.153
-1.03515625,1.1531000000000002
-1.0760498046875,1.1532000000000002
-1.01104736328125,1.1533000000000002
-0.83465576171875,1.1534000000000002
-1.03118896484375,1.1535000000000002
-1.17889404296875,1.1536000000000002
-1.57073974609375,1.1537000000000002
-0.75592041015625,1.1538000000000002
-0.7568359375,1.1539000000000001
-0.8013916015625,1.1540000000000001
-0.8294677734375,1.1541000000000001
-0.90789794921875,1.1542000000000001
-1.03546142578125,1.1543
-0.98297119140625,1.1544
-1.03118896484375,1.1545
-0.86822509765625,1.1546
-0.902099609375,1.1547
-1.0845947265625,1.1548
-0.91064453125,1.1549
-0.79681396484375,1.155
-0.61248779296875,1.1551000000000002
-0.73333740234375,1.1552000000000002
-0.79254150390625,1.1553000000000002
-0.8502197265625,1.1554000000000002
-0.87432861328125,1.1555000000000002
-0.7855224609375,1.1556000000000002
-0.47607421875,1.1557000000000002
-0.47088623046875,1.1558000000000002
-0.48248291015625,1.1559000000000001
-0.9552001953125,1.1560000000000001
-0.90179443359375,1.1561000000000001
-0.58258056640625,1.1562000000000001
-0.73150634765625,1.1563
-0.25360107421875,1.1564
-0.6671142578125,1.1565
-0.50689697265625,1.1566
-0.50262451171875,1.1567
-0.73333740234375,1.1568
-0.34759521484375,1.1569
-0.1934814453125,1.157
-0.2667236328125,1.1571000000000002
-0.477294921875,1.1572000000000002
-0.68511962890625,1.1573000000000002
-0.4705810546875,1.1574000000000002
-0.44281005859375,1.1575000000000002
-0.0506591796875,1.1576000000000002
-0.57159423828125,1.1577000000000002
-0.42236328125,1.1578000000000002
-0.13031005859375,1.1579000000000002
-0.4168701171875,1.1580000000000001
-0.3314208984375,1.1581000000000001
-0.2960205078125,1.1582000000000001
0.10986328125,1.1583
-0.04302978515625,1.1584
-0.2484130859375,1.1585
-0.43701171875,1.1586
-0.2392578125,1.1587
-0.0286865234375,1.1588
-0.38726806640625,1.1589
0.08453369140625,1.159
-0.01983642578125,1.1591000000000002
-0.1312255859375,1.1592000000000002
-0.1422119140625,1.1593000000000002
-0.3839111328125,1.1594000000000002
0.01708984375,1.1595000000000002
0.1171875,1.1596000000000002
-0.33294677734375,1.1597000000000002
0.07659912109375,1.1598000000000002
0.0567626953125,1.1599000000000002
0.0079345703125,1.1600000000000001
-0.01983642578125,1.1601000000000001
-0.1300048828125,1.1602000000000001
0.11077880859375,1.1603
0.12420654296875,1.1604
0.078125,1.1605
-0.2490234375,1.1606
-0.00762939453125,1.1607
0.2392578125,1.1608
-0.052490234375,1.1609
0.06256103515625,1.161
-0.05889892578125,1.1611000000000002
-0.2410888671875,1.1612000000000002
-0.17578125,1.1613000000000002
-0.21636962890625,1.1614000000000002
-0.06561279296875,1.1615000000000002
0.31280517578125,1.1616000000000002
0.2423095703125,1.1617000000000002
0.05889892578125,1.1618000000000002
0.21148681640625,1.1619000000000002
0.14984130859375,1.1620000000000001
-0.2398681640625,1.1621000000000001
0.03814697265625,1.1622000000000001
0.1922607421875,1.1623
-0.20599365234375,1.1624
-0.26123046875,1.1625
-0.2239990234375,1.1626
0.0494384765625,1.1627
0.3662109375,1.1628
-0.15106201171875,1.1629
0.0958251953125,1.163
0.1446533203125,1.1631
-0.01251220703125,1.1632000000000002
0.02349853515625,1.1633000000000002
0.16693115234375,1.1634000000000002
0.01922607421875,1.1635000000000002
0.07171630859375,1.1636000000000002
-0.2520751953125,1.1637000000000002
-0.41473388671875,1.1638000000000002
0.00579833984375,1.1639000000000002
0.09796142578125,1.1640000000000001
-0.220947265625,1.1641000000000001
0.04486083984375,1.1642000000000001
-0.23529052734375,1.1643000000000001
-0.1873779296875,1.1644
-0.1580810546875,1.1645
-0.21759033203125,1.1646
-0.15777587890625,1.1647
-0.108642578125,1.1648
-0.47119140625,1.1649
-0.24566650390625,1.165
-0.440673828125,1.1651
-0.1531982421875,1.1652000000000002
-0.1788330078125,1.1653000000000002
-0.46630859375,1.1654000000000002
-0.41961669921875,1.1655000000000002
-0.5462646484375,1.1656000000000002
-0.26580810546875,1.1657000000000002
-0.19561767578125,1.1658000000000002
-0.45013427734375,1.1659000000000002
-0.04547119140625,1.1660000000000001
-0.556640625,1.1661000000000001
-0.584716796875,1.1662000000000001
-0.5426025390625,1.1663000000000001
-0.37811279296875,1.1664
-0.096435546875,1.1665
-0.4400634765625,1.1666
-0.484619140625,1.1667
-0.72784423828125,1.1668
-0.6072998046875,1.1669
-0.53985595703125,1.167
-0.34088134765625,1.1671
-0.18035888671875,1.1672000000000002
-0.58197021484375,1.1673000000000002
-0.80322265625,1.1674000000000002
-0.577392578125,1.1675000000000002
-0.58197021484375,1.1676000000000002
-0.38238525390625,1.1677000000000002
-0.57373046875,1.1678000000000002
-0.49041748046875,1.1679000000000002
-0.482177734375,1.1680000000000001
-0.562744140625,1.1681000000000001
-0.82427978515625,1.1682000000000001
-0.77423095703125,1.1683000000000001
-0.2386474609375,1.1684
-0.53802490234375,1.1685
-0.50262451171875,1.1686
-0.82061767578125,1.1687
-0.8734130859375,1.1688
-0.6475830078125,1.1689
-1.141357421875,1.169
-0.5450439453125,1.1691
-0.6182861328125,1.1692000000000002
-0.63201904296875,1.1693000000000002
-0.70953369140625,1.1694000000000002
-0.88531494140625,1.1695000000000002
-0.45257568359375,1.1696000000000002
-0.662841796875,1.1697000000000002
-0.7977294921875,1.1698000000000002
-0.79345703125,1.1699000000000002
-0.62957763671875,1.1700000000000002
-0.56640625,1.1701000000000001
-0.9588623046875,1.1702000000000001
-0.56671142578125,1.1703000000000001
-0.84075927734375,1.1704
-0.5474853515625,1.1705
-0.81634521484375,1.1706
-0.926513671875,1.1707
-0.6390380859375,1.1708
-0.78460693359375,1.1709
-0.504150390625,1.171
-0.67138671875,1.1711
-0.9521484375,1.1712000000000002
-0.7452392578125,1.1713000000000002
-0.7208251953125,1.1714000000000002
-0.81268310546875,1.1715000000000002
-0.865478515625,1.1716000000000002
-0.54962158203125,1.1717000000000002
-0.62347412109375,1.1718000000000002
-0.5938720703125,1.1719000000000002
-1.0797119140625,1.1720000000000002
-0.885009765625,1.1721000000000001
-0.802001953125,1.1722000000000001
-0.70709228515625,1.1723000000000001
-0.82000732421875,1.1724
-0.7659912109375,1.1725
-0.86944580078125,1.1726
-0.8038330078125,1.1727
-1.08428955078125,1.1728
-0.7672119140625,1.1729
-0.7818603515625,1.173
-0.718994140625,1.1731
-1.00341796875,1.1732000000000002
-1.12213134765625,1.1733000000000002
-0.90423583984375,1.1734000000000002
-1.18377685546875,1.1735000000000002
-0.6036376953125,1.1736000000000002
-1.06536865234375,1.1737000000000002
-0.78857421875,1.1738000000000002
-1.2591552734375,1.1739000000000002
-1.07086181640625,1.1740000000000002
-0.98907470703125,1.1741000000000001
-1.2017822265625,1.1742000000000001
-0.731201171875,1.1743000000000001
-1.00067138671875,1.1744
-1.080322265625,1.1745
-1.13311767578125,1.1746
-1.33026123046875,1.1747
-1.0284423828125,1.1748
-0.95306396484375,1.1749
-1.20361328125,1.1750000000000003
-1.19781494140625,1.1751000000000003
-1.15020751953125,1.1752000000000002
-1.17401123046875,1.1753000000000002
-1.21002197265625,1.1754000000000002
-1.16058349609375,1.1755000000000002
-1.32904052734375,1.1756000000000002
-1.20025634765625,1.1757000000000002
-1.05316162109375,1.1758000000000002
-1.7962646484375,1.1759000000000002
-1.1395263671875,1.1760000000000002
-0.987548828125,1.1761000000000001
-1.29730224609375,1.1762000000000001
-1.13922119140625,1.1763000000000001
-1.50115966796875,1.1764000000000001
-1.480712890625,1.1765
-1.36505126953125,1.1766
-1.52374267578125,1.1767
-1.27960205078125,1.1768000000000003
-1.4947509765625,1.1769000000000003
-1.35650634765625,1.1770000000000003
-1.25213623046875,1.1771000000000003
-1.63726806640625,1.1772000000000002
-1.49383544921875,1.1773000000000002
-1.3037109375,1.1774000000000002
-1.13311767578125,1.1775000000000002
-1.59088134765625,1.1776000000000002
-1.53289794921875,1.1777000000000002
-1.60980224609375,1.1778000000000002
-1.44287109375,1.1779000000000002
-1.41937255859375,1.1780000000000002
-1.5386962890625,1.1781000000000001
-1.4178466796875,1.1782000000000001
-1.5716552734375,1.1783000000000001
-1.7584228515625,1.1784000000000001
-1.32232666015625,1.1785
-1.6290283203125,1.1786
-1.12579345703125,1.1787
-1.26678466796875,1.1788000000000003
-1.8524169921875,1.1789000000000003
-1.69036865234375,1.1790000000000003
-1.815185546875,1.1791000000000003
-1.39495849609375,1.1792000000000002
-1.5234375,1.1793000000000002
-1.28173828125,1.1794000000000002
-1.23809814453125,1.1795000000000002
-1.47308349609375,1.1796000000000002
-1.36199951171875,1.1797000000000002
-1.78741455078125,1.1798000000000002
-1.429443359375,1.1799000000000002
-1.614990234375,1.1800000000000002
-1.7083740234375,1.1801000000000001
-1.57745361328125,1.1802000000000001
-1.67144775390625,1.1803000000000001
-1.2835693359375,1.1804000000000001
-1.5814208984375,1.1805
-1.4935302734375,1.1806
-1.48284912109375,1.1807
-1.572265625,1.1808000000000003
-1.676025390625,1.1809000000000003
-1.21337890625,1.1810000000000003
-1.13189697265625,1.1811000000000003
-1.2261962890625,1.1812000000000002
-1.27044677734375,1.1813000000000002
-1.56036376953125,1.1814000000000002
-1.2860107421875,1.1815000000000002
-1.68182373046875,1.1816000000000002
-1.54296875,1.1817000000000002
-1.24847412109375,1.1818000000000002
-1.13739013671875,1.1819000000000002
-1.13037109375,1.1820000000000002
-1.29425048828125,1.1821000000000002
-1.40625,1.1822000000000001
-1.1328125,1.1823000000000001
-1.26861572265625,1.1824000000000001
-1.248779296875,1.1825
-1.17584228515625,1.1826
-1.181640625,1.1827
-1.09466552734375,1.1828000000000003
-1.14837646484375,1.1829000000000003
-1.207275390625,1.1830000000000003
-0.97869873046875,1.1831000000000003
-0.653076171875,1.1832000000000003
-1.1962890625,1.1833000000000002
-1.21429443359375,1.1834000000000002
-0.9710693359375,1.1835000000000002
-1.0504150390625,1.1836000000000002
-0.5401611328125,1.1837000000000002
-1.1981201171875,1.1838000000000002
-0.5657958984375,1.1839000000000002
-0.72113037109375,1.1840000000000002
-1.0040283203125,1.1841000000000002
-0.8734130859375,1.1842000000000001
-1.0400390625,1.1843000000000001
-0.48065185546875,1.1844000000000001
-0.73333740234375,1.1845
-0.69244384765625,1.1846
-1.16455078125,1.1847
-0.712890625,1.1848000000000003
-0.58990478515625,1.1849000000000003
-0.76324462890625,1.1850000000000003
-0.46661376953125,1.1851000000000003
-0.6854248046875,1.1852000000000003
-0.76690673828125,1.1853000000000002
-0.70892333984375,1.1854000000000002
-0.93475341796875,1.1855000000000002
-0.42266845703125,1.1856000000000002
-0.68634033203125,1.1857000000000002
-0.60943603515625,1.1858000000000002
-0.7623291015625,1.1859000000000002
-0.78765869140625,1.1860000000000002
-0.46112060546875,1.1861000000000002
-0.17242431640625,1.1862000000000001
-0.24169921875,1.1863000000000001
-0.4644775390625,1.1864000000000001
-0.5413818359375,1.1865
-0.7464599609375,1.1866
-0.816650390625,1.1867
-0.390625,1.1868000000000003
-0.3082275390625,1.1869000000000003
-0.4547119140625,1.1870000000000003
-0.5316162109375,1.1871000000000003
-0.44769287109375,1.1872000000000003
-0.411376953125,1.1873000000000002
-0.455322265625,1.1874000000000002
-0.06378173828125,1.1875000000000002
-0.00640869140625,1.1876000000000002
-0.40496826171875,1.1877000000000002
-0.4949951171875,1.1878000000000002
-0.58807373046875,1.1879000000000002
-0.31005859375,1.1880000000000002
-0.17181396484375,1.1881000000000002
-0.1800537109375,1.1882000000000001
-0.2154541015625,1.1883000000000001
-0.235595703125,1.1884000000000001
-0.37994384765625,1.1885000000000001
-0.179443359375,1.1886
-0.09735107421875,1.1887
0.01220703125,1.1888
0.0164794921875,1.1889000000000003
-0.28411865234375,1.1890000000000003
-0.457763671875,1.1891000000000003
-0.38055419921875,1.1892000000000003
0.10498046875,1.1893000000000002
-0.36956787109375,1.1894000000000002
0.108642578125,1.1895000000000002
-0.0994873046875,1.1896000000000002
-0.22308349609375,1.1897000000000002
-0.07171630859375,1.1898000000000002
-0.4058837890625,1.1899000000000002
-0.2227783203125,1.1900000000000002
-0.03509521484375,1.1901000000000002
-0.20965576171875,1.1902000000000001
-0.355224609375,1.1903000000000001
-0.27862548828125,1.1904000000000001
0.17852783203125,1.1905000000000001
-0.05157470703125,1.1906
-0.2154541015625,1.1907
-0.41778564453125,1.1908
0.10223388671875,1.1909000000000003
-0.27587890625,1.1910000000000003
-0.17608642578125,1.1911000000000003
0.2630615234375,1.1912000000000003
-0.0665283203125,1.1913000000000002
0.0006103515625,1.1914000000000002
-0.45440673828125,1.1915000000000002
-0.30975341796875,1.1916000000000002
0.06072998046875,1.1917000000000002
-0.106201171875,1.1918000000000002
-0.04425048828125,1.1919000000000002
0.0897216796875,1.1920000000000002
0.003662109375,1.1921000000000002
0.018310546875,1.1922000000000001
0.0054931640625,1.1923000000000001
-0.05950927734375,1.1924000000000001
-0.03509521484375,1.1925000000000001
0.17242431640625,1.1926
-0.21484375,1.1927
-0.1263427734375,1.1928
0.2691650390625,1.1929000000000003
0.145263671875,1.1930000000000003
0.16998291015625,1.1931000000000003
0.2374267578125,1.1932000000000003
0.0677490234375,1.1933000000000002
0.16937255859375,1.1934000000000002
-0.17333984375,1.1935000000000002
-0.08270263671875,1.1936000000000002
0.18157958984375,1.1937000000000002
0.24139404296875,1.1938000000000002
0.0091552734375,1.1939000000000002
-0.10223388671875,1.1940000000000002
0.34912109375,1.1941000000000002
0.2984619140625,1.1942000000000002
0.1336669921875,1.1943000000000001
0.16082763671875,1.1944000000000001
0.35400390625,1.1945000000000001
0.2069091796875,1.1946
0.25146484375,1.1947
0.357666015625,1.1948
0.29022216796875,1.1949000000000003
0.28350830078125,1.1950000000000003
-0.03631591796875,1.1951000000000003
0.36468505859375,1.1952000000000003
0.32196044921875,1.1953000000000003
0.38177490234375,1.1954000000000002
0.3985595703125,1.1955000000000002
0.37506103515625,1.1956000000000002
0.3704833984375,1.1957000000000002
0.41351318359375,1.1958000000000002
0.40557861328125,1.1959000000000002
0.39276123046875,1.1960000000000002
0.4193115234375,1.1961000000000002
0.4248046875,1.1962000000000002
0.4095458984375,1.1963000000000001
0.41351318359375,1.1964000000000001
0.42694091796875,1.1965000000000001
0.40557861328125,1.1966
0.4205322265625,1.1967
0.438232421875,1.1968
0.4534912109375,1.1969000000000003
0.85845947265625,1.1970000000000003
0.56854248046875,1.1971000000000003
0.5108642578125,1.1972000000000003
0.843505859375,1.1973000000000003
0.41778564453125,1.1974000000000002
0.58624267578125,1.1975000000000002
0.61004638671875,1.1976000000000002
0.41656494140625,1.1977000000000002
0.8734130859375,1.1978000000000002
0.44647216796875,1.1979000000000002
0.87493896484375,1.1980000000000002
1.07666015625,1.1981000000000002
0.797119140625,1.1982000000000002
0.7769775390625,1.1983000000000001
0.7574462890625,1.1984000000000001
0.56732177734375,1.1985000000000001
1.03302001953125,1.1986
0.52337646484375,1.1987
0.85601806640625,1.1988
0.6903076171875,1.1989000000000003
0.93505859375,1.1990000000000003
0.76202392578125,1.1991000000000003
0.7220458984375,1.1992000000000003
1.0052490234375,1.1993000000000003
0.64300537109375,1.1994000000000002
1.0186767578125,1.1995000000000002
0.93597412109375,1.1996000000000002
0.83770751953125,1.1997000000000002
1.19873046875,1.1998000000000002
1.34490966796875,1.1999000000000002
0.8831787109375,1.2
0.6292724609375,1.2001
0.92437744140625,1.2002
0.79437255859375,1.2003
0.94329833984375,1.2004
1.119384765625,1.2005
1.02508544921875,1.2006
1.0302734375,1.2006999999999999
0.55816650390625,1.2007999999999999
0.6036376953125,1.2008999999999999
1.0198974609375,1.2009999999999998
1.13739013671875,1.2011
0.94024658203125,1.2012
1.1029052734375,1.2013
0.93719482421875,1.2014
1.0333251953125,1.2015
0.6915283203125,1.2016
1.121826171875,1.2017
1.07330322265625,1.2018
1.2255859375,1.2019
0.98358154296875,1.202
0.78033447265625,1.2021
1.307373046875,1.2022
0.8056640625,1.2023
1.1395263671875,1.2024
1.24481201171875,1.2025
0.61920166015625,1.2026
1.2188720703125,1.2026999999999999
0.7940673828125,1.2027999999999999
0.8843994140625,1.2028999999999999
1.2945556640625,1.2029999999999998
1.32720947265625,1.2031
1.319580078125,1.2032
0.8026123046875,1.2033
1.00128173828125,1.2034
0.8740234375,1.2035
1.0760498046875,1.2036
0.94085693359375,1.2037
0.775146484375,1.2038
1.309814453125,1.2039
0.88775634765625,1.204
0.7403564453125,1.2041
0.7965087890625,1.2042
0.82275390625,1.2043
1.1004638671875,1.2044
0.81085205078125,1.2045
0.91339111328125,1.2046
1.21795654296875,1.2046999999999999
1.1700439453125,1.2047999999999999
1.16790771484375,1.2048999999999999
0.98541259765625,1.2049999999999998
1.298828125,1.2051
0.89141845703125,1.2052
0.81756591796875,1.2053
0.7196044921875,1.2054
0.49346923828125,1.2055
1.2890625,1.2056
0.62957763671875,1.2057
0.91217041015625,1.2058
0.9002685546875,1.2059
0.92193603515625,1.206
1.01776123046875,1.2061
0.8636474609375,1.2062
1.05743408203125,1.2063
1.099853515625,1.2064
0.81268310546875,1.2065
0.6927490234375,1.2066
0.8697509765625,1.2066999999999999
1.20361328125,1.2067999999999999
0.980224609375,1.2068999999999999
0.67626953125,1.2069999999999999
1.02508544921875,1.2071
1.1309814453125,1.2072
0.8819580078125,1.2073
1.1810302734375,1.2074
1.29547119140625,1.2075
1.24908447265625,1.2076
0.87432861328125,1.2077
0.5291748046875,1.2078
0.59661865234375,1.2079
1.1859130859375,1.208
1.40625,1.2081
1.1541748046875,1.2082
1.00189208984375,1.2083
0.6915283203125,1.2084
0.9600830078125,1.2085
0.8453369140625,1.2086
1.1395263671875,1.2086999999999999
1.56524658203125,1.2087999999999999
1.0919189453125,1.2088999999999999
0.8984375,1.2089999999999999
0.87890625,1.2091
0.87799072265625,1.2092
1.31439208984375,1.2093
1.36688232421875,1.2094
0.8587646484375,1.2095
1.20452880859375,1.2096
1.23077392578125,1.2097
1.33148193359375,1.2098
1.32171630859375,1.2099
1.60552978515625,1.21
1.409912109375,1.2101
1.0736083984375,1.2102
1.06597900390625,1.2103
1.04095458984375,1.2104
1.683349609375,1.2105
1.23443603515625,1.2106
1.10748291015625,1.2106999999999999
1.58355712890625,1.2107999999999999
1.06689453125,1.2108999999999999
1.2200927734375,1.2109999999999999
1.49261474609375,1.2111
1.38916015625,1.2112
1.66961669921875,1.2113
1.427001953125,1.2114
1.0693359375,1.2115
1.54510498046875,1.2116
1.839599609375,1.2117
1.561279296875,1.2118
1.57440185546875,1.2119
1.4605712890625,1.212
1.4111328125,1.2121
1.16729736328125,1.2122
1.68975830078125,1.2123
1.676025390625,1.2124
1.77154541015625,1.2125
1.695556640625,1.2126
1.06353759765625,1.2127
1.63818359375,1.2127999999999999
1.6326904296875,1.2128999999999999
1.68426513671875,1.2129999999999999
1.82769775390625,1.2130999999999998
1.6668701171875,1.2132
1.5777587890625,1.2133
1.3958740234375,1.2134
1.6754150390625,1.2135
1.41387939453125,1.2136
1.9964599609375,1.2137
1.787109375,1.2138
1.03179931640625,1.2139
1.54693603515625,1.214
1.69586181640625,1.2141
1.5966796875,1.2142
1.8231201171875,1.2143
1.6314697265625,1.2144
2.0281982421875,1.2145
1.6326904296875,1.2146
1.5203857421875,1.2147
1.5814208984375,1.2147999999999999
1.93328857421875,1.2148999999999999
1.859130859375,1.2149999999999999
1.46392822265625,1.2150999999999998
1.71875,1.2152
1.41326904296875,1.2153
1.46026611328125,1.2154
1.65283203125,1.2155
1.03912353515625,1.2156
2.26287841796875,1.2157
1.771240234375,1.2158
1.6534423828125,1.2159
1.55364990234375,1.216
1.41754150390625,1.2161
2.12371826171875,1.2162
1.441650390625,1.2163
1.5203857421875,1.2164
1.76239013671875,1.2165
1.885986328125,1.2166
1.71234130859375,1.2167
1.62811279296875,1.2167999999999999
2.08282470703125,1.2168999999999999
1.89727783203125,1.2169999999999999
1.73828125,1.2170999999999998
1.63604736328125,1.2172
1.27288818359375,1.2173
2.0361328125,1.2174
1.776123046875,1.2175
1.6668701171875,1.2176
1.9464111328125,1.2177
1.7718505859375,1.2178
1.50115966796875,1.2179
1.56097412109375,1.218
1.98486328125,1.2181
2.2808837890625,1.2182
1.57501220703125,1.2183
1.7535400390625,1.2184
1.4984130859375,1.2185
1.83380126953125,1.2186
1.67633056640625,1.2187
1.90582275390625,1.2187999999999999
2.09442138671875,1.2188999999999999
1.78314208984375,1.2189999999999999
1.593017578125,1.2190999999999999
1.689453125,1.2192
1.72332763671875,1.2193
2.36846923828125,1.2194
2.2674560546875,1.2195
1.81854248046875,1.2196
1.53106689453125,1.2197
1.80511474609375,1.2198
1.84234619140625,1.2199
2.03094482421875,1.22
2.31719970703125,1.2201
1.95098876953125,1.2202
1.83135986328125,1.2203
1.7059326171875,1.2204
1.30462646484375,1.2205
2.13836669921875,1.2206
2.0855712890625,1.2207
1.74713134765625,1.2207999999999999
1.8853759765625,1.2208999999999999
1.66290283203125,1.2209999999999999
1.95404052734375,1.2210999999999999
1.90032958984375,1.2212
1.90093994140625,1.2213
1.962890625,1.2214
1.86309814453125,1.2215
1.6363525390625,1.2216
1.84356689453125,1.2217
2.6275634765625,1.2218
2.07489013671875,1.2219
1.92138671875,1.222
1.69464111328125,1.2221
1.561279296875,1.2222
1.65496826171875,1.2223
1.73614501953125,1.2224
2.022705078125,1.2225
1.90673828125,1.2226
1.95526123046875,1.2227
1.36016845703125,1.2227999999999999
2.04254150390625,1.2228999999999999
2.05230712890625,1.2229999999999999
2.15240478515625,1.2230999999999999
2.103271484375,1.2232
1.81182861328125,1.2233
1.700439453125,1.2234
1.80755615234375,1.2235
2.02880859375,1.2236
1.75048828125,1.2237
2.197265625,1.2238
1.74774169921875,1.2239
1.45111083984375,1.224
1.79107666015625,1.2241
1.91650390625,1.2242
2.0074462890625,1.2243
2.1624755859375,1.2244
1.5887451171875,1.2245
1.72149658203125,1.2246
1.7578125,1.2247
1.73431396484375,1.2247999999999999
2.13836669921875,1.2248999999999999
1.5338134765625,1.225
1.6424560546875,1.2251
1.47613525390625,1.2252
1.8505859375,1.2253
1.85638427734375,1.2254
1.82525634765625,1.2255
1.53594970703125,1.2256
1.37451171875,1.2257
1.93145751953125,1.2258
1.6119384765625,1.2259
1.76910400390625,1.226
2.281494140625,1.2261
1.588134765625,1.2262
1.59881591796875,1.2263
1.09466552734375,1.2264
1.859130859375,1.2265
1.93023681640625,1.2266
2.09442138671875,1.2267
1.55517578125,1.2268000000000001
1.45477294921875,1.2269
1.69586181640625,1.227
1.336669921875,1.2271
1.6265869140625,1.2272
2.2027587890625,1.2273
1.14044189453125,1.2274
1.568603515625,1.2275
1.60247802734375,1.2276
1.46728515625,1.2277
2.11761474609375,1.2278
1.873779296875,1.2279
1.76727294921875,1.228
1.67633056640625,1.2281
1.455078125,1.2282
1.45782470703125,1.2283
1.43524169921875,1.2284
2.07763671875,1.2285
1.51580810546875,1.2286
1.45111083984375,1.2287
1.33056640625,1.2288000000000001
1.59393310546875,1.2289
2.17376708984375,1.229
1.54022216796875,1.2291
1.71661376953125,1.2292
1.70379638671875,1.2293
1.650390625,1.2294
1.6204833984375,1.2295
2.00775146484375,1.2296
2.0355224609375,1.2297
1.40106201171875,1.2298
1.473388671875,1.2299
1.3470458984375,1.23
1.84600830078125,1.2301
2.0257568359375,1.2302
1.6546630859375,1.2303
1.4202880859375,1.2304
1.66168212890625,1.2305
1.3470458984375,1.2306
1.48040771484375,1.2307
1.54571533203125,1.2308000000000001
2.17559814453125,1.2309
1.91619873046875,1.231
1.50421142578125,1.2311
1.54693603515625,1.2312
1.422119140625,1.2313
1.8365478515625,1.2314
1.6424560546875,1.2315
1.69647216796875,1.2316
1.53656005859375,1.2317
1.6851806640625,1.2318
1.70074462890625,1.2319
1.48162841796875,1.232
1.76666259765625,1.2321
1.90948486328125,1.2322
1.5673828125,1.2323
1.46331787109375,1.2324
1.36627197265625,1.2325
1.7547607421875,1.2326
1.49505615234375,1.2327
1.6015625,1.2328000000000001
1.8060302734375,1.2329
1.8145751953125,1.233
1.48468017578125,1.2331
1.49200439453125,1.2332
1.85211181640625,1.2333
1.75140380859375,1.2334
1.50054931640625,1.2335
1.39984130859375,1.2336
1.50543212890625,1.2337
1.59515380859375,1.2338
1.63177490234375,1.2339
1.53167724609375,1.234
1.75048828125,1.2341
1.663818359375,1.2342
1.43157958984375,1.2343
1.54571533203125,1.2344
2.039794921875,1.2345
1.72637939453125,1.2346
1.75079345703125,1.2347
1.35894775390625,1.2348000000000001
1.18896484375,1.2349
1.7529296875,1.235
1.42669677734375,1.2351
1.60400390625,1.2352
1.83563232421875,1.2353
1.56982421875,1.2354
1.40869140625,1.2355
1.16455078125,1.2356
1.58660888671875,1.2357
1.4990234375,1.2358
1.7791748046875,1.2359
1.180419921875,1.236
1.3543701171875,1.2361
1.5771484375,1.2362
1.240234375,1.2363
1.595458984375,1.2364
1.53350830078125,1.2365
1.92657470703125,1.2366
1.43951416015625,1.2367
1.5625,1.2368000000000001
1.5576171875,1.2369
1.37542724609375,1.237
1.8731689453125,1.2371
1.0400390625,1.2372
1.48223876953125,1.2373
1.56097412109375,1.2374
1.0772705078125,1.2375
1.8414306640625,1.2376
1.6290283203125,1.2377
1.57958984375,1.2378
1.55426025390625,1.2379
1.38824462890625,1.238
1.4056396484375,1.2381
1.60247802734375,1.2382
1.7437744140625,1.2383
1.23260498046875,1.2384
1.02752685546875,1.2385
1.53656005859375,1.2386
1.451416015625,1.2387
1.593017578125,1.2388
1.2139892578125,1.2389000000000001
1.58966064453125,1.239
1.456298828125,1.2391
1.3067626953125,1.2392
1.495361328125,1.2393
1.76239013671875,1.2394
1.79840087890625,1.2395
1.583251953125,1.2396
1.27105712890625,1.2397
1.45538330078125,1.2398
1.298828125,1.2399
1.54266357421875,1.24
1.1090087890625,1.2401
1.49871826171875,1.2402
1.35955810546875,1.2403
0.7342529296875,1.2404
1.439208984375,1.2405
1.6278076171875,1.2406
1.41021728515625,1.2407
1.048583984375,1.2408
1.15692138671875,1.2409000000000001
1.60919189453125,1.241
1.6033935546875,1.2411
1.5277099609375,1.2412
1.37298583984375,1.2413
1.29852294921875,1.2414
1.20574951171875,1.2415
1.19110107421875,1.2416
1.52252197265625,1.2417
1.40899658203125,1.2418
1.30096435546875,1.2419
1.6839599609375,1.242
0.9539794921875,1.2421
1.4019775390625,1.2422
1.57379150390625,1.2423
1.534423828125,1.2424
1.81488037109375,1.2425
1.11572265625,1.2426
1.72332763671875,1.2427
1.19049072265625,1.2428
1.2701416015625,1.2429000000000001
1.63818359375,1.243
1.32568359375,1.2431
1.6448974609375,1.2432
1.35345458984375,1.2433
1.31744384765625,1.2434
1.19415283203125,1.2435
1.324462890625,1.2436
1.56341552734375,1.2437
1.38427734375,1.2438
1.46820068359375,1.2439
1.40960693359375,1.244
1.2774658203125,1.2441
1.3983154296875,1.2442
1.48956298828125,1.2443
1.7095947265625,1.2444
1.58599853515625,1.2445
1.53900146484375,1.2446
1.30401611328125,1.2447
1.01959228515625,1.2448
1.5673828125,1.2449000000000001
0.9356689453125,1.245
1.141357421875,1.2451
1.3067626953125,1.2452
1.29852294921875,1.2453
1.4788818359375,1.2454
1.23809814453125,1.2455
1.7340087890625,1.2456
1.2255859375,1.2457
1.30401611328125,1.2458
1.18133544921875,1.2459
1.3653564453125,1.246
1.5447998046875,1.2461
1.19598388671875,1.2462
1.47308349609375,1.2463
1.13433837890625,1.2464
1.28265380859375,1.2465
1.34552001953125,1.2466
1.4031982421875,1.2467
1.5618896484375,1.2468
1.3507080078125,1.2469000000000001
1.0577392578125,1.247
1.16119384765625,1.2471
1.17828369140625,1.2472
1.26434326171875,1.2473
1.4984130859375,1.2474
1.2451171875,1.2475
1.18865966796875,1.2476
1.33819580078125,1.2477
1.258544921875,1.2478
1.4111328125,1.2479
1.6998291015625,1.248
1.6143798828125,1.2481
1.214599609375,1.2482
0.99609375,1.2483
1.19354248046875,1.2484
1.33575439453125,1.2485
1.34124755859375,1.2486
1.4752197265625,1.2487
1.36077880859375,1.2488
1.54296875,1.2489000000000001
1.16424560546875,1.249
1.26190185546875,1.2491
1.6375732421875,1.2492
1.50726318359375,1.2493
1.3775634765625,1.2494
1.2249755859375,1.2495
1.19720458984375,1.2496
1.66290283203125,1.2497
1.32293701171875,1.2498
1.32171630859375,1.2499
1.35040283203125,1.25
1.475830078125,1.2501
1.26953125,1.2502
1.571044921875,1.2503
1.522216796875,1.2504
1.36077880859375,1.2505
1.43890380859375,1.2506
1.3531494140625,1.2507
1.27349853515625,1.2508
1.53533935546875,1.2509
1.8072509765625,1.251
1.58172607421875,1.2511
1.6259765625,1.2512
1.65008544921875,1.2513
1.1724853515625,1.2514
1.27288818359375,1.2515
1.54449462890625,1.2516
1.64886474609375,1.2517
1.56585693359375,1.2518
1.1834716796875,1.2519
1.41510009765625,1.252
1.7828369140625,1.2521
1.6070556640625,1.2522
1.84783935546875,1.2523
1.73614501953125,1.2524
1.6510009765625,1.2525
1.5130615234375,1.2526
1.23626708984375,1.2527
1.68212890625,1.2528
1.65924072265625,1.2529
1.59393310546875,1.253
1.383056640625,1.2531
1.32720947265625,1.2532
1.6912841796875,1.2533
1.25274658203125,1.2534
1.669921875,1.2535
1.58050537109375,1.2536
1.71844482421875,1.2537
1.7108154296875,1.2538
1.56158447265625,1.2539
1.68212890625,1.254
1.859130859375,1.2541
1.370849609375,1.2542
1.5814208984375,1.2543
1.4361572265625,1.2544
1.72515869140625,1.2545
1.7889404296875,1.2546
1.48223876953125,1.2547
1.693115234375,1.2548
1.37969970703125,1.2549
1.67694091796875,1.255
1.300048828125,1.2551
1.57989501953125,1.2552
1.7181396484375,1.2553
1.5850830078125,1.2554
1.58294677734375,1.2555
1.1663818359375,1.2556
1.78680419921875,1.2557
1.43524169921875,1.2558
1.4935302734375,1.2559
1.5234375,1.256
1.68609619140625,1.2561
1.6082763671875,1.2562
1.43341064453125,1.2563
1.77154541015625,1.2564
1.805419921875,1.2565
1.336669921875,1.2566
1.42364501953125,1.2567
1.2261962890625,1.2568
1.683349609375,1.2569
1.5570068359375,1.257
1.79443359375,1.2571
1.76666259765625,1.2572
1.4501953125,1.2573
1.73614501953125,1.2574
1.51885986328125,1.2575
1.396484375,1.2576
1.9012451171875,1.2577
1.18133544921875,1.2578
1.50909423828125,1.2579
1.67877197265625,1.258
1.59271240234375,1.2581
1.6473388671875,1.2582
1.15325927734375,1.2583
1.7095947265625,1.2584
1.417236328125,1.2585
1.47125244140625,1.2586
1.788330078125,1.2587
1.51214599609375,1.2588
1.77703857421875,1.2589
1.47613525390625,1.259
1.19720458984375,1.2591
1.67572021484375,1.2592
1.70318603515625,1.2593
1.578369140625,1.2594
1.556396484375,1.2595
1.48895263671875,1.2596
1.41754150390625,1.2597
1.434326171875,1.2598
1.58294677734375,1.2599
1.64154052734375,1.26
1.87286376953125,1.2601
1.363525390625,1.2602
1.34490966796875,1.2603
1.68701171875,1.2604
1.3421630859375,1.2605
1.87591552734375,1.2606
1.71142578125,1.2607
1.707763671875,1.2608
1.57501220703125,1.2609
1.297607421875,1.261
1.806640625,1.2611
1.5802001953125,1.2612
1.8328857421875,1.2613
1.414794921875,1.2614
1.3525390625,1.2615
1.9757080078125,1.2616
1.239013671875,1.2617
1.8682861328125,1.2618
1.3250732421875,1.2619
1.71783447265625,1.262
1.78192138671875,1.2621
1.5887451171875,1.2622
1.837158203125,1.2623
1.9573974609375,1.2624
1.88934326171875,1.2625
1.4752197265625,1.2626
1.2591552734375,1.2627
2.041015625,1.2628
1.748046875,1.2629
1.76055908203125,1.263
1.76177978515625,1.2631000000000001
1.3299560546875,1.2632
1.91375732421875,1.2633
1.43341064453125,1.2634
1.5875244140625,1.2635
2.03582763671875,1.2636
1.82098388671875,1.2637
1.8017578125,1.2638
1.40167236328125,1.2639
1.962890625,1.264
1.7315673828125,1.2641
1.8109130859375,1.2642
1.85211181640625,1.2643
1.59423828125,1.2644
1.64337158203125,1.2645
1.39373779296875,1.2646
1.86859130859375,1.2647
1.73583984375,1.2648
1.40869140625,1.2649
1.4178466796875,1.265
1.5606689453125,1.2651
1.80938720703125,1.2652
1.75567626953125,1.2653
1.6766357421875,1.2654
1.62017822265625,1.2655
1.37115478515625,1.2656
1.668701171875,1.2657
1.8280029296875,1.2658
1.80084228515625,1.2659
1.6162109375,1.266
1.38946533203125,1.2661
1.39251708984375,1.2662
1.57867431640625,1.2663
1.8994140625,1.2664
1.93145751953125,1.2665
1.47796630859375,1.2666
1.4453125,1.2667
1.290283203125,1.2668
1.5460205078125,1.2669
1.8603515625,1.267
1.65740966796875,1.2671
1.76513671875,1.2672
1.246337890625,1.2673
1.29241943359375,1.2674
1.46453857421875,1.2675
1.904296875,1.2676
1.8707275390625,1.2677
1.50238037109375,1.2678
1.527099609375,1.2679
1.63665771484375,1.268
1.3092041015625,1.2681
1.64886474609375,1.2682
1.5435791015625,1.2683
1.53228759765625,1.2684
1.3238525390625,1.2685
1.436767578125,1.2686
1.87530517578125,1.2687
1.59423828125,1.2688
1.72576904296875,1.2689
1.45965576171875,1.269
1.66046142578125,1.2691
1.656494140625,1.2692
1.25732421875,1.2693
1.83258056640625,1.2694
1.568603515625,1.2695
1.4874267578125,1.2696
1.40716552734375,1.2697
1.6900634765625,1.2698
1.96807861328125,1.2699
1.318359375,1.27
1.6571044921875,1.2701
1.39892578125,1.2702
1.56707763671875,1.2703
1.41204833984375,1.2704
1.7462158203125,1.2705
1.78863525390625,1.2706
1.680908203125,1.2707
1.47003173828125,1.2708
1.0931396484375,1.2709
1.7132568359375,1.271
1.7071533203125,1.2711
1.90673828125,1.2712
1.58538818359375,1.2713
1.1962890625,1.2714
1.629638671875,1.2715
1.64825439453125,1.2716
1.3812255859375,1.2717
1.55059814453125,1.2718
1.6998291015625,1.2719
1.614990234375,1.272
1.6253662109375,1.2721
1.49749755859375,1.2722
1.98699951171875,1.2723
1.533203125,1.2724
1.57318115234375,1.2725
1.47186279296875,1.2726
1.7254638671875,1.2727
1.8084716796875,1.2728
1.26251220703125,1.2729
1.4398193359375,1.273
1.60614013671875,1.2731
1.28021240234375,1.2732
1.46728515625,1.2733
1.751708984375,1.2734
1.763916015625,1.2735
1.6510009765625,1.2736
1.2640380859375,1.2737
1.71295166015625,1.2738
2.0135498046875,1.2739
1.67999267578125,1.274
1.5032958984375,1.2741
1.51641845703125,1.2742
1.69281005859375,1.2743
1.3189697265625,1.2744
1.2628173828125,1.2745
1.46881103515625,1.2746
1.4434814453125,1.2747
1.5899658203125,1.2748
1.55487060546875,1.2749
1.38641357421875,1.2750000000000001
1.69647216796875,1.2751000000000001
1.51947021484375,1.2752000000000001
1.01531982421875,1.2753
1.346435546875,1.2754
1.815185546875,1.2755
1.48284912109375,1.2756
1.51092529296875,1.2757
1.48101806640625,1.2758
1.65191650390625,1.2759
1.1737060546875,1.276
1.08978271484375,1.2761
1.13372802734375,1.2762
1.4459228515625,1.2763
1.6082763671875,1.2764
1.47430419921875,1.2765
1.32476806640625,1.2766
1.651611328125,1.2767
1.53106689453125,1.2768000000000002
1.36749267578125,1.2769000000000001
1.2841796875,1.2770000000000001
1.48193359375,1.2771000000000001
1.60552978515625,1.2772000000000001
1.35284423828125,1.2773
1.21063232421875,1.2774
1.59332275390625,1.2775
1.2677001953125,1.2776
1.28265380859375,1.2777
1.1669921875,1.2778
1.295166015625,1.2779
1.455078125,1.278
1.64337158203125,1.2781
1.7437744140625,1.2782
1.70379638671875,1.2783
1.49017333984375,1.2784
1.34002685546875,1.2785
1.16546630859375,1.2786
1.51275634765625,1.2787
1.70684814453125,1.2788000000000002
1.40380859375,1.2789000000000001
1.34857177734375,1.2790000000000001
1.42913818359375,1.2791000000000001
1.50634765625,1.2792000000000001
1.448974609375,1.2793
1.3653564453125,1.2794
1.87408447265625,1.2795
1.55181884765625,1.2796
1.5380859375,1.2797
1.42486572265625,1.2798
1.63177490234375,1.2799
1.94244384765625,1.28
0.92254638671875,1.2801
1.26007080078125,1.2802
1.59454345703125,1.2803
1.64764404296875,1.2804
1.8011474609375,1.2805
1.287841796875,1.2806
1.7120361328125,1.2807
1.40838623046875,1.2808000000000002
1.4312744140625,1.2809000000000001
1.666259765625,1.2810000000000001
1.7657470703125,1.2811000000000001
1.71417236328125,1.2812000000000001
0.99395751953125,1.2813
1.3568115234375,1.2814
1.61041259765625,1.2815
1.876220703125,1.2816
2.00164794921875,1.2817
1.4404296875,1.2818
1.59942626953125,1.2819
1.24420166015625,1.282
1.4459228515625,1.2821
1.7974853515625,1.2822
1.52130126953125,1.2823
1.71478271484375,1.2824
1.46484375,1.2825
1.49505615234375,1.2826
1.375732421875,1.2827
1.65069580078125,1.2828000000000002
1.69158935546875,1.2829000000000002
1.30035400390625,1.2830000000000001
1.707763671875,1.2831000000000001
1.668701171875,1.2832000000000001
1.436767578125,1.2833
2.0416259765625,1.2834
1.5985107421875,1.2835
1.9281005859375,1.2836
1.162109375,1.2837
1.5277099609375,1.2838
1.97479248046875,1.2839
1.91375732421875,1.284
1.9415283203125,1.2841
1.31805419921875,1.2842
1.80511474609375,1.2843
1.32781982421875,1.2844
1.4593505859375,1.2845
1.80877685546875,1.2846
1.27166748046875,1.2847
1.8218994140625,1.2848000000000002
1.4801025390625,1.2849000000000002
1.4715576171875,1.2850000000000001
1.95526123046875,1.2851000000000001
1.88720703125,1.2852000000000001
1.9647216796875,1.2853
1.697998046875,1.2854
1.37939453125,1.2855
1.39312744140625,1.2856
1.63848876953125,1.2857
1.76666259765625,1.2858
1.6387939453125,1.2859
1.58660888671875,1.286
1.28509521484375,1.2861
1.12701416015625,1.2862
1.66778564453125,1.2863
1.6412353515625,1.2864
1.96044921875,1.2865
1.8023681640625,1.2866
1.51947021484375,1.2867
1.69769287109375,1.2868
1.77154541015625,1.2869000000000002
1.756591796875,1.2870000000000001
1.605224609375,1.2871000000000001
1.83135986328125,1.2872000000000001
1.48345947265625,1.2873
1.32080078125,1.2874
1.86859130859375,1.2875
1.6546630859375,1.2876
1.885986328125,1.2877
1.234130859375,1.2878
1.55487060546875,1.2879
1.756591796875,1.288
1.500244140625,1.2881
2.0703125,1.2882
1.99920654296875,1.2883
1.38885498046875,1.2884
1.44805908203125,1.2885
1.36688232421875,1.2886
1.9476318359375,1.2887
1.85333251953125,1.2888
1.81854248046875,1.2889000000000002
1.4215087890625,1.2890000000000001
1.35406494140625,1.2891000000000001
1.44622802734375,1.2892000000000001
1.4093017578125,1.2893000000000001
1.61041259765625,1.2894
2.13714599609375,1.2895
1.5081787109375,1.2896
1.40716552734375,1.2897
1.436767578125,1.2898
2.01080322265625,1.2899
1.949462890625,1.29
1.94854736328125,1.2901
1.80511474609375,1.2902
1.58355712890625,1.2903
1.5472412109375,1.2904
1.505126953125,1.2905
1.4788818359375,1.2906
1.79779052734375,1.2907
1.9305419921875,1.2908
1.68060302734375,1.2909000000000002
1.3946533203125,1.2910000000000001
1.937255859375,1.2911000000000001
1.8609619140625,1.2912000000000001
1.86370849609375,1.2913000000000001
1.3128662109375,1.2914
1.851806640625,1.2915
1.8023681640625,1.2916
1.80450439453125,1.2917
1.9293212890625,1.2918
1.810302734375,1.2919
1.923828125,1.292
1.54205322265625,1.2921
1.43524169921875,1.2922
1.8890380859375,1.2923
1.9781494140625,1.2924
1.9635009765625,1.2925
2.04376220703125,1.2926
1.89239501953125,1.2927
1.62445068359375,1.2928
1.68792724609375,1.2929000000000002
1.60430908203125,1.2930000000000001
1.89056396484375,1.2931000000000001
2.09686279296875,1.2932000000000001
1.7144775390625,1.2933000000000001
1.630859375,1.2934
1.800537109375,1.2935
1.71966552734375,1.2936
1.8988037109375,1.2937
1.85516357421875,1.2938
2.039794921875,1.2939
2.04010009765625,1.294
1.67816162109375,1.2941
1.80938720703125,1.2942
1.55731201171875,1.2943
2.2509765625,1.2944
1.466064453125,1.2945
1.63330078125,1.2946
1.71630859375,1.2947
1.69647216796875,1.2948
2.28515625,1.2949000000000002
1.5625,1.2950000000000002
2.05413818359375,1.2951000000000001
2.03826904296875,1.2952000000000001
1.751708984375,1.2953000000000001
1.82098388671875,1.2954
1.77154541015625,1.2955
2.14141845703125,1.2956
1.475830078125,1.2957
1.529541015625,1.2958
1.573486328125,1.2959
1.91864013671875,1.296
2.0318603515625,1.2961
1.62567138671875,1.2962
1.89971923828125,1.2963
2.07183837890625,1.2964
1.72393798828125,1.2965
1.79351806640625,1.2966
1.80908203125,1.2967
2.117919921875,1.2968
2.0849609375,1.2969000000000002
1.873779296875,1.2970000000000002
1.50634765625,1.2971000000000001
1.75262451171875,1.2972000000000001
1.74957275390625,1.2973000000000001
1.6705322265625,1.2974
2.0269775390625,1.2975
2.2247314453125,1.2976
1.6888427734375,1.2977
1.73004150390625,1.2978
1.43951416015625,1.2979
2.0086669921875,1.298
2.08251953125,1.2981
1.82830810546875,1.2982
2.08587646484375,1.2983
1.82708740234375,1.2984
1.9097900390625,1.2985
1.35986328125,1.2986
2.108154296875,1.2987
2.19512939453125,1.2988
1.75506591796875,1.2989000000000002
1.7803955078125,1.2990000000000002
1.324462890625,1.2991000000000001
1.83258056640625,1.2992000000000001
2.20611572265625,1.2993000000000001
1.5289306640625,1.2994
1.728515625,1.2995
1.96258544921875,1.2996
1.70074462890625,1.2997
1.7205810546875,1.2998
1.71783447265625,1.2999
2.283935546875,1.3
2.03094482421875,1.3001
1.68670654296875,1.3002
1.77337646484375,1.3003
1.81427001953125,1.3004
2.30743408203125,1.3005
1.7950439453125,1.3006
1.4874267578125,1.3007
1.66717529296875,1.3008
1.8267822265625,1.3009
2.08648681640625,1.301
1.82281494140625,1.3011000000000001
2.09381103515625,1.3012000000000001
2.0245361328125,1.3013000000000001
1.8939208984375,1.3014000000000001
1.36199951171875,1.3015
2.0330810546875,1.3016
2.3272705078125,1.3017
2.149658203125,1.3018
1.8804931640625,1.3019
1.76422119140625,1.302
1.627197265625,1.3021
1.57958984375,1.3022
1.80816650390625,1.3023
1.96685791015625,1.3024
2.183837890625,1.3025
1.96319580078125,1.3026
1.63665771484375,1.3027
1.8798828125,1.3028
2.22900390625,1.3029
2.04315185546875,1.303
1.727294921875,1.3031000000000001
2.16796875,1.3032000000000001
1.96258544921875,1.3033000000000001
2.00836181640625,1.3034000000000001
1.746826171875,1.3035
1.942138671875,1.3036
2.20855712890625,1.3037
1.90460205078125,1.3038
1.6351318359375,1.3039
1.884765625,1.304
2.21282958984375,1.3041
1.93817138671875,1.3042
1.86065673828125,1.3043
1.748046875,1.3044
2.02880859375,1.3045
1.6339111328125,1.3046
2.18505859375,1.3047
1.98486328125,1.3048
1.96868896484375,1.3049
1.90704345703125,1.305
1.65191650390625,1.3051000000000001
2.31109619140625,1.3052000000000001
2.21527099609375,1.3053000000000001
2.1551513671875,1.3054000000000001
1.99249267578125,1.3055
1.20086669921875,1.3056
1.84722900390625,1.3057
1.129150390625,1.3058
2.064208984375,1.3059
1.88201904296875,1.306
1.9293212890625,1.3061
1.8072509765625,1.3062
1.41845703125,1.3063
1.8402099609375,1.3064
1.89697265625,1.3065
1.88323974609375,1.3066
1.90948486328125,1.3067
1.578369140625,1.3068
1.94580078125,1.3069
1.46331787109375,1.307
1.69281005859375,1.3071000000000002
1.4581298828125,1.3072000000000001
1.53167724609375,1.3073000000000001
1.78802490234375,1.3074000000000001
1.688232421875,1.3075
1.7840576171875,1.3076
1.73858642578125,1.3077
2.01080322265625,1.3078
1.7822265625,1.3079
1.32659912109375,1.308
1.72271728515625,1.3081
1.417236328125,1.3082
1.680908203125,1.3083
1.995849609375,1.3084
1.551513671875,1.3085
1.783447265625,1.3086
1.14471435546875,1.3087
1.7022705078125,1.3088
1.787109375,1.3089
1.6595458984375,1.309
1.82281494140625,1.3091000000000002
1.36474609375,1.3092000000000001
1.70013427734375,1.3093000000000001
1.61163330078125,1.3094000000000001
1.51641845703125,1.3095
1.89697265625,1.3096
1.976318359375,1.3097
1.70196533203125,1.3098
1.33880615234375,1.3099
1.265869140625,1.31
1.82281494140625,1.3101
1.8487548828125,1.3102
1.87835693359375,1.3103
1.57379150390625,1.3104
1.44989013671875,1.3105
1.47552490234375,1.3106
1.102294921875,1.3107
1.54541015625,1.3108
1.50848388671875,1.3109
1.75872802734375,1.311
1.690673828125,1.3111000000000002
1.3140869140625,1.3112000000000001
1.98272705078125,1.3113000000000001
1.7816162109375,1.3114000000000001
1.771240234375,1.3115
1.69158935546875,1.3116
1.65618896484375,1.3117
1.89788818359375,1.3118
1.253662109375,1.3119
1.7022705078125,1.312
1.64093017578125,1.3121
1.90338134765625,1.3122
1.27716064453125,1.3123
1.64031982421875,1.3124
1.8438720703125,1.3125
1.70684814453125,1.3126
2.008056640625,1.3127
1.9036865234375,1.3128
1.61041259765625,1.3129
1.676025390625,1.313
1.53839111328125,1.3131
1.91925048828125,1.3132000000000001
1.77703857421875,1.3133000000000001
1.76483154296875,1.3134000000000001
1.81060791015625,1.3135000000000001
1.31591796875,1.3136
1.614990234375,1.3137
1.57135009765625,1.3138
1.44500732421875,1.3139
2.0184326171875,1.314
1.50848388671875,1.3141
1.51214599609375,1.3142
1.2957763671875,1.3143
1.9866943359375,1.3144
1.82861328125,1.3145
1.8975830078125,1.3146
1.9732666015625,1.3147
1.4544677734375,1.3148
1.7730712890625,1.3149
1.6583251953125,1.315
1.71142578125,1.3151
1.87286376953125,1.3152000000000001
1.785888671875,1.3153000000000001
1.561279296875,1.3154000000000001
1.48651123046875,1.3155000000000001
1.6778564453125,1.3156
1.55975341796875,1.3157
2.0159912109375,1.3158
1.39068603515625,1.3159
1.6668701171875,1.316
1.96563720703125,1.3161
1.87255859375,1.3162
1.73248291015625,1.3163
1.614990234375,1.3164
1.5380859375,1.3165
1.5240478515625,1.3166
1.5167236328125,1.3167
1.72088623046875,1.3168
1.783447265625,1.3169
1.71478271484375,1.317
1.3958740234375,1.3171
1.4569091796875,1.3172000000000001
1.907958984375,1.3173000000000001
1.80206298828125,1.3174000000000001
2.02056884765625,1.3175000000000001
2.0928955078125,1.3176
1.54388427734375,1.3177
1.455078125,1.3178
1.639404296875,1.3179
1.9146728515625,1.318
1.94549560546875,1.3181
1.9158935546875,1.3182
1.627197265625,1.3183
1.55975341796875,1.3184
1.76055908203125,1.3185
1.4410400390625,1.3186
2.125244140625,1.3187
1.9635009765625,1.3188
1.8743896484375,1.3189
1.64093017578125,1.319
1.552734375,1.3191
1.53564453125,1.3192000000000002
1.7327880859375,1.3193000000000001
2.23785400390625,1.3194000000000001
1.68121337890625,1.3195000000000001
1.85516357421875,1.3196
1.85699462890625,1.3197
1.75201416015625,1.3198
1.96502685546875,1.3199
1.8914794921875,1.32
2.0220947265625,1.3201
1.98974609375,1.3202
1.6015625,1.3203
1.81488037109375,1.3204
1.9482421875,1.3205
1.839599609375,1.3206
1.94976806640625,1.3207
1.81304931640625,1.3208
2.00469970703125,1.3209
1.77886962890625,1.321
1.861572265625,1.3211
2.177734375,1.3212000000000002
1.65008544921875,1.3213000000000001
1.93572998046875,1.3214000000000001
1.656494140625,1.3215000000000001
1.47674560546875,1.3216
1.832275390625,1.3217
1.8072509765625,1.3218
2.09747314453125,1.3219
1.71051025390625,1.322
2.103271484375,1.3221
1.81976318359375,1.3222
1.7828369140625,1.3223
1.87255859375,1.3224
1.8426513671875,1.3225
2.02789306640625,1.3226
1.9586181640625,1.3227
1.859130859375,1.3228
1.75018310546875,1.3229
1.951904296875,1.323
2.04559326171875,1.3231
2.1051025390625,1.3232000000000002
2.3175048828125,1.3233000000000001
2.14111328125,1.3234000000000001
1.724853515625,1.3235000000000001
2.037353515625,1.3236
1.56646728515625,1.3237
2.318115234375,1.3238
1.85760498046875,1.3239
1.80419921875,1.324
2.3944091796875,1.3241
1.67816162109375,1.3242
1.9268798828125,1.3243
1.69708251953125,1.3244
2.49969482421875,1.3245
2.4261474609375,1.3246
1.983642578125,1.3247
2.130126953125,1.3248
1.47247314453125,1.3249
2.01568603515625,1.3250000000000002
1.8408203125,1.3251000000000002
2.0892333984375,1.3252000000000002
2.410888671875,1.3253000000000001
1.619873046875,1.3254000000000001
1.80419921875,1.3255000000000001
1.86492919921875,1.3256000000000001
1.80084228515625,1.3257
2.081298828125,1.3258
2.3687744140625,1.3259
1.9708251953125,1.326
1.76849365234375,1.3261
2.07855224609375,1.3262
1.7572021484375,1.3263
1.73492431640625,1.3264
2.2747802734375,1.3265
2.03277587890625,1.3266
1.8267822265625,1.3267
1.70806884765625,1.3268000000000002
1.83319091796875,1.3269000000000002
2.17315673828125,1.3270000000000002
2.1044921875,1.3271000000000002
1.9561767578125,1.3272000000000002
1.66900634765625,1.3273000000000001
2.139892578125,1.3274000000000001
1.9091796875,1.3275000000000001
1.8408203125,1.3276000000000001
2.36419677734375,1.3277
1.73065185546875,1.3278
2.19818115234375,1.3279
1.8951416015625,1.328
1.5899658203125,1.3281
2.22320556640625,1.3282
1.6900634765625,1.3283
1.868896484375,1.3284
2.26409912109375,1.3285
2.025146484375,1.3286
1.95953369140625,1.3287
2.35687255859375,1.3288000000000002
2.35107421875,1.3289000000000002
2.40966796875,1.3290000000000002
1.86920166015625,1.3291000000000002
2.1600341796875,1.3292000000000002
1.6845703125,1.3293000000000001
2.081298828125,1.3294000000000001
2.17132568359375,1.3295000000000001
2.139892578125,1.3296000000000001
2.55828857421875,1.3297
1.86859130859375,1.3298
2.09564208984375,1.3299
1.920166015625,1.33
1.6754150390625,1.3301
2.18658447265625,1.3302
2.529296875,1.3303
2.181396484375,1.3304
2.042236328125,1.3305
2.3223876953125,1.3306
1.756591796875,1.3307
2.2210693359375,1.3308000000000002
2.43560791015625,1.3309000000000002
2.44781494140625,1.3310000000000002
2.427978515625,1.3311000000000002
2.10845947265625,1.3312000000000002
1.93115234375,1.3313000000000001
2.0159912109375,1.3314000000000001
2.2528076171875,1.3315000000000001
2.0953369140625,1.3316000000000001
2.3248291015625,1.3317
2.0013427734375,1.3318
2.07794189453125,1.3319
2.325439453125,1.332
2.35595703125,1.3321
2.34375,1.3322
2.44384765625,1.3323
2.37884521484375,1.3324
1.96319580078125,1.3325
2.2198486328125,1.3326
2.11822509765625,1.3327
2.34405517578125,1.3328000000000002
2.381591796875,1.3329000000000002
2.008056640625,1.3330000000000002
2.21038818359375,1.3331000000000002
2.15301513671875,1.3332000000000002
2.04681396484375,1.3333000000000002
2.24700927734375,1.3334000000000001
2.5152587890625,1.3335000000000001
2.2247314453125,1.3336000000000001
2.41943359375,1.3337
1.9921875,1.3338
2.606201171875,1.3339
2.457275390625,1.334
2.23358154296875,1.3341
2.4322509765625,1.3342
2.017822265625,1.3343
2.23480224609375,1.3344
1.92626953125,1.3345
2.46429443359375,1.3346
2.4957275390625,1.3347
2.0623779296875,1.3348000000000002
2.58087158203125,1.3349000000000002
1.81182861328125,1.3350000000000002
2.30682373046875,1.3351000000000002
2.31048583984375,1.3352000000000002
2.23846435546875,1.3353000000000002
2.50030517578125,1.3354000000000001
2.25616455078125,1.3355000000000001
2.35260009765625,1.3356000000000001
2.0050048828125,1.3357
2.1783447265625,1.3358
1.98211669921875,1.3359
2.45208740234375,1.336
2.56927490234375,1.3361
2.09808349609375,1.3362
2.0745849609375,1.3363
1.98883056640625,1.3364
2.132568359375,1.3365
2.50213623046875,1.3366
2.274169921875,1.3367
2.7117919921875,1.3368000000000002
2.2003173828125,1.3369000000000002
1.99920654296875,1.3370000000000002
1.99066162109375,1.3371000000000002
2.06085205078125,1.3372000000000002
2.6922607421875,1.3373000000000002
2.32025146484375,1.3374000000000001
2.16705322265625,1.3375000000000001
1.9921875,1.3376000000000001
1.7291259765625,1.3377000000000001
2.25372314453125,1.3378
1.96136474609375,1.3379
2.735595703125,1.338
2.21527099609375,1.3381
1.57623291015625,1.3382
1.7108154296875,1.3383
2.0550537109375,1.3384
2.2943115234375,1.3385
2.471923828125,1.3386
2.0880126953125,1.3387
2.1795654296875,1.3388
2.109375,1.3389000000000002
2.2161865234375,1.3390000000000002
2.11456298828125,1.3391000000000002
2.46673583984375,1.3392000000000002
2.1734619140625,1.3393000000000002
1.69097900390625,1.3394000000000001
1.80908203125,1.3395000000000001
2.00958251953125,1.3396000000000001
2.5567626953125,1.3397000000000001
2.318115234375,1.3398
1.7523193359375,1.3399
2.1173095703125,1.34
1.86737060546875,1.3401
2.0465087890625,1.3402
2.38861083984375,1.3403
2.49786376953125,1.3404
2.076416015625,1.3405
1.9451904296875,1.3406
2.12127685546875,1.3407
1.99951171875,1.3408
2.7197265625,1.3409000000000002
2.68280029296875,1.3410000000000002
2.12188720703125,1.3411000000000002
2.05810546875,1.3412000000000002
1.632080078125,1.3413000000000002
1.77642822265625,1.3414000000000001
2.308349609375,1.3415000000000001
2.06756591796875,1.3416000000000001
2.17010498046875,1.3417000000000001
1.92535400390625,1.3418
1.94732666015625,1.3419
1.8170166015625,1.342
2.2576904296875,1.3421
2.48382568359375,1.3422
2.33734130859375,1.3423
2.45086669921875,1.3424
1.85333251953125,1.3425
1.94061279296875,1.3426
2.27569580078125,1.3427
2.2735595703125,1.3428
1.98974609375,1.3429000000000002
2.3468017578125,1.3430000000000002
1.89422607421875,1.3431000000000002
2.19268798828125,1.3432000000000002
2.50396728515625,1.3433000000000002
2.09014892578125,1.3434000000000001
2.45819091796875,1.3435000000000001
2.24761962890625,1.3436000000000001
2.38128662109375,1.3437000000000001
2.5384521484375,1.3438
2.19635009765625,1.3439
1.95281982421875,1.344
2.603759765625,1.3441
1.94000244140625,1.3442
1.849365234375,1.3443
2.05322265625,1.3444
2.098388671875,1.3445
2.25067138671875,1.3446
2.154541015625,1.3447
2.132568359375,1.3448
1.873779296875,1.3449000000000002
2.46002197265625,1.3450000000000002
2.0343017578125,1.3451000000000002
2.34100341796875,1.3452000000000002
2.36724853515625,1.3453000000000002
2.1160888671875,1.3454000000000002
2.22320556640625,1.3455000000000001
2.06878662109375,1.3456000000000001
2.147216796875,1.3457000000000001
2.259521484375,1.3458
2.325439453125,1.3459
1.94854736328125,1.346
2.26226806640625,1.3461
2.2540283203125,1.3462
1.8109130859375,1.3463
2.34527587890625,1.3464
2.1649169921875,1.3465
2.2210693359375,1.3466
2.26287841796875,1.3467
2.0953369140625,1.3468
1.77703857421875,1.3469000000000002
1.820068359375,1.3470000000000002
1.9586181640625,1.3471000000000002
2.17498779296875,1.3472000000000002
2.276611328125,1.3473000000000002
2.26287841796875,1.3474000000000002
1.94915771484375,1.3475000000000001
1.70166015625,1.3476000000000001
1.771240234375,1.3477000000000001
1.72515869140625,1.3478
2.28607177734375,1.3479
1.94061279296875,1.348
2.07855224609375,1.3481
2.0465087890625,1.3482
1.876220703125,1.3483
2.191162109375,1.3484
2.10662841796875,1.3485
2.34893798828125,1.3486
2.193603515625,1.3487
1.8341064453125,1.3488
1.9146728515625,1.3489000000000002
1.69708251953125,1.3490000000000002
2.049560546875,1.3491000000000002
1.60491943359375,1.3492000000000002
1.92138671875,1.3493000000000002
2.07611083984375,1.3494000000000002
1.4093017578125,1.3495000000000001
1.7572021484375,1.3496000000000001
2.06146240234375,1.3497000000000001
2.11822509765625,1.3498
2.06298828125,1.3499
1.76788330078125,1.35
2.01385498046875,1.3501
1.94580078125,1.3502
1.97021484375,1.3503
1.95281982421875,1.3504
2.01507568359375,1.3505
2.2357177734375,1.3506
1.79168701171875,1.3507
1.92047119140625,1.3508
1.917724609375,1.3509
2.1112060546875,1.351
2.23785400390625,1.3511000000000002
1.749267578125,1.3512000000000002
1.97540283203125,1.3513000000000002
1.61468505859375,1.3514000000000002
2.3388671875,1.3515000000000001
2.4530029296875,1.3516000000000001
1.8212890625,1.3517000000000001
2.2900390625,1.3518000000000001
1.48468017578125,1.3519
1.90185546875,1.352
1.86981201171875,1.3521
2.1759033203125,1.3522
2.40814208984375,1.3523
2.11517333984375,1.3524
2.01141357421875,1.3525
1.6156005859375,1.3526
1.89971923828125,1.3527
2.352294921875,1.3528
2.11944580078125,1.3529
2.39990234375,1.353
2.061767578125,1.3531000000000002
2.18902587890625,1.3532000000000002
2.30926513671875,1.3533000000000002
2.10479736328125,1.3534000000000002
2.53387451171875,1.3535000000000001
2.40814208984375,1.3536000000000001
2.037353515625,1.3537000000000001
2.27935791015625,1.3538000000000001
2.00836181640625,1.3539
2.48504638671875,1.354
2.1331787109375,1.3541
2.32421875,1.3542
2.098388671875,1.3543
1.7523193359375,1.3544
2.25616455078125,1.3545
2.4530029296875,1.3546
2.46490478515625,1.3547
2.19635009765625,1.3548
2.26226806640625,1.3549
2.1197509765625,1.355
2.403564453125,1.3551000000000002
2.24365234375,1.3552000000000002
2.27935791015625,1.3553000000000002
2.5738525390625,1.3554000000000002
2.00927734375,1.3555000000000001
1.8988037109375,1.3556000000000001
2.142333984375,1.3557000000000001
2.21588134765625,1.3558000000000001
2.57568359375,1.3559
2.08526611328125,1.356
2.0184326171875,1.3561
1.7364501953125,1.3562
1.8975830078125,1.3563
2.14996337890625,1.3564
2.5286865234375,1.3565
2.10784912109375,1.3566
2.159423828125,1.3567
1.7999267578125,1.3568
2.09869384765625,1.3569
2.24517822265625,1.357
2.4151611328125,1.3571000000000002
2.4310302734375,1.3572000000000002
1.75079345703125,1.3573000000000002
1.91253662109375,1.3574000000000002
1.69921875,1.3575000000000002
1.99615478515625,1.3576000000000001
2.147216796875,1.3577000000000001
2.0086669921875,1.3578000000000001
1.69952392578125,1.3579
1.57745361328125,1.358
2.14141845703125,1.3581
2.3614501953125,1.3582
2.0086669921875,1.3583
1.93389892578125,1.3584
1.93328857421875,1.3585
1.82464599609375,1.3586
1.71875,1.3587
1.6461181640625,1.3588
2.1124267578125,1.3589
2.1185302734375,1.359
1.25335693359375,1.3591000000000002
1.5545654296875,1.3592000000000002
1.6473388671875,1.3593000000000002
2.20367431640625,1.3594000000000002
1.93115234375,1.3595000000000002
1.47857666015625,1.3596000000000001
1.70928955078125,1.3597000000000001
1.85699462890625,1.3598000000000001
1.4898681640625,1.3599
1.86370849609375,1.36
1.99737548828125,1.3601
1.80694580078125,1.3602
1.357421875,1.3603
1.2164306640625,1.3604
1.6680908203125,1.3605
1.8292236328125,1.3606
1.9354248046875,1.3607
1.2591552734375,1.3608
1.44622802734375,1.3609
1.35009765625,1.361
1.27716064453125,1.3611000000000002
1.68731689453125,1.3612000000000002
1.4886474609375,1.3613000000000002
1.9122314453125,1.3614000000000002
1.26800537109375,1.3615000000000002
1.55792236328125,1.3616000000000001
1.630859375,1.3617000000000001
1.74041748046875,1.3618000000000001
1.49627685546875,1.3619
1.2408447265625,1.362
1.517333984375,1.3621
1.0406494140625,1.3622
1.46392822265625,1.3623
1.6448974609375,1.3624
1.2884521484375,1.3625
1.619873046875,1.3626
1.14898681640625,1.3627
1.12762451171875,1.3628
1.6864013671875,1.3629
1.998291015625,1.363
1.70501708984375,1.3631000000000002
1.31011962890625,1.3632000000000002
1.71875,1.3633000000000002
1.42608642578125,1.3634000000000002
1.21307373046875,1.3635000000000002
1.71600341796875,1.3636000000000001
1.5850830078125,1.3637000000000001
1.69097900390625,1.3638000000000001
1.3763427734375,1.3639000000000001
1.09619140625,1.364
1.700439453125,1.3641
1.7730712890625,1.3642
1.7132568359375,1.3643
1.4801025390625,1.3644
1.59332275390625,1.3645
1.48345947265625,1.3646
1.44775390625,1.3647
1.8316650390625,1.3648
1.41845703125,1.3649
1.741943359375,1.365
1.37176513671875,1.3651
1.3226318359375,1.3652000000000002
1.566162109375,1.3653000000000002
1.39617919921875,1.3654000000000002
1.65863037109375,1.3655000000000002
1.75140380859375,1.3656000000000001
1.1376953125,1.3657000000000001
1.66259765625,1.3658000000000001
1.47430419921875,1.3659000000000001
1.64947509765625,1.366
1.5533447265625,1.3661
1.35894775390625,1.3662
0.784912109375,1.3663
1.59393310546875,1.3664
1.6754150390625,1.3665
1.4501953125,1.3666
1.36016845703125,1.3667
1.3177490234375,1.3668
1.2396240234375,1.3669
1.48468017578125,1.367
0.9710693359375,1.3671
1.336669921875,1.3672000000000002
1.566162109375,1.3673000000000002
1.32049560546875,1.3674000000000002
1.4105224609375,1.3675000000000002
1.47796630859375,1.3676000000000001
1.81640625,1.3677000000000001
1.33758544921875,1.3678000000000001
1.17095947265625,1.3679000000000001
1.16424560546875,1.368
0.98602294921875,1.3681
1.68670654296875,1.3682
0.81939697265625,1.3683
1.32843017578125,1.3684
1.32080078125,1.3685
1.0595703125,1.3686
1.4324951171875,1.3687
0.9521484375,1.3688
1.42608642578125,1.3689
1.4453125,1.369
1.2237548828125,1.3691
1.49383544921875,1.3692000000000002
1.375732421875,1.3693000000000002
1.71051025390625,1.3694000000000002
1.24786376953125,1.3695000000000002
1.11175537109375,1.3696000000000002
1.49993896484375,1.3697000000000001
1.1651611328125,1.3698000000000001
1.80999755859375,1.3699000000000001
1.6009521484375,1.37
1.55059814453125,1.3701
1.396484375,1.3702
1.10107421875,1.3703
1.59515380859375,1.3704
1.5069580078125,1.3705
1.8597412109375,1.3706
1.34552001953125,1.3707
1.4996337890625,1.3708
1.922607421875,1.3709
1.258544921875,1.371
1.87408447265625,1.3711
1.6595458984375,1.3712000000000002
2.232666015625,1.3713000000000002
1.72637939453125,1.3714000000000002
1.65802001953125,1.3715000000000002
2.286376953125,1.3716000000000002
1.84814453125,1.3717000000000001
2.02880859375,1.3718000000000001
1.60247802734375,1.3719000000000001
1.93603515625,1.372
2.34100341796875,1.3721
1.8646240234375,1.3722
1.99554443359375,1.3723
2.12646484375,1.3724
2.2247314453125,1.3725
1.68914794921875,1.3726
1.8292236328125,1.3727
2.559814453125,1.3728
2.36083984375,1.3729
2.3931884765625,1.373
2.1685791015625,1.3731
1.8365478515625,1.3732000000000002
2.60589599609375,1.3733000000000002
2.59033203125,1.3734000000000002
2.3583984375,1.3735000000000002
2.52197265625,1.3736000000000002
2.20184326171875,1.3737000000000001
2.31964111328125,1.3738000000000001
1.976318359375,1.3739000000000001
2.242431640625,1.374
2.55035400390625,1.3741
2.55584716796875,1.3742
2.4603271484375,1.3743
2.01812744140625,1.3744
2.581787109375,1.3745
2.2808837890625,1.3746
2.51861572265625,1.3747
2.6214599609375,1.3748
2.1392822265625,1.3749
2.45086669921875,1.3750000000000002
2.0465087890625,1.3751000000000002
2.227783203125,1.3752000000000002
2.557373046875,1.3753000000000002
2.2515869140625,1.3754000000000002
1.837158203125,1.3755000000000002
2.486572265625,1.3756000000000002
2.67364501953125,1.3757000000000001
2.7862548828125,1.3758000000000001
2.19635009765625,1.3759000000000001
2.65106201171875,1.3760000000000001
1.96136474609375,1.3761
2.09014892578125,1.3762
2.4969482421875,1.3763
2.5225830078125,1.3764
2.313232421875,1.3765
1.55792236328125,1.3766
1.72943115234375,1.3767
1.81915283203125,1.3768000000000002
2.1990966796875,1.3769000000000002
2.6153564453125,1.3770000000000002
2.21405029296875,1.3771000000000002
2.44659423828125,1.3772000000000002
1.56982421875,1.3773000000000002
2.196044921875,1.3774000000000002
1.9219970703125,1.3775000000000002
2.40753173828125,1.3776000000000002
2.398681640625,1.3777000000000001
1.77581787109375,1.3778000000000001
1.951904296875,1.3779000000000001
1.62933349609375,1.3780000000000001
1.65008544921875,1.3781
2.28057861328125,1.3782
2.093505859375,1.3783
1.88507080078125,1.3784
1.7205810546875,1.3785
1.83807373046875,1.3786
2.044677734375,1.3787
1.98883056640625,1.3788000000000002
2.07244873046875,1.3789000000000002
1.69189453125,1.3790000000000002
2.115478515625,1.3791000000000002
1.92657470703125,1.3792000000000002
1.78070068359375,1.3793000000000002
2.12249755859375,1.3794000000000002
1.6253662109375,1.3795000000000002
2.07794189453125,1.3796000000000002
1.5911865234375,1.3797000000000001
1.28875732421875,1.3798000000000001
2.19482421875,1.3799000000000001
2.296142578125,1.3800000000000001
1.982421875,1.3801
1.73095703125,1.3802
2.1331787109375,1.3803
1.60736083984375,1.3804
1.9744873046875,1.3805
2.06573486328125,1.3806
2.2503662109375,1.3807
2.30804443359375,1.3808000000000002
1.77001953125,1.3809000000000002
1.76300048828125,1.3810000000000002
2.00408935546875,1.3811000000000002
2.20245361328125,1.3812000000000002
2.125244140625,1.3813000000000002
2.17620849609375,1.3814000000000002
2.2808837890625,1.3815000000000002
2.098388671875,1.3816000000000002
2.5323486328125,1.3817000000000002
2.53082275390625,1.3818000000000001
2.37762451171875,1.3819000000000001
2.59002685546875,1.3820000000000001
2.4212646484375,1.3821
2.00164794921875,1.3822
2.615966796875,1.3823
2.57598876953125,1.3824
2.80303955078125,1.3825
2.82989501953125,1.3826
2.130126953125,1.3827
2.66387939453125,1.3828000000000003
2.17620849609375,1.3829000000000002
2.61322021484375,1.3830000000000002
3.092041015625,1.3831000000000002
2.950439453125,1.3832000000000002
2.78900146484375,1.3833000000000002
2.6580810546875,1.3834000000000002
2.87811279296875,1.3835000000000002
3.09417724609375,1.3836000000000002
2.8497314453125,1.3837000000000002
2.8485107421875,1.3838000000000001
3.109130859375,1.3839000000000001
3.05755615234375,1.3840000000000001
2.5384521484375,1.3841
2.862548828125,1.3842
3.22113037109375,1.3843
3.09295654296875,1.3844
2.7490234375,1.3845
2.974853515625,1.3846
2.79022216796875,1.3847
3.2574462890625,1.3848000000000003
3.052978515625,1.3849000000000002
3.260498046875,1.3850000000000002
2.98828125,1.3851000000000002
2.76824951171875,1.3852000000000002
2.36572265625,1.3853000000000002
2.81982421875,1.3854000000000002
2.9278564453125,1.3855000000000002
2.657470703125,1.3856000000000002
3.05328369140625,1.3857000000000002
2.528076171875,1.3858000000000001
2.52105712890625,1.3859000000000001
2.56927490234375,1.3860000000000001
2.40997314453125,1.3861
2.55828857421875,1.3862
2.32696533203125,1.3863
2.13531494140625,1.3864
2.0098876953125,1.3865
2.06207275390625,1.3866
2.088623046875,1.3867
2.435302734375,1.3868
2.15301513671875,1.3869000000000002
1.68670654296875,1.3870000000000002
1.82220458984375,1.3871000000000002
1.81854248046875,1.3872000000000002
1.61102294921875,1.3873000000000002
1.81976318359375,1.3874000000000002
2.117919921875,1.3875000000000002
1.632080078125,1.3876000000000002
1.4593505859375,1.3877000000000002
1.21337890625,1.3878000000000001
1.3348388671875,1.3879000000000001
1.52740478515625,1.3880000000000001
1.35894775390625,1.3881000000000001
1.23687744140625,1.3882
1.37176513671875,1.3883
1.3140869140625,1.3884
0.80963134765625,1.3885
1.13006591796875,1.3886
1.30645751953125,1.3887
1.34185791015625,1.3888
0.81787109375,1.3889000000000002
0.91552734375,1.3890000000000002
0.83251953125,1.3891000000000002
1.141357421875,1.3892000000000002
0.9783935546875,1.3893000000000002
0.9222412109375,1.3894000000000002
1.04888916015625,1.3895000000000002
0.77667236328125,1.3896000000000002
0.7159423828125,1.3897000000000002
0.7568359375,1.3898000000000001
1.136474609375,1.3899000000000001
1.2066650390625,1.3900000000000001
1.06903076171875,1.3901000000000001
0.5810546875,1.3902
0.92498779296875,1.3903
1.19140625,1.3904
0.859375,1.3905
0.8935546875,1.3906
0.9295654296875,1.3907
0.83221435546875,1.3908
0.85906982421875,1.3909000000000002
0.66314697265625,1.3910000000000002
1.27716064453125,1.3911000000000002
1.23077392578125,1.3912000000000002
1.00433349609375,1.3913000000000002
0.78765869140625,1.3914000000000002
1.1993408203125,1.3915000000000002
1.34735107421875,1.3916000000000002
1.13922119140625,1.3917000000000002
1.31134033203125,1.3918000000000001
1.31744384765625,1.3919000000000001
1.25030517578125,1.3920000000000001
1.2939453125,1.3921000000000001
0.8953857421875,1.3922
1.239013671875,1.3923
1.43035888671875,1.3924
1.2286376953125,1.3925
1.4642333984375,1.3926
1.5411376953125,1.3927
1.4581298828125,1.3928
1.6131591796875,1.3929000000000002
1.1712646484375,1.3930000000000002
1.524658203125,1.3931000000000002
1.70440673828125,1.3932000000000002
1.6998291015625,1.3933000000000002
1.4276123046875,1.3934000000000002
1.990966796875,1.3935000000000002
1.7938232421875,1.3936000000000002
1.62017822265625,1.3937000000000002
1.6351318359375,1.3938000000000001
1.383056640625,1.3939000000000001
2.02239990234375,1.3940000000000001
1.983642578125,1.3941000000000001
1.5130615234375,1.3942
2.1710205078125,1.3943
2.562255859375,1.3944
2.09564208984375,1.3945
1.68426513671875,1.3946
1.90704345703125,1.3947
2.098388671875,1.3948
2.26715087890625,1.3949000000000003
2.20458984375,1.3950000000000002
2.02972412109375,1.3951000000000002
2.1282958984375,1.3952000000000002
2.0098876953125,1.3953000000000002
1.50177001953125,1.3954000000000002
2.3724365234375,1.3955000000000002
2.4261474609375,1.3956000000000002
2.3193359375,1.3957000000000002
2.52593994140625,1.3958000000000002
1.82159423828125,1.3959000000000001
2.49603271484375,1.3960000000000001
2.110595703125,1.3961000000000001
2.40814208984375,1.3962
2.298583984375,1.3963
2.2735595703125,1.3964
1.9598388671875,1.3965
1.61651611328125,1.3966
2.12860107421875,1.3967
2.0220947265625,1.3968
2.279052734375,1.3969000000000003
2.3553466796875,1.3970000000000002
1.32476806640625,1.3971000000000002
2.10845947265625,1.3972000000000002
2.13623046875,1.3973000000000002
1.93267822265625,1.3974000000000002
2.05780029296875,1.3975000000000002
1.93603515625,1.3976000000000002
1.77001953125,1.3977000000000002
1.50360107421875,1.3978000000000002
1.8914794921875,1.3979000000000001
1.98028564453125,1.3980000000000001
1.91009521484375,1.3981000000000001
1.68914794921875,1.3982
1.01531982421875,1.3983
1.81732177734375,1.3984
1.5869140625,1.3985
1.2774658203125,1.3986
1.70379638671875,1.3987
1.2640380859375,1.3988
1.35833740234375,1.3989000000000003
0.74462890625,1.3990000000000002
1.09527587890625,1.3991000000000002
1.64764404296875,1.3992000000000002
1.4556884765625,1.3993000000000002
1.14990234375,1.3994000000000002
0.9466552734375,1.3995000000000002
0.963134765625,1.3996000000000002
0.77178955078125,1.3997000000000002
1.068115234375,1.3998000000000002
1.31439208984375,1.3999000000000001
0.42724609375,1.4000000000000001
0.76751708984375,1.4001000000000001
0.665283203125,1.4002000000000001
0.6134033203125,1.4003
1.13861083984375,1.4004
0.8697509765625,1.4005
0.94146728515625,1.4006
0.60455322265625,1.4007
0.49713134765625,1.4008
0.5914306640625,1.4009
0.64117431640625,1.401
0.958251953125,1.4011000000000002
0.41748046875,1.4012000000000002
0.4071044921875,1.4013000000000002
0.4241943359375,1.4014000000000002
0.4296875,1.4015000000000002
0.6475830078125,1.4016000000000002
0.416259765625,1.4017000000000002
0.56304931640625,1.4018000000000002
0.42022705078125,1.4019000000000001
0.44708251953125,1.4020000000000001
0.445556640625,1.4021000000000001
0.418701171875,1.4022000000000001
0.4144287109375,1.4023
0.41290283203125,1.4024
0.40496826171875,1.4025
0.38177490234375,1.4026
0.3814697265625,1.4027
0.38055419921875,1.4028
0.3387451171875,1.4029
0.36224365234375,1.403
0.3729248046875,1.4031000000000002
0.157470703125,1.4032000000000002
0.35797119140625,1.4033000000000002
0.3387451171875,1.4034000000000002
0.38543701171875,1.4035000000000002
0.37933349609375,1.4036000000000002
0.3863525390625,1.4037000000000002
0.369873046875,1.4038000000000002
0.27313232421875,1.4039000000000001
0.3741455078125,1.4040000000000001
0.318603515625,1.4041000000000001
0.4180908203125,1.4042000000000001
0.3985595703125,1.4043
0.3448486328125,1.4044
0.3790283203125,1.4045
0.36285400390625,1.4046
0.40069580078125,1.4047
0.40618896484375,1.4048
0.42633056640625,1.4049
0.40985107421875,1.405
0.34912109375,1.4051000000000002
0.3936767578125,1.4052000000000002
0.38238525390625,1.4053000000000002
0.39276123046875,1.4054000000000002
0.40252685546875,1.4055000000000002
0.4217529296875,1.4056000000000002
0.40374755859375,1.4057000000000002
0.38818359375,1.4058000000000002
0.40374755859375,1.4059000000000001
0.413818359375,1.4060000000000001
0.4217529296875,1.4061000000000001
0.423583984375,1.4062000000000001
0.43548583984375,1.4063
0.4107666015625,1.4064
0.42388916015625,1.4065
0.4345703125,1.4066
0.41778564453125,1.4067
0.43304443359375,1.4068
0.49163818359375,1.4069
0.40313720703125,1.407
0.57586669921875,1.4071000000000002
0.660400390625,1.4072000000000002
0.455322265625,1.4073000000000002
0.538330078125,1.4074000000000002
0.41595458984375,1.4075000000000002
0.477294921875,1.4076000000000002
0.5108642578125,1.4077000000000002
0.6195068359375,1.4078000000000002
0.92803955078125,1.4079000000000002
0.4449462890625,1.4080000000000001
0.50994873046875,1.4081000000000001
0.69000244140625,1.4082000000000001
0.65643310546875,1.4083
0.68267822265625,1.4084
0.762939453125,1.4085
0.61676025390625,1.4086
0.90972900390625,1.4087
0.54412841796875,1.4088
0.5767822265625,1.4089
0.4656982421875,1.409
0.92803955078125,1.4091000000000002
0.95306396484375,1.4092000000000002
0.60272216796875,1.4093000000000002
0.943603515625,1.4094000000000002
0.5670166015625,1.4095000000000002
0.72509765625,1.4096000000000002
0.70281982421875,1.4097000000000002
0.50811767578125,1.4098000000000002
1.1163330078125,1.4099000000000002
0.87890625,1.4100000000000001
0.701904296875,1.4101000000000001
0.693359375,1.4102000000000001
0.90850830078125,1.4103
1.0333251953125,1.4104
0.81573486328125,1.4105
0.97015380859375,1.4106
0.5010986328125,1.4107
0.489501953125,1.4108
0.41900634765625,1.4109
0.5816650390625,1.411
0.9295654296875,1.4111000000000002
0.4339599609375,1.4112000000000002
0.5303955078125,1.4113000000000002
0.42816162109375,1.4114000000000002
0.450439453125,1.4115000000000002
0.55816650390625,1.4116000000000002
0.42724609375,1.4117000000000002
0.46966552734375,1.4118000000000002
0.42999267578125,1.4119000000000002
0.4547119140625,1.4120000000000001
0.40557861328125,1.4121000000000001
0.41717529296875,1.4122000000000001
0.41839599609375,1.4123
0.2325439453125,1.4124
0.321044921875,1.4125
0.31585693359375,1.4126
0.03875732421875,1.4127
0.38177490234375,1.4128
0.02532958984375,1.4129
0.3369140625,1.413
0.17486572265625,1.4131
-0.0250244140625,1.4132000000000002
0.0616455078125,1.4133000000000002
0.13641357421875,1.4134000000000002
0.2880859375,1.4135000000000002
-0.1715087890625,1.4136000000000002
-0.25360107421875,1.4137000000000002
-0.3668212890625,1.4138000000000002
-0.11749267578125,1.4139000000000002
-0.3619384765625,1.4140000000000001
-0.328369140625,1.4141000000000001
-0.3662109375,1.4142000000000001
-0.17364501953125,1.4143000000000001
-0.37353515625,1.4144
-0.44158935546875,1.4145
-0.39825439453125,1.4146
-0.20263671875,1.4147
-0.17822265625,1.4148
-0.48065185546875,1.4149
-0.40313720703125,1.415
-0.4327392578125,1.4151
-0.4901123046875,1.4152000000000002
-0.51544189453125,1.4153000000000002
-0.46234130859375,1.4154000000000002
-0.28289794921875,1.4155000000000002
-0.63140869140625,1.4156000000000002
-0.7470703125,1.4157000000000002
-1.11083984375,1.4158000000000002
-0.61431884765625,1.4159000000000002
-0.4779052734375,1.4160000000000001
-0.57861328125,1.4161000000000001
-0.59906005859375,1.4162000000000001
-0.6768798828125,1.4163000000000001
-0.87066650390625,1.4164
-1.1260986328125,1.4165
-0.90057373046875,1.4166
-0.5413818359375,1.4167
-0.89874267578125,1.4168
-0.93231201171875,1.4169
-0.999755859375,1.417
-1.09771728515625,1.4171
-0.69793701171875,1.4172000000000002
-0.8465576171875,1.4173000000000002
-0.96832275390625,1.4174000000000002
-0.72540283203125,1.4175000000000002
-1.22314453125,1.4176000000000002
-0.94818115234375,1.4177000000000002
-0.8770751953125,1.4178000000000002
-0.5224609375,1.4179000000000002
-0.71441650390625,1.4180000000000001
-0.95367431640625,1.4181000000000001
-1.05865478515625,1.4182000000000001
-1.009521484375,1.4183000000000001
-0.77850341796875,1.4184
-1.0833740234375,1.4185
-0.95184326171875,1.4186
-0.9222412109375,1.4187
-1.07208251953125,1.4188
-0.8935546875,1.4189
-1.082763671875,1.419
-0.7574462890625,1.4191
-1.00067138671875,1.4192000000000002
-0.8782958984375,1.4193000000000002
-1.05743408203125,1.4194000000000002
-0.83831787109375,1.4195000000000002
-0.6488037109375,1.4196000000000002
-0.70465087890625,1.4197000000000002
-0.941162109375,1.4198000000000002
-1.083984375,1.4199000000000002
-0.8026123046875,1.4200000000000002
-1.10687255859375,1.4201000000000001
-0.83526611328125,1.4202000000000001
-0.55755615234375,1.4203000000000001
-0.4669189453125,1.4204
-0.491943359375,1.4205
-1.0455322265625,1.4206
-0.7916259765625,1.4207
-0.5889892578125,1.4208
-0.587158203125,1.4209
-0.67108154296875,1.421
-0.28533935546875,1.4211
-0.6219482421875,1.4212000000000002
-0.77239990234375,1.4213000000000002
-0.69915771484375,1.4214000000000002
-0.4437255859375,1.4215000000000002
-0.1605224609375,1.4216000000000002
-0.13031005859375,1.4217000000000002
-0.457763671875,1.4218000000000002
-0.46539306640625,1.4219000000000002
-0.24444580078125,1.4220000000000002
-0.29144287109375,1.4221000000000001
-0.07720947265625,1.4222000000000001
-0.24444580078125,1.4223000000000001
0.01708984375,1.4224
-0.325927734375,1.4225
-0.25177001953125,1.4226
0.0250244140625,1.4227
0.10528564453125,1.4228
0.3662109375,1.4229
-0.19744873046875,1.423
0.1055908203125,1.4231
0.10467529296875,1.4232000000000002
0.191650390625,1.4233000000000002
0.36773681640625,1.4234000000000002
0.24505615234375,1.4235000000000002
0.34393310546875,1.4236000000000002
0.24871826171875,1.4237000000000002
0.38970947265625,1.4238000000000002
0.42266845703125,1.4239000000000002
0.43670654296875,1.4240000000000002
0.4296875,1.4241000000000001
0.42938232421875,1.4242000000000001
0.42633056640625,1.4243000000000001
0.57220458984375,1.4244
0.45623779296875,1.4245
0.91156005859375,1.4246
1.06353759765625,1.4247
0.55145263671875,1.4248
0.849609375,1.4249
0.6005859375,1.4250000000000003
0.703125,1.4251000000000003
0.91156005859375,1.4252000000000002
1.07696533203125,1.4253000000000002
0.9613037109375,1.4254000000000002
0.81573486328125,1.4255000000000002
1.14654541015625,1.4256000000000002
1.02081298828125,1.4257000000000002
1.11297607421875,1.4258000000000002
0.946044921875,1.4259000000000002
1.27349853515625,1.4260000000000002
1.19476318359375,1.4261000000000001
1.03851318359375,1.4262000000000001
1.17706298828125,1.4263000000000001
1.34002685546875,1.4264000000000001
1.37847900390625,1.4265
1.35528564453125,1.4266
1.043701171875,1.4267
1.300048828125,1.4268000000000003
1.04522705078125,1.4269000000000003
1.22100830078125,1.4270000000000003
1.44439697265625,1.4271000000000003
1.22344970703125,1.4272000000000002
1.38214111328125,1.4273000000000002
0.93414306640625,1.4274000000000002
0.9912109375,1.4275000000000002
1.35223388671875,1.4276000000000002
1.0858154296875,1.4277000000000002
1.4617919921875,1.4278000000000002
1.09161376953125,1.4279000000000002
1.44073486328125,1.4280000000000002
1.04034423828125,1.4281000000000001
1.1962890625,1.4282000000000001
1.73583984375,1.4283000000000001
0.8074951171875,1.4284000000000001
1.0784912109375,1.4285
0.83648681640625,1.4286
1.38427734375,1.4287
1.35284423828125,1.4288000000000003
0.77728271484375,1.4289000000000003
1.23992919921875,1.4290000000000003
0.73516845703125,1.4291000000000003
1.0113525390625,1.4292000000000002
1.05926513671875,1.4293000000000002
1.2286376953125,1.4294000000000002
1.48223876953125,1.4295000000000002
1.1541748046875,1.4296000000000002
0.81512451171875,1.4297000000000002
0.79132080078125,1.4298000000000002
0.77484130859375,1.4299000000000002
1.04034423828125,1.4300000000000002
0.95550537109375,1.4301000000000001
0.52032470703125,1.4302000000000001
0.450439453125,1.4303000000000001
0.7489013671875,1.4304000000000001
0.711669921875,1.4305
0.6341552734375,1.4306
0.9869384765625,1.4307
0.43792724609375,1.4308000000000003
0.44403076171875,1.4309000000000003
0.41473388671875,1.4310000000000003
0.4229736328125,1.4311000000000003
0.42694091796875,1.4312000000000002
0.3399658203125,1.4313000000000002
0.35797119140625,1.4314000000000002
0.08544921875,1.4315000000000002
0.07232666015625,1.4316000000000002
0.10345458984375,1.4317000000000002
0.11871337890625,1.4318000000000002
0.17730712890625,1.4319000000000002
-0.02105712890625,1.4320000000000002
-0.17120361328125,1.4321000000000002
-0.2191162109375,1.4322000000000001
-0.0799560546875,1.4323000000000001
0.07110595703125,1.4324000000000001
-0.37628173828125,1.4325
-0.18341064453125,1.4326
-0.11474609375,1.4327
-0.44769287109375,1.4328000000000003
-0.24749755859375,1.4329000000000003
-0.3631591796875,1.4330000000000003
-0.3228759765625,1.4331000000000003
-0.48980712890625,1.4332000000000003
-0.76080322265625,1.4333000000000002
-0.6231689453125,1.4334000000000002
-0.582275390625,1.4335000000000002
-0.411376953125,1.4336000000000002
-0.4974365234375,1.4337000000000002
-0.74249267578125,1.4338000000000002
-0.4931640625,1.4339000000000002
-0.54718017578125,1.4340000000000002
-0.71075439453125,1.4341000000000002
-0.72662353515625,1.4342000000000001
-0.62347412109375,1.4343000000000001
-0.4840087890625,1.4344000000000001
-0.56427001953125,1.4345
-0.71075439453125,1.4346
-0.625,1.4347
-0.4864501953125,1.4348000000000003
-0.56488037109375,1.4349000000000003
-0.89324951171875,1.4350000000000003
-0.5535888671875,1.4351000000000003
-0.75225830078125,1.4352000000000003
-0.6744384765625,1.4353000000000002
-0.61004638671875,1.4354000000000002
-0.548095703125,1.4355000000000002
-0.48492431640625,1.4356000000000002
-0.740966796875,1.4357000000000002
-0.5755615234375,1.4358000000000002
-0.467529296875,1.4359000000000002
-0.78643798828125,1.4360000000000002
-0.51910400390625,1.4361000000000002
-0.52764892578125,1.4362000000000001
-0.4400634765625,1.4363000000000001
-0.55694580078125,1.4364000000000001
-0.6317138671875,1.4365
-0.440673828125,1.4366
-0.6890869140625,1.4367
-0.328369140625,1.4368000000000003
-0.7763671875,1.4369000000000003
-0.60394287109375,1.4370000000000003
-0.43121337890625,1.4371000000000003
-0.440673828125,1.4372000000000003
-0.39093017578125,1.4373000000000002
-0.52947998046875,1.4374000000000002
-0.17242431640625,1.4375000000000002
-0.4986572265625,1.4376000000000002
-0.45166015625,1.4377000000000002
-0.26031494140625,1.4378000000000002
-0.30731201171875,1.4379000000000002
-0.25390625,1.4380000000000002
-0.48187255859375,1.4381000000000002
-0.6201171875,1.4382000000000001
-0.25421142578125,1.4383000000000001
0.00335693359375,1.4384000000000001
-0.20416259765625,1.4385000000000001
-0.36590576171875,1.4386
-0.43792724609375,1.4387
-0.159912109375,1.4388
-0.40679931640625,1.4389000000000003
-0.2923583984375,1.4390000000000003
0.02593994140625,1.4391000000000003
-0.03814697265625,1.4392000000000003
-0.21759033203125,1.4393000000000002
-0.4156494140625,1.4394000000000002
-0.11505126953125,1.4395000000000002
-0.18524169921875,1.4396000000000002
0.08636474609375,1.4397000000000002
0.01556396484375,1.4398000000000002
-0.113525390625,1.4399000000000002
-0.0518798828125,1.4400000000000002
-0.45135498046875,1.4401000000000002
-0.277099609375,1.4402000000000001
-0.34759521484375,1.4403000000000001
-0.128173828125,1.4404000000000001
0.03875732421875,1.4405000000000001
-0.20172119140625,1.4406
0.02838134765625,1.4407
-0.37750244140625,1.4408
-0.14068603515625,1.4409000000000003
-0.391845703125,1.4410000000000003
-0.24658203125,1.4411000000000003
0.1239013671875,1.4412000000000003
-0.1226806640625,1.4413000000000002
-0.0238037109375,1.4414000000000002
-0.009765625,1.4415000000000002
-0.4058837890625,1.4416000000000002
-0.185546875,1.4417000000000002
-0.4443359375,1.4418000000000002
-0.13671875,1.4419000000000002
-0.21820068359375,1.4420000000000002
-0.23101806640625,1.4421000000000002
0.0439453125,1.4422000000000001
-0.469970703125,1.4423000000000001
-0.14404296875,1.4424000000000001
-0.44342041015625,1.4425000000000001
-0.2825927734375,1.4426
-0.0531005859375,1.4427
-0.1959228515625,1.4428
-0.20050048828125,1.4429000000000003
-0.3985595703125,1.4430000000000003
-0.49224853515625,1.4431000000000003
-0.40771484375,1.4432000000000003
-0.4022216796875,1.4433000000000002
-0.450439453125,1.4434000000000002
-0.308837890625,1.4435000000000002
-0.4608154296875,1.4436000000000002
-0.39825439453125,1.4437000000000002
-0.3680419921875,1.4438000000000002
-0.43426513671875,1.4439000000000002
-0.22857666015625,1.4440000000000002
-0.5059814453125,1.4441000000000002
-0.34637451171875,1.4442000000000002
-0.45135498046875,1.4443000000000001
-0.42816162109375,1.4444000000000001
-0.531005859375,1.4445000000000001
-0.59661865234375,1.4446
-0.478515625,1.4447
-0.653076171875,1.4448
-0.48126220703125,1.4449000000000003
-0.4449462890625,1.4450000000000003
-0.88165283203125,1.4451000000000003
-0.810546875,1.4452000000000003
-0.6378173828125,1.4453000000000003
-0.96832275390625,1.4454000000000002
-0.66192626953125,1.4455000000000002
-0.94879150390625,1.4456000000000002
-1.09283447265625,1.4457000000000002
-0.79925537109375,1.4458000000000002
-0.87005615234375,1.4459000000000002
-1.05926513671875,1.4460000000000002
-0.92987060546875,1.4461000000000002
-1.15478515625,1.4462000000000002
-1.304931640625,1.4463000000000001
-1.05560302734375,1.4464000000000001
-1.43951416015625,1.4465000000000001
-1.2078857421875,1.4466
-1.11785888671875,1.4467
-1.7584228515625,1.4468
-1.63543701171875,1.4469000000000003
-1.8597412109375,1.4470000000000003
-1.40472412109375,1.4471000000000003
-1.446533203125,1.4472000000000003
-1.77764892578125,1.4473000000000003
-1.84722900390625,1.4474000000000002
-1.97052001953125,1.4475000000000002
-1.96990966796875,1.4476000000000002
-1.944580078125,1.4477000000000002
-1.87957763671875,1.4478000000000002
-1.86309814453125,1.4479000000000002
-2.091064453125,1.4480000000000002
-2.23846435546875,1.4481000000000002
-2.18536376953125,1.4482000000000002
-2.16796875,1.4483000000000001
-2.01904296875,1.4484000000000001
-2.0611572265625,1.4485000000000001
-1.99737548828125,1.4486
-2.32940673828125,1.4487
-2.40997314453125,1.4488
-2.13226318359375,1.4489000000000003
-2.2955322265625,1.4490000000000003
-2.042236328125,1.4491000000000003
-2.197265625,1.4492000000000003
-2.1728515625,1.4493000000000003
-2.23907470703125,1.4494000000000002
-2.3553466796875,1.4495000000000002
-1.99951171875,1.4496000000000002
-1.893310546875,1.4497000000000002
-1.807861328125,1.4498000000000002
-1.84173583984375,1.4499000000000002
-2.03643798828125,1.4500000000000002
-2.017822265625,1.4501000000000002
-1.8560791015625,1.4502000000000002
-1.86004638671875,1.4503000000000001
-1.82281494140625,1.4504000000000001
-1.58050537109375,1.4505000000000001
-1.773681640625,1.4506000000000001
-1.8524169921875,1.4507
-1.30828857421875,1.4508
-1.396484375,1.4509
-1.37664794921875,1.451
-1.202392578125,1.4511000000000003
-1.54937744140625,1.4512000000000003
-1.17919921875,1.4513000000000003
-1.23321533203125,1.4514000000000002
-1.00738525390625,1.4515000000000002
-0.9991455078125,1.4516000000000002
-1.263427734375,1.4517000000000002
-0.97259521484375,1.4518000000000002
-1.13983154296875,1.4519000000000002
-0.6329345703125,1.4520000000000002
-0.89996337890625,1.4521000000000002
-0.62774658203125,1.4522000000000002
-0.47576904296875,1.4523000000000001
-0.93597412109375,1.4524000000000001
-0.60638427734375,1.4525000000000001
-0.882568359375,1.4526000000000001
-0.28900146484375,1.4527
-0.45196533203125,1.4528
-1.00738525390625,1.4529
-0.51910400390625,1.453
-0.89874267578125,1.4531000000000003
-0.4827880859375,1.4532000000000003
-0.45867919921875,1.4533000000000003
-0.6243896484375,1.4534000000000002
-0.4644775390625,1.4535000000000002
-0.5596923828125,1.4536000000000002
-0.75103759765625,1.4537000000000002
-0.6781005859375,1.4538000000000002
-0.390625,1.4539000000000002
-0.49041748046875,1.4540000000000002
-0.71258544921875,1.4541000000000002
-0.87890625,1.4542000000000002
-1.00311279296875,1.4543000000000001
-0.73944091796875,1.4544000000000001
-1.1297607421875,1.4545000000000001
-1.002197265625,1.4546000000000001
-0.89630126953125,1.4547
-1.09100341796875,1.4548
-0.924072265625,1.4549
-0.97198486328125,1.455
-1.1328125,1.4551000000000003
-1.02142333984375,1.4552000000000003
-1.61956787109375,1.4553000000000003
-1.58416748046875,1.4554000000000002
-1.43280029296875,1.4555000000000002
-1.32354736328125,1.4556000000000002
-1.446533203125,1.4557000000000002
-1.6595458984375,1.4558000000000002
-1.37420654296875,1.4559000000000002
-1.76727294921875,1.4560000000000002
-2.14019775390625,1.4561000000000002
-1.86126708984375,1.4562000000000002
-1.76605224609375,1.4563000000000001
-2.0306396484375,1.4564000000000001
-2.02850341796875,1.4565000000000001
-2.1820068359375,1.4566000000000001
-2.2088623046875,1.4567
-2.056884765625,1.4568
-2.17376708984375,1.4569
-2.158203125,1.457
-2.06146240234375,1.4571000000000003
-2.29461669921875,1.4572000000000003
-2.40325927734375,1.4573000000000003
-2.1954345703125,1.4574000000000003
-2.413330078125,1.4575000000000002
-2.14874267578125,1.4576000000000002
-2.283935546875,1.4577000000000002
-2.66143798828125,1.4578000000000002
-2.33154296875,1.4579000000000002
-2.25372314453125,1.4580000000000002
-2.34283447265625,1.4581000000000002
-2.11151123046875,1.4582000000000002
-2.2296142578125,1.4583000000000002
-2.19268798828125,1.4584000000000001
-2.159423828125,1.4585000000000001
-2.3516845703125,1.4586000000000001
-2.36419677734375,1.4587
-2.06024169921875,1.4588
-2.2821044921875,1.4589
-2.491455078125,1.459
-2.28607177734375,1.4591000000000003
-2.220458984375,1.4592000000000003
-2.388916015625,1.4593000000000003
-2.39044189453125,1.4594000000000003
-2.16644287109375,1.4595000000000002
-2.02850341796875,1.4596000000000002
-1.99310302734375,1.4597000000000002
-1.9854736328125,1.4598000000000002
-2.0465087890625,1.4599000000000002
-1.5423583984375,1.4600000000000002
-2.1929931640625,1.4601000000000002
-2.10784912109375,1.4602000000000002
-1.96441650390625,1.4603000000000002
-1.9964599609375,1.4604000000000001
-1.634521484375,1.4605000000000001
-1.724853515625,1.4606000000000001
-1.81182861328125,1.4607
-1.717529296875,1.4608
-1.88629150390625,1.4609
-1.8121337890625,1.461
-1.70928955078125,1.4611000000000003
-1.55059814453125,1.4612000000000003
-1.42791748046875,1.4613000000000003
-1.5386962890625,1.4614000000000003
-1.6937255859375,1.4615000000000002
-1.6162109375,1.4616000000000002
-1.4202880859375,1.4617000000000002
-1.49261474609375,1.4618000000000002
-1.4056396484375,1.4619000000000002
-1.24908447265625,1.4620000000000002
-1.5008544921875,1.4621000000000002
-1.3970947265625,1.4622000000000002
-1.4300537109375,1.4623000000000002
-1.1968994140625,1.4624000000000001
-1.370849609375,1.4625000000000001
-0.97900390625,1.4626000000000001
-1.173095703125,1.4627000000000001
-1.10015869140625,1.4628
-1.0968017578125,1.4629
-1.30584716796875,1.463
-0.74615478515625,1.4631000000000003
-0.8380126953125,1.4632000000000003
-0.66314697265625,1.4633000000000003
-0.8331298828125,1.4634000000000003
-0.811767578125,1.4635000000000002
-0.831298828125,1.4636000000000002
-0.9259033203125,1.4637000000000002
-0.73516845703125,1.4638000000000002
-0.5487060546875,1.4639000000000002
-0.5047607421875,1.4640000000000002
-0.4681396484375,1.4641000000000002
-0.450439453125,1.4642000000000002
-0.31768798828125,1.4643000000000002
-0.29510498046875,1.4644000000000001
-0.03021240234375,1.4645000000000001
0.17730712890625,1.4646000000000001
-0.1251220703125,1.4647000000000001
0.2581787109375,1.4648
0.31036376953125,1.4649
0.220947265625,1.465
0.37384033203125,1.4651
0.3790283203125,1.4652000000000003
0.39947509765625,1.4653000000000003
0.4168701171875,1.4654000000000003
0.49774169921875,1.4655000000000002
0.6292724609375,1.4656000000000002
0.97808837890625,1.4657000000000002
0.986328125,1.4658000000000002
0.606689453125,1.4659000000000002
0.84075927734375,1.4660000000000002
0.9124755859375,1.4661000000000002
1.0992431640625,1.4662000000000002
1.13067626953125,1.4663000000000002
1.10260009765625,1.4664000000000001
1.31134033203125,1.4665000000000001
0.831298828125,1.4666000000000001
1.036376953125,1.4667000000000001
1.42547607421875,1.4668
1.65313720703125,1.4669
1.53472900390625,1.467
1.2603759765625,1.4671
1.21246337890625,1.4672000000000003
1.18438720703125,1.4673000000000003
1.383056640625,1.4674000000000003
1.77734375,1.4675000000000002
1.2945556640625,1.4676000000000002
1.62933349609375,1.4677000000000002
1.14471435546875,1.4678000000000002
1.0308837890625,1.4679000000000002
1.5936279296875,1.4680000000000002
1.416015625,1.4681000000000002
1.77825927734375,1.4682000000000002
1.72119140625,1.4683000000000002
1.22772216796875,1.4684000000000001
1.41082763671875,1.4685000000000001
1.39434814453125,1.4686000000000001
1.65863037109375,1.4687000000000001
1.07818603515625,1.4688
1.370849609375,1.4689
1.27960205078125,1.469
0.99761962890625,1.4691
1.50421142578125,1.4692000000000003
1.2060546875,1.4693000000000003
1.5887451171875,1.4694000000000003
1.260986328125,1.4695000000000003
0.6597900390625,1.4696000000000002
1.1785888671875,1.4697000000000002
1.3671875,1.4698000000000002
1.33880615234375,1.4699000000000002
1.068115234375,1.4700000000000002
1.07879638671875,1.4701000000000002
0.61614990234375,1.4702000000000002
0.587158203125,1.4703000000000002
0.82427978515625,1.4704000000000002
0.68817138671875,1.4705000000000001
1.16241455078125,1.4706000000000001
0.6317138671875,1.4707000000000001
0.59600830078125,1.4708
0.71197509765625,1.4709
0.5010986328125,1.471
0.7574462890625,1.4711
0.753173828125,1.4712000000000003
0.43060302734375,1.4713000000000003
0.413818359375,1.4714000000000003
0.44036865234375,1.4715000000000003
0.66497802734375,1.4716000000000002
0.443115234375,1.4717000000000002
0.69061279296875,1.4718000000000002
0.4266357421875,1.4719000000000002
0.42266845703125,1.4720000000000002
0.38482666015625,1.4721000000000002
0.31341552734375,1.4722000000000002
0.33935546875,1.4723000000000002
0.36346435546875,1.4724000000000002
0.347900390625,1.4725000000000001
0.24261474609375,1.4726000000000001
0.16326904296875,1.4727000000000001
0.36376953125,1.4728
0.38360595703125,1.4729
0.36468505859375,1.473
0.35675048828125,1.4731
0.33416748046875,1.4732000000000003
0.24261474609375,1.4733000000000003
0.2764892578125,1.4734000000000003
0.306396484375,1.4735000000000003
0.3216552734375,1.4736000000000002
0.27618408203125,1.4737000000000002
0.17852783203125,1.4738000000000002
0.16754150390625,1.4739000000000002
0.0970458984375,1.4740000000000002
0.382080078125,1.4741000000000002
0.31707763671875,1.4742000000000002
0.13580322265625,1.4743000000000002
0.3802490234375,1.4744000000000002
0.4046630859375,1.4745000000000001
0.36102294921875,1.4746000000000001
0.42449951171875,1.4747000000000001
0.42327880859375,1.4748
0.43304443359375,1.4749
0.44281005859375,1.4750000000000003
0.42724609375,1.4751000000000003
0.4278564453125,1.4752000000000003
0.58319091796875,1.4753000000000003
0.5413818359375,1.4754000000000003
0.41717529296875,1.4755000000000003
0.4083251953125,1.4756000000000002
0.43701171875,1.4757000000000002
0.640869140625,1.4758000000000002
0.635986328125,1.4759000000000002
0.88134765625,1.4760000000000002
0.831298828125,1.4761000000000002
0.7171630859375,1.4762000000000002
0.5218505859375,1.4763000000000002
0.645751953125,1.4764000000000002
0.61920166015625,1.4765000000000001
1.0296630859375,1.4766000000000001
0.84625244140625,1.4767000000000001
0.74676513671875,1.4768000000000003
0.86029052734375,1.4769000000000003
0.8026123046875,1.4770000000000003
0.853271484375,1.4771000000000003
0.70587158203125,1.4772000000000003
0.9613037109375,1.4773000000000003
0.802001953125,1.4774000000000003
0.77117919921875,1.4775000000000003
0.921630859375,1.4776000000000002
0.75042724609375,1.4777000000000002
1.2200927734375,1.4778000000000002
0.80474853515625,1.4779000000000002
0.9234619140625,1.4780000000000002
0.95184326171875,1.4781000000000002
0.98724365234375,1.4782000000000002
1.22528076171875,1.4783000000000002
0.8612060546875,1.4784000000000002
0.9515380859375,1.4785000000000001
0.87921142578125,1.4786000000000001
0.6689453125,1.4787000000000001
0.99029541015625,1.4788000000000003
1.02142333984375,1.4789000000000003
0.82550048828125,1.4790000000000003
0.926513671875,1.4791000000000003
0.587158203125,1.4792000000000003
0.96099853515625,1.4793000000000003
0.87127685546875,1.4794000000000003
1.14471435546875,1.4795000000000003
0.992431640625,1.4796000000000002
0.4852294921875,1.4797000000000002
0.9722900390625,1.4798000000000002
0.80963134765625,1.4799000000000002
0.95306396484375,1.4800000000000002
1.00341796875,1.4801000000000002
1.072998046875,1.4802000000000002
0.72967529296875,1.4803000000000002
0.41656494140625,1.4804000000000002
0.791015625,1.4805000000000001
0.46173095703125,1.4806000000000001
0.6884765625,1.4807000000000001
0.42999267578125,1.4808000000000003
0.4217529296875,1.4809000000000003
0.42205810546875,1.4810000000000003
0.41839599609375,1.4811000000000003
0.44952392578125,1.4812000000000003
0.4345703125,1.4813000000000003
0.44036865234375,1.4814000000000003
0.36285400390625,1.4815000000000003
0.37811279296875,1.4816000000000003
0.36407470703125,1.4817000000000002
0.35919189453125,1.4818000000000002
0.25604248046875,1.4819000000000002
-0.225830078125,1.4820000000000002
-0.08148193359375,1.4821000000000002
-0.1776123046875,1.4822000000000002
0.029296875,1.4823000000000002
0.2838134765625,1.4824000000000002
-0.18402099609375,1.4825000000000002
-0.2880859375,1.4826000000000001
-0.45745849609375,1.4827000000000001
-0.44219970703125,1.4828000000000003
-0.30426025390625,1.4829000000000003
-0.19683837890625,1.4830000000000003
-0.46630859375,1.4831000000000003
-0.5267333984375,1.4832000000000003
-0.6683349609375,1.4833000000000003
-0.4669189453125,1.4834000000000003
-0.47607421875,1.4835000000000003
-0.5096435546875,1.4836000000000003
-0.80718994140625,1.4837000000000002
-0.7293701171875,1.4838000000000002
-0.77423095703125,1.4839000000000002
-0.60882568359375,1.4840000000000002
-0.90087890625,1.4841000000000002
-0.8978271484375,1.4842000000000002
-0.8404541015625,1.4843000000000002
-1.20849609375,1.4844000000000002
-1.0137939453125,1.4845000000000002
-0.92437744140625,1.4846000000000001
-0.8428955078125,1.4847000000000001
-1.13983154296875,1.4848000000000003
-1.10504150390625,1.4849000000000003
-0.75836181640625,1.4850000000000003
-1.01959228515625,1.4851000000000003
-1.01715087890625,1.4852000000000003
-1.273193359375,1.4853000000000003
-1.3397216796875,1.4854000000000003
-1.32720947265625,1.4855000000000003
-1.4923095703125,1.4856000000000003
-1.2158203125,1.4857000000000002
-1.43524169921875,1.4858000000000002
-1.3446044921875,1.4859000000000002
-1.35345458984375,1.4860000000000002
-1.66412353515625,1.4861000000000002
-1.2933349609375,1.4862000000000002
-1.28173828125,1.4863000000000002
-1.1138916015625,1.4864000000000002
-1.23046875,1.4865000000000002
-1.396484375,1.4866000000000001
-1.187744140625,1.4867000000000001
-1.43280029296875,1.4868000000000001
-1.1651611328125,1.4869000000000003
-1.3397216796875,1.4870000000000003
-1.28387451171875,1.4871000000000003
-1.68060302734375,1.4872000000000003
-1.69708251953125,1.4873000000000003
-1.30523681640625,1.4874000000000003
-1.44256591796875,1.4875000000000003
-1.20391845703125,1.4876000000000003
-1.5338134765625,1.4877000000000002
-1.546630859375,1.4878000000000002
-1.22772216796875,1.4879000000000002
-1.41845703125,1.4880000000000002
-1.549072265625,1.4881000000000002
-1.19171142578125,1.4882000000000002
-1.434326171875,1.4883000000000002
-1.3336181640625,1.4884000000000002
-1.2890625,1.4885000000000002
-1.217041015625,1.4886000000000001
-1.1590576171875,1.4887000000000001
-1.4801025390625,1.4888000000000001
-1.45843505859375,1.4889000000000003
-1.40899658203125,1.4890000000000003
-1.17828369140625,1.4891000000000003
-1.20574951171875,1.4892000000000003
-1.29364013671875,1.4893000000000003
-1.37603759765625,1.4894000000000003
-1.45050048828125,1.4895000000000003
-1.42913818359375,1.4896000000000003
-1.497802734375,1.4897000000000002
-1.28936767578125,1.4898000000000002
-1.273193359375,1.4899000000000002
-1.32415771484375,1.4900000000000002
-1.35986328125,1.4901000000000002
-1.72210693359375,1.4902000000000002
-1.2005615234375,1.4903000000000002
-1.2457275390625,1.4904000000000002
-1.28631591796875,1.4905000000000002
-1.39373779296875,1.4906000000000001
-1.23321533203125,1.4907000000000001
-1.26251220703125,1.4908000000000001
-1.2109375,1.4909000000000003
-1.53961181640625,1.4910000000000003
-1.34735107421875,1.4911000000000003
-1.45172119140625,1.4912000000000003
-1.42303466796875,1.4913000000000003
-1.400146484375,1.4914000000000003
-1.24969482421875,1.4915000000000003
-0.9552001953125,1.4916000000000003
-1.35101318359375,1.4917000000000002
-1.2005615234375,1.4918000000000002
-1.01776123046875,1.4919000000000002
-1.060791015625,1.4920000000000002
-1.0223388671875,1.4921000000000002
-1.58935546875,1.4922000000000002
-1.12030029296875,1.4923000000000002
-1.46026611328125,1.4924000000000002
-1.1102294921875,1.4925000000000002
-1.0723876953125,1.4926000000000001
-1.10382080078125,1.4927000000000001
-0.92132568359375,1.4928000000000001
-1.24053955078125,1.4929000000000003
-1.0009765625,1.4930000000000003
-1.07421875,1.4931000000000003
-1.1212158203125,1.4932000000000003
-0.95428466796875,1.4933000000000003
-1.09771728515625,1.4934000000000003
-1.02935791015625,1.4935000000000003
-1.019287109375,1.4936000000000003
-0.9490966796875,1.4937000000000002
-1.0931396484375,1.4938000000000002
-0.93505859375,1.4939000000000002
-1.0528564453125,1.4940000000000002
-1.05133056640625,1.4941000000000002
-0.93292236328125,1.4942000000000002
-1.0552978515625,1.4943000000000002
-0.99822998046875,1.4944000000000002
-0.987548828125,1.4945000000000002
-1.20452880859375,1.4946000000000002
-1.20025634765625,1.4947000000000001
-1.02325439453125,1.4948000000000001
-1.18408203125,1.4949000000000003
-1.162109375,1.4950000000000003
-1.0125732421875,1.4951000000000003
-1.0491943359375,1.4952000000000003
-1.00799560546875,1.4953000000000003
-1.1578369140625,1.4954000000000003
-1.1981201171875,1.4955000000000003
-0.980224609375,1.4956000000000003
-1.063232421875,1.4957000000000003
-1.1029052734375,1.4958000000000002
-1.3116455078125,1.4959000000000002
-1.31683349609375,1.4960000000000002
-1.1029052734375,1.4961000000000002
-1.27685546875,1.4962000000000002
-1.4886474609375,1.4963000000000002
-1.3372802734375,1.4964000000000002
-1.2603759765625,1.4965000000000002
-1.33331298828125,1.4966000000000002
-1.23382568359375,1.4967000000000001
-1.0504150390625,1.4968000000000001
-1.24664306640625,1.4969000000000003
-1.4044189453125,1.4970000000000003
-1.64703369140625,1.4971000000000003
-1.4666748046875,1.4972000000000003
-1.35833740234375,1.4973000000000003
-1.3616943359375,1.4974000000000003
-1.4630126953125,1.4975000000000003
-1.5826416015625,1.4976000000000003
-1.50634765625,1.4977000000000003
-1.429443359375,1.4978000000000002
-1.89666748046875,1.4979000000000002
-1.298828125,1.4980000000000002
-1.6455078125,1.4981000000000002
-1.3818359375,1.4982000000000002
-1.47613525390625,1.4983000000000002
-1.614990234375,1.4984000000000002
-1.0894775390625,1.4985000000000002
-1.544189453125,1.4986000000000002
-1.2835693359375,1.4987000000000001
-1.50909423828125,1.4988000000000001
-1.66778564453125,1.4989000000000003
-1.5185546875,1.4990000000000003
-1.57562255859375,1.4991000000000003
-1.500244140625,1.4992000000000003
-1.69036865234375,1.4993000000000003
-1.21063232421875,1.4994000000000003
-1.492919921875,1.4995000000000003
-1.4990234375,1.4996000000000003
-1.35986328125,1.4997000000000003
-1.47705078125,1.4998000000000002
-1.39007568359375,1.4999000000000002
-1.26129150390625,1.5
-1.41845703125,1.5001
-0.975341796875,1.5002
-1.09375,1.5003
-1.08306884765625,1.5004
-1.00433349609375,1.5005
-1.33880615234375,1.5006
-1.3616943359375,1.5007
-0.95916748046875,1.5008
-0.86334228515625,1.5009
-0.89111328125,1.501
-1.0723876953125,1.5011
-1.02386474609375,1.5012
-1.08856201171875,1.5013
-0.97412109375,1.5014
-1.12884521484375,1.5015
-0.9600830078125,1.5016
-0.997314453125,1.5017
-0.97625732421875,1.5018
-1.02294921875,1.5019
-1.3153076171875,1.502
-0.89569091796875,1.5021
-0.78369140625,1.5022
-1.009521484375,1.5023
-1.0491943359375,1.5024
-1.08612060546875,1.5025
-1.053466796875,1.5026
-0.71380615234375,1.5027
-1.22802734375,1.5028
-1.0687255859375,1.5029
-1.30767822265625,1.503
-0.97564697265625,1.5031
-1.3128662109375,1.5032
-1.317138671875,1.5033
-0.87890625,1.5034
-1.0980224609375,1.5035
-1.19659423828125,1.5036
-1.1859130859375,1.5037
-1.16546630859375,1.5038
-1.06231689453125,1.5039
-1.61712646484375,1.504
-1.45355224609375,1.5041
-1.78863525390625,1.5042
-1.2567138671875,1.5043
-1.36199951171875,1.5044
-1.74468994140625,1.5045
-1.25,1.5046
-1.888427734375,1.5047
-1.5997314453125,1.5048
-1.72882080078125,1.5049
-2.022705078125,1.505
-1.571044921875,1.5051
-1.6455078125,1.5052
-1.81915283203125,1.5053
-1.99127197265625,1.5054
-2.0416259765625,1.5055
-1.95587158203125,1.5056
-1.99554443359375,1.5057
-2.06878662109375,1.5058
-2.2479248046875,1.5059
-2.0867919921875,1.506
-2.392578125,1.5061
-2.2943115234375,1.5062
-2.08740234375,1.5063
-2.322998046875,1.5064
-2.42645263671875,1.5065
-2.43377685546875,1.5066
-2.635498046875,1.5067
-2.4114990234375,1.5068
-2.46612548828125,1.5069
-2.33245849609375,1.507
-2.43316650390625,1.5071
-2.586669921875,1.5072
-2.78076171875,1.5073
-2.62664794921875,1.5074
-2.45849609375,1.5075
-2.6727294921875,1.5076
-2.8875732421875,1.5077
-2.72003173828125,1.5078
-2.68768310546875,1.5079
-2.7252197265625,1.508
-2.82379150390625,1.5081
-2.58636474609375,1.5082
-2.75360107421875,1.5083
-2.79541015625,1.5084
-2.7197265625,1.5085
-2.4102783203125,1.5086
-2.57171630859375,1.5087
-2.56561279296875,1.5088
-2.8240966796875,1.5089
-2.87689208984375,1.509
-2.7587890625,1.5091
-2.48321533203125,1.5092
-2.498779296875,1.5093
-2.68310546875,1.5094
-2.49237060546875,1.5095
-2.44354248046875,1.5096
-2.79693603515625,1.5097
-2.32666015625,1.5098
-2.305908203125,1.5099
-2.1533203125,1.51
-2.28729248046875,1.5101
-2.51068115234375,1.5102
-2.13104248046875,1.5103
-2.02484130859375,1.5104
-1.95892333984375,1.5105
-2.10723876953125,1.5106
-2.15728759765625,1.5107
-2.43377685546875,1.5108
-2.18658447265625,1.5109
-2.11578369140625,1.511
-1.9903564453125,1.5111
-1.60125732421875,1.5112
-1.9903564453125,1.5113
-1.96075439453125,1.5114
-1.78985595703125,1.5115
-1.932373046875,1.5116
-1.64794921875,1.5117
-1.57012939453125,1.5118
-1.68731689453125,1.5119
-1.61102294921875,1.512
-1.43310546875,1.5121
-1.5704345703125,1.5122
-1.33880615234375,1.5123
-1.6937255859375,1.5124
-1.75079345703125,1.5125
-1.4556884765625,1.5126
-1.41998291015625,1.5127
-1.405029296875,1.5128
-1.34857177734375,1.5129
-1.47125244140625,1.513
-1.53656005859375,1.5131000000000001
-1.4044189453125,1.5132
-1.54296875,1.5133
-1.4312744140625,1.5134
-1.365966796875,1.5135
-1.287841796875,1.5136
-1.47247314453125,1.5137
-1.788330078125,1.5138
-1.25091552734375,1.5139
-1.33148193359375,1.514
-1.35589599609375,1.5141
-1.63116455078125,1.5142
-1.3677978515625,1.5143
-1.41998291015625,1.5144
-1.4312744140625,1.5145
-1.64764404296875,1.5146
-1.461181640625,1.5147
-1.74896240234375,1.5148
-1.4715576171875,1.5149
-1.937255859375,1.515
-1.68670654296875,1.5151
-1.5875244140625,1.5152
-1.7724609375,1.5153
-1.741943359375,1.5154
-1.72149658203125,1.5155
-1.72607421875,1.5156
-1.71051025390625,1.5157
-2.0147705078125,1.5158
-1.904296875,1.5159
-2.1258544921875,1.516
-1.91497802734375,1.5161
-2.10601806640625,1.5162
-2.108154296875,1.5163
-1.91864013671875,1.5164
-2.20306396484375,1.5165
-2.07000732421875,1.5166
-2.1539306640625,1.5167
-2.3382568359375,1.5168
-2.03857421875,1.5169
-2.0440673828125,1.517
-2.247314453125,1.5171
-2.362060546875,1.5172
-2.274169921875,1.5173
-2.54608154296875,1.5174
-2.55279541015625,1.5175
-2.43377685546875,1.5176
-2.70233154296875,1.5177
-2.51190185546875,1.5178
-2.74993896484375,1.5179
-2.54913330078125,1.518
-2.4609375,1.5181
-2.76214599609375,1.5182
-2.66937255859375,1.5183
-2.711181640625,1.5184
-3.043212890625,1.5185
-2.96630859375,1.5186
-2.8497314453125,1.5187
-2.7996826171875,1.5188
-2.94189453125,1.5189
-3.0523681640625,1.519
-3.2391357421875,1.5191
-3.13629150390625,1.5192
-2.9730224609375,1.5193
-3.2916259765625,1.5194
-3.24066162109375,1.5195
-3.37158203125,1.5196
-3.39111328125,1.5197
-3.392333984375,1.5198
-3.40118408203125,1.5199
-3.3868408203125,1.52
-3.5137939453125,1.5201
-3.4564208984375,1.5202
-3.67431640625,1.5203
-3.49334716796875,1.5204
-3.46282958984375,1.5205
-3.62213134765625,1.5206
-3.7896728515625,1.5207
-3.98284912109375,1.5208
-3.92608642578125,1.5209
-3.8800048828125,1.521
-3.834228515625,1.5211
-3.8421630859375,1.5212
-3.837890625,1.5213
-3.93463134765625,1.5214
-4.13848876953125,1.5215
-4.0185546875,1.5216
-3.8800048828125,1.5217
-3.93310546875,1.5218
-3.970947265625,1.5219
-4.281005859375,1.522
-4.1094970703125,1.5221
-4.033203125,1.5222
-3.94073486328125,1.5223
-3.84063720703125,1.5224
-4.06890869140625,1.5225
-4.268798828125,1.5226
-4.2254638671875,1.5227
-4.09576416015625,1.5228
-4.312744140625,1.5229
-3.70330810546875,1.523
-3.8671875,1.5231
-4.10308837890625,1.5232
-4.05426025390625,1.5233
-4.05029296875,1.5234
-3.9813232421875,1.5235
-3.83087158203125,1.5236
-3.6517333984375,1.5237
-3.75335693359375,1.5238
-3.83544921875,1.5239
-3.63525390625,1.524
-3.555908203125,1.5241
-3.58642578125,1.5242
-3.712158203125,1.5243
-3.3331298828125,1.5244
-3.49822998046875,1.5245
-3.2586669921875,1.5246
-3.070068359375,1.5247
-3.2763671875,1.5248
-3.26324462890625,1.5249
-2.764892578125,1.5250000000000001
-3.3013916015625,1.5251000000000001
-3.02886962890625,1.5252000000000001
-2.9058837890625,1.5253
-2.65777587890625,1.5254
-2.56591796875,1.5255
-2.82928466796875,1.5256
-2.9522705078125,1.5257
-2.51312255859375,1.5258
-2.640380859375,1.5259
-2.5079345703125,1.526
-2.474365234375,1.5261
-2.17620849609375,1.5262
-2.138671875,1.5263
-2.18536376953125,1.5264
-2.00958251953125,1.5265
-1.7803955078125,1.5266
-1.82525634765625,1.5267
-1.585693359375,1.5268000000000002
-2.10662841796875,1.5269000000000001
-1.92413330078125,1.5270000000000001
-1.5728759765625,1.5271000000000001
-1.26251220703125,1.5272000000000001
-1.38519287109375,1.5273
-1.177978515625,1.5274
-1.52313232421875,1.5275
-1.363525390625,1.5276
-1.05072021484375,1.5277
-1.475830078125,1.5278
-0.90606689453125,1.5279
-1.23077392578125,1.528
-1.1212158203125,1.5281
-1.24420166015625,1.5282
-1.01959228515625,1.5283
-0.5462646484375,1.5284
-0.726318359375,1.5285
-0.843505859375,1.5286
-0.93109130859375,1.5287
-0.52337646484375,1.5288000000000002
-0.496826171875,1.5289000000000001
-0.32623291015625,1.5290000000000001
0.04852294921875,1.5291000000000001
-0.8343505859375,1.5292000000000001
-0.46783447265625,1.5293
-0.552978515625,1.5294
-0.28778076171875,1.5295
0.16082763671875,1.5296
-0.4119873046875,1.5297
0.06927490234375,1.5298
-0.257568359375,1.5299
-0.23468017578125,1.53
0.0421142578125,1.5301
0.23101806640625,1.5302
0.186767578125,1.5303
-0.03814697265625,1.5304
0.03936767578125,1.5305
-0.118408203125,1.5306
0.07293701171875,1.5307
0.32989501953125,1.5308000000000002
0.28778076171875,1.5309000000000001
0.1611328125,1.5310000000000001
0.0836181640625,1.5311000000000001
-0.04913330078125,1.5312000000000001
0.30975341796875,1.5313
0.2325439453125,1.5314
0.12847900390625,1.5315
0.1019287109375,1.5316
0.0927734375,1.5317
-0.01617431640625,1.5318
0.28289794921875,1.5319
0.23773193359375,1.532
-0.0213623046875,1.5321
0.12542724609375,1.5322
-0.1416015625,1.5323
0.01953125,1.5324
0.1348876953125,1.5325
-0.01983642578125,1.5326
-0.02227783203125,1.5327
-0.360107421875,1.5328000000000002
-0.1568603515625,1.5329000000000002
-0.37384033203125,1.5330000000000001
0.16387939453125,1.5331000000000001
-0.1348876953125,1.5332000000000001
-0.25909423828125,1.5333
-0.2630615234375,1.5334
-0.53375244140625,1.5335
-0.29693603515625,1.5336
-0.32745361328125,1.5337
-0.208740234375,1.5338
-0.22216796875,1.5339
-0.460205078125,1.534
-0.65338134765625,1.5341
-0.84197998046875,1.5342
-0.68023681640625,1.5343
-1.14471435546875,1.5344
-0.54718017578125,1.5345
-0.59112548828125,1.5346
-1.0205078125,1.5347
-0.71685791015625,1.5348000000000002
-0.88104248046875,1.5349000000000002
-0.9051513671875,1.5350000000000001
-0.65887451171875,1.5351000000000001
-0.87493896484375,1.5352000000000001
-0.63812255859375,1.5353
-0.84564208984375,1.5354
-0.84442138671875,1.5355
-1.08489990234375,1.5356
-0.8453369140625,1.5357
-0.73760986328125,1.5358
-0.7061767578125,1.5359
-0.88043212890625,1.536
-1.05621337890625,1.5361
-0.63079833984375,1.5362
-0.4559326171875,1.5363
-0.62957763671875,1.5364
-0.50048828125,1.5365
-0.70404052734375,1.5366
-0.5706787109375,1.5367
-0.42510986328125,1.5368
-0.70098876953125,1.5369000000000002
-0.33660888671875,1.5370000000000001
-0.48675537109375,1.5371000000000001
-0.20721435546875,1.5372000000000001
-0.48980712890625,1.5373
-0.401611328125,1.5374
-0.06591796875,1.5375
-0.0634765625,1.5376
0.0128173828125,1.5377
-0.21575927734375,1.5378
-0.08209228515625,1.5379
0.12359619140625,1.538
0.32379150390625,1.5381
0.367431640625,1.5382
0.35186767578125,1.5383
0.37994384765625,1.5384
0.40008544921875,1.5385
0.42327880859375,1.5386
0.43060302734375,1.5387
0.72235107421875,1.5388
0.90850830078125,1.5389000000000002
0.42633056640625,1.5390000000000001
0.54412841796875,1.5391000000000001
0.84197998046875,1.5392000000000001
0.75347900390625,1.5393000000000001
1.5203857421875,1.5394
1.48193359375,1.5395
1.04827880859375,1.5396
1.0260009765625,1.5397
0.87249755859375,1.5398
1.40533447265625,1.5399
1.4422607421875,1.54
1.409912109375,1.5401
1.5692138671875,1.5402
1.38916015625,1.5403
1.16119384765625,1.5404
1.18438720703125,1.5405
2.022705078125,1.5406
1.95098876953125,1.5407
1.810302734375,1.5408
1.77001953125,1.5409000000000002
1.3677978515625,1.5410000000000001
1.99737548828125,1.5411000000000001
1.7767333984375,1.5412000000000001
1.8023681640625,1.5413000000000001
1.8817138671875,1.5414
1.7431640625,1.5415
1.89483642578125,1.5416
1.93756103515625,1.5417
2.3333740234375,1.5418
2.02239990234375,1.5419
2.3394775390625,1.542
1.37725830078125,1.5421
1.90704345703125,1.5422
2.36297607421875,1.5423
2.12249755859375,1.5424
2.37335205078125,1.5425
1.94244384765625,1.5426
1.9342041015625,1.5427
1.397705078125,1.5428
2.06268310546875,1.5429000000000002
2.2979736328125,1.5430000000000001
2.6031494140625,1.5431000000000001
2.42584228515625,1.5432000000000001
1.864013671875,1.5433000000000001
1.9354248046875,1.5434
2.55859375,1.5435
2.10845947265625,1.5436
2.5531005859375,1.5437
2.23388671875,1.5438
2.30560302734375,1.5439
2.1795654296875,1.544
1.96136474609375,1.5441
2.18109130859375,1.5442
2.496337890625,1.5443
2.54119873046875,1.5444
2.0745849609375,1.5445
1.91497802734375,1.5446
2.44781494140625,1.5447
2.3370361328125,1.5448
2.67852783203125,1.5449000000000002
1.88232421875,1.5450000000000002
2.66448974609375,1.5451000000000001
2.17010498046875,1.5452000000000001
2.017822265625,1.5453000000000001
2.2979736328125,1.5454
1.7828369140625,1.5455
2.54180908203125,1.5456
1.7645263671875,1.5457
2.11212158203125,1.5458
1.9573974609375,1.5459
2.05810546875,1.546
2.3779296875,1.5461
1.5191650390625,1.5462
2.10601806640625,1.5463
1.81121826171875,1.5464
1.89483642578125,1.5465
2.1734619140625,1.5466
2.05047607421875,1.5467
2.02301025390625,1.5468
1.26068115234375,1.5469000000000002
1.43890380859375,1.5470000000000002
1.5692138671875,1.5471000000000001
1.56768798828125,1.5472000000000001
1.57012939453125,1.5473000000000001
1.4398193359375,1.5474
1.3848876953125,1.5475
1.12701416015625,1.5476
0.84716796875,1.5477
0.96435546875,1.5478
0.9051513671875,1.5479
0.96099853515625,1.548
0.72784423828125,1.5481
0.83282470703125,1.5482
0.90484619140625,1.5483
0.80657958984375,1.5484
0.5926513671875,1.5485
0.4180908203125,1.5486
0.43212890625,1.5487
0.4376220703125,1.5488
0.43426513671875,1.5489000000000002
0.3900146484375,1.5490000000000002
0.09002685546875,1.5491000000000001
0.15045166015625,1.5492000000000001
-0.1226806640625,1.5493000000000001
-0.10711669921875,1.5494
-0.074462890625,1.5495
-0.14556884765625,1.5496
-0.0213623046875,1.5497
-0.66192626953125,1.5498
-0.29876708984375,1.5499
-0.4754638671875,1.55
-0.44403076171875,1.5501
-0.467529296875,1.5502
-0.59326171875,1.5503
-0.611572265625,1.5504
-0.789794921875,1.5505
-0.823974609375,1.5506
-0.7098388671875,1.5507
-0.897216796875,1.5508
-0.8203125,1.5509
-0.8428955078125,1.551
-1.02020263671875,1.5511000000000001
-0.79254150390625,1.5512000000000001
-0.9991455078125,1.5513000000000001
-0.841064453125,1.5514000000000001
-0.89111328125,1.5515
-0.99029541015625,1.5516
-1.11907958984375,1.5517
-1.192626953125,1.5518
-1.09771728515625,1.5519
-1.13861083984375,1.552
-1.3372802734375,1.5521
-1.36688232421875,1.5522
-1.14501953125,1.5523
-1.05987548828125,1.5524
-1.18560791015625,1.5525
-1.3629150390625,1.5526
-1.165771484375,1.5527
-0.98907470703125,1.5528
-1.27227783203125,1.5529
-1.392822265625,1.553
-0.9527587890625,1.5531000000000001
-1.02203369140625,1.5532000000000001
-1.1431884765625,1.5533000000000001
-1.26556396484375,1.5534000000000001
-1.318359375,1.5535
-1.23626708984375,1.5536
-1.295166015625,1.5537
-1.2359619140625,1.5538
-1.2139892578125,1.5539
-1.12030029296875,1.554
-1.03912353515625,1.5541
-1.1328125,1.5542
-1.1328125,1.5543
-0.9814453125,1.5544
-0.94879150390625,1.5545
-0.9918212890625,1.5546
-1.094970703125,1.5547
-0.92376708984375,1.5548
-0.89752197265625,1.5549
-1.14654541015625,1.555
-0.7781982421875,1.5551000000000001
-0.904541015625,1.5552000000000001
-0.6390380859375,1.5553000000000001
-1.0040283203125,1.5554000000000001
-1.00555419921875,1.5555
-0.7244873046875,1.5556
-0.7061767578125,1.5557
-0.748291015625,1.5558
-0.6219482421875,1.5559
-0.62774658203125,1.556
-0.611572265625,1.5561
-1.0174560546875,1.5562
-0.75714111328125,1.5563
-0.6268310546875,1.5564
-0.54931640625,1.5565
-0.5682373046875,1.5566
-0.804443359375,1.5567
-0.6390380859375,1.5568
-0.750732421875,1.5569
-0.70892333984375,1.557
-0.48797607421875,1.5571000000000002
-0.496826171875,1.5572000000000001
-0.47119140625,1.5573000000000001
-0.52215576171875,1.5574000000000001
-0.47821044921875,1.5575
-0.44189453125,1.5576
-0.37994384765625,1.5577
-0.44921875,1.5578
-0.8367919921875,1.5579
-0.41412353515625,1.558
-0.545654296875,1.5581
-0.3021240234375,1.5582
-0.4638671875,1.5583
-0.791015625,1.5584
-0.22857666015625,1.5585
-0.714111328125,1.5586
-0.4345703125,1.5587
-0.25238037109375,1.5588
-0.09033203125,1.5589
-0.08544921875,1.559
-0.8306884765625,1.5591000000000002
-0.2166748046875,1.5592000000000001
-0.46142578125,1.5593000000000001
-0.02685546875,1.5594000000000001
-0.035400390625,1.5595
-0.48675537109375,1.5596
-0.13885498046875,1.5597
-0.4486083984375,1.5598
-0.2178955078125,1.5599
-0.12359619140625,1.56
-0.1605224609375,1.5601
0.05859375,1.5602
-0.21209716796875,1.5603
-0.25787353515625,1.5604
-0.20782470703125,1.5605
0.00213623046875,1.5606
-0.30914306640625,1.5607
-0.00030517578125,1.5608
-0.145263671875,1.5609
-0.3082275390625,1.561
0.074462890625,1.5611000000000002
0.029296875,1.5612000000000001
-0.3179931640625,1.5613000000000001
-0.24749755859375,1.5614000000000001
-0.29205322265625,1.5615
-0.12481689453125,1.5616
-0.06866455078125,1.5617
0.16815185546875,1.5618
0.15472412109375,1.5619
-0.1507568359375,1.562
0.050048828125,1.5621
-0.41595458984375,1.5622
0.07720947265625,1.5623
0.09918212890625,1.5624
0.1318359375,1.5625
0.0933837890625,1.5626
-0.2740478515625,1.5627
-0.2764892578125,1.5628
-0.3814697265625,1.5629
-0.2655029296875,1.563
-0.13946533203125,1.5631
-0.001220703125,1.5632000000000001
-0.07232666015625,1.5633000000000001
-0.27252197265625,1.5634000000000001
0.06011962890625,1.5635000000000001
-0.1116943359375,1.5636
0.03662109375,1.5637
0.018310546875,1.5638
-0.1751708984375,1.5639
-0.16754150390625,1.564
-0.29083251953125,1.5641
-0.0634765625,1.5642
-0.21697998046875,1.5643
0.032958984375,1.5644
-0.482177734375,1.5645
-0.27435302734375,1.5646
-0.10955810546875,1.5647
-0.3546142578125,1.5648
0.020751953125,1.5649
-0.0860595703125,1.565
-0.042724609375,1.5651
-0.05126953125,1.5652000000000001
-0.2197265625,1.5653000000000001
-0.21392822265625,1.5654000000000001
-0.33966064453125,1.5655000000000001
-0.17303466796875,1.5656
-0.47210693359375,1.5657
-0.467529296875,1.5658
-0.46875,1.5659
-0.16326904296875,1.566
-0.118408203125,1.5661
-0.48828125,1.5662
-0.42938232421875,1.5663
-0.13031005859375,1.5664
-0.430908203125,1.5665
-0.29998779296875,1.5666
-0.24871826171875,1.5667
-0.1708984375,1.5668
-0.33172607421875,1.5669
-0.48004150390625,1.567
-0.81939697265625,1.5671
-0.3729248046875,1.5672000000000001
-0.479736328125,1.5673000000000001
-0.43975830078125,1.5674000000000001
-0.34576416015625,1.5675000000000001
-0.440673828125,1.5676
-0.49896240234375,1.5677
-0.458984375,1.5678
-0.80322265625,1.5679
-0.37689208984375,1.568
-0.48675537109375,1.5681
-0.52581787109375,1.5682
-0.5914306640625,1.5683
-0.71929931640625,1.5684
-0.4754638671875,1.5685
-0.63812255859375,1.5686
-0.48919677734375,1.5687
-0.71685791015625,1.5688
-0.69732666015625,1.5689
-0.704345703125,1.569
-0.74188232421875,1.5691
-0.62896728515625,1.5692000000000002
-0.4559326171875,1.5693000000000001
-0.60791015625,1.5694000000000001
-0.77606201171875,1.5695000000000001
-0.91033935546875,1.5696
-0.61614990234375,1.5697
-0.81085205078125,1.5698
-0.806884765625,1.5699
-0.83709716796875,1.57
-0.863037109375,1.5701
-0.77056884765625,1.5702
-0.6280517578125,1.5703
-0.52276611328125,1.5704
-0.71075439453125,1.5705
-1.01776123046875,1.5706
-1.077880859375,1.5707
-0.98297119140625,1.5708
-0.6658935546875,1.5709
-0.4833984375,1.571
-0.6585693359375,1.5711
-0.9283447265625,1.5712000000000002
-0.90484619140625,1.5713000000000001
-0.78033447265625,1.5714000000000001
-0.96282958984375,1.5715000000000001
-0.61309814453125,1.5716
-0.52215576171875,1.5717
-1.11602783203125,1.5718
-0.87310791015625,1.5719
-0.95062255859375,1.572
-0.4931640625,1.5721
-0.6561279296875,1.5722
-1.00799560546875,1.5723
-0.963134765625,1.5724
-0.92681884765625,1.5725
-0.86273193359375,1.5726
-0.6768798828125,1.5727
-1.0009765625,1.5728
-0.80108642578125,1.5729
-0.888671875,1.573
-1.08306884765625,1.5731
-1.146240234375,1.5732000000000002
-0.7257080078125,1.5733000000000001
-0.73486328125,1.5734000000000001
-1.03363037109375,1.5735000000000001
-1.06414794921875,1.5736
-1.14593505859375,1.5737
-0.9820556640625,1.5738
-0.89447021484375,1.5739
-1.28662109375,1.574
-0.80169677734375,1.5741
-1.03271484375,1.5742
-0.9320068359375,1.5743
-0.77850341796875,1.5744
-1.10748291015625,1.5745
-0.9552001953125,1.5746
-1.03271484375,1.5747
-1.392822265625,1.5748
-1.302490234375,1.5749
-1.173095703125,1.5750000000000002
-0.96405029296875,1.5751000000000002
-1.2030029296875,1.5752000000000002
-1.19537353515625,1.5753000000000001
-1.14654541015625,1.5754000000000001
-1.092529296875,1.5755000000000001
-1.1175537109375,1.5756000000000001
-1.49139404296875,1.5757
-1.06781005859375,1.5758
-1.3134765625,1.5759
-1.17828369140625,1.576
-1.00860595703125,1.5761
-1.1602783203125,1.5762
-1.2994384765625,1.5763
-1.3336181640625,1.5764
-1.32843017578125,1.5765
-1.48345947265625,1.5766
-1.22314453125,1.5767
-1.09375,1.5768000000000002
-0.99395751953125,1.5769000000000002
-1.42059326171875,1.5770000000000002
-1.45538330078125,1.5771000000000002
-1.72515869140625,1.5772000000000002
-1.59027099609375,1.5773000000000001
-1.61712646484375,1.5774000000000001
-1.29302978515625,1.5775000000000001
-1.455078125,1.5776000000000001
-1.51214599609375,1.5777
-1.5252685546875,1.5778
-2.01629638671875,1.5779
-1.4605712890625,1.578
-1.4892578125,1.5781
-1.4453125,1.5782
-1.63543701171875,1.5783
-1.88262939453125,1.5784
-1.5283203125,1.5785
-1.41754150390625,1.5786
-1.50787353515625,1.5787
-1.40472412109375,1.5788000000000002
-1.9439697265625,1.5789000000000002
-1.80572509765625,1.5790000000000002
-1.78131103515625,1.5791000000000002
-1.8212890625,1.5792000000000002
-1.7608642578125,1.5793000000000001
-1.4373779296875,1.5794000000000001
-1.4776611328125,1.5795000000000001
-1.86492919921875,1.5796000000000001
-1.74530029296875,1.5797
-1.73065185546875,1.5798
-1.5380859375,1.5799
-1.614990234375,1.58
-2.032470703125,1.5801
-1.640625,1.5802
-1.86767578125,1.5803
-1.561279296875,1.5804
-1.48712158203125,1.5805
-1.98333740234375,1.5806
-1.6552734375,1.5807
-1.66473388671875,1.5808000000000002
-1.84173583984375,1.5809000000000002
-1.62994384765625,1.5810000000000002
-1.40716552734375,1.5811000000000002
-1.4483642578125,1.5812000000000002
-1.732177734375,1.5813000000000001
-1.65008544921875,1.5814000000000001
-1.83990478515625,1.5815000000000001
-1.31988525390625,1.5816000000000001
-1.41845703125,1.5817
-1.84234619140625,1.5818
-1.50299072265625,1.5819
-1.86859130859375,1.582
-1.43890380859375,1.5821
-1.35772705078125,1.5822
-1.86431884765625,1.5823
-1.26251220703125,1.5824
-1.39739990234375,1.5825
-1.55426025390625,1.5826
-1.45172119140625,1.5827
-1.13006591796875,1.5828000000000002
-1.15997314453125,1.5829000000000002
-1.15386962890625,1.5830000000000002
-1.5869140625,1.5831000000000002
-1.65283203125,1.5832000000000002
-1.3494873046875,1.5833000000000002
-1.33575439453125,1.5834000000000001
-1.021728515625,1.5835000000000001
-1.29058837890625,1.5836000000000001
-1.414794921875,1.5837
-1.13372802734375,1.5838
-1.279296875,1.5839
-1.34429931640625,1.584
-1.0748291015625,1.5841
-0.999755859375,1.5842
-1.48040771484375,1.5843
-1.16973876953125,1.5844
-0.9393310546875,1.5845
-0.94482421875,1.5846
-0.99151611328125,1.5847
-1.20513916015625,1.5848000000000002
-1.00494384765625,1.5849000000000002
-1.47918701171875,1.5850000000000002
-0.97320556640625,1.5851000000000002
-0.67626953125,1.5852000000000002
-0.82611083984375,1.5853000000000002
-0.6304931640625,1.5854000000000001
-1.03912353515625,1.5855000000000001
-0.83343505859375,1.5856000000000001
-0.72265625,1.5857
-1.01837158203125,1.5858
-0.80474853515625,1.5859
-0.5731201171875,1.586
-0.56671142578125,1.5861
-1.0247802734375,1.5862
-0.62225341796875,1.5863
-0.84503173828125,1.5864
-0.46295166015625,1.5865
-0.50628662109375,1.5866
-1.02752685546875,1.5867
-0.67169189453125,1.5868000000000002
-0.5487060546875,1.5869000000000002
-0.38330078125,1.5870000000000002
-0.445556640625,1.5871000000000002
-0.95001220703125,1.5872000000000002
-0.51666259765625,1.5873000000000002
-0.4681396484375,1.5874000000000001
-0.418701171875,1.5875000000000001
-0.39398193359375,1.5876000000000001
-0.394287109375,1.5877000000000001
-0.13336181640625,1.5878
-0.87066650390625,1.5879
-0.53802490234375,1.588
-0.4437255859375,1.5881
-0.498046875,1.5882
-0.22064208984375,1.5883
-0.66436767578125,1.5884
-0.5169677734375,1.5885
-0.50445556640625,1.5886
-0.46234130859375,1.5887
-0.46844482421875,1.5888
-0.25848388671875,1.5889000000000002
-0.09979248046875,1.5890000000000002
-0.5938720703125,1.5891000000000002
-0.9808349609375,1.5892000000000002
-0.43609619140625,1.5893000000000002
-0.111083984375,1.5894000000000001
-0.496826171875,1.5895000000000001
-0.355224609375,1.5896000000000001
-0.469970703125,1.5897000000000001
-0.40985107421875,1.5898
-0.5517578125,1.5899
-0.42327880859375,1.59
-0.455322265625,1.5901
-0.499267578125,1.5902
-0.21942138671875,1.5903
-0.47760009765625,1.5904
-0.3790283203125,1.5905
0.05828857421875,1.5906
-0.198974609375,1.5907
-0.44525146484375,1.5908
-0.43212890625,1.5909000000000002
-0.076904296875,1.5910000000000002
-0.3558349609375,1.5911000000000002
-0.17730712890625,1.5912000000000002
-0.26641845703125,1.5913000000000002
-0.48828125,1.5914000000000001
-0.46966552734375,1.5915000000000001
-0.64117431640625,1.5916000000000001
-0.2484130859375,1.5917000000000001
-0.0225830078125,1.5918
-0.257568359375,1.5919
-0.49407958984375,1.592
-0.50079345703125,1.5921
-0.28778076171875,1.5922
-0.22674560546875,1.5923
-0.41534423828125,1.5924
-0.201416015625,1.5925
-0.07110595703125,1.5926
-0.21636962890625,1.5927
-0.2838134765625,1.5928
-0.3656005859375,1.5929000000000002
0.03692626953125,1.5930000000000002
-0.30303955078125,1.5931000000000002
-0.22857666015625,1.5932000000000002
-0.4254150390625,1.5933000000000002
-0.09063720703125,1.5934000000000001
-0.02838134765625,1.5935000000000001
-0.29327392578125,1.5936000000000001
0.26397705078125,1.5937000000000001
-0.46356201171875,1.5938
-0.032958984375,1.5939
-0.0469970703125,1.594
-0.2899169921875,1.5941
0.22247314453125,1.5942
-0.20782470703125,1.5943
-0.16998291015625,1.5944
-0.41046142578125,1.5945
0.11688232421875,1.5946
0.19317626953125,1.5947
-0.1617431640625,1.5948
-0.13336181640625,1.5949000000000002
-0.2728271484375,1.5950000000000002
0.0921630859375,1.5951000000000002
0.0946044921875,1.5952000000000002
0.106201171875,1.5953000000000002
0.3765869140625,1.5954000000000002
0.023193359375,1.5955000000000001
-0.06072998046875,1.5956000000000001
-0.08209228515625,1.5957000000000001
-0.2374267578125,1.5958
0.1910400390625,1.5959
0.35797119140625,1.596
0.17547607421875,1.5961
0.17303466796875,1.5962
0.10650634765625,1.5963
0.3009033203125,1.5964
0.2325439453125,1.5965
0.3717041015625,1.5966
0.29541015625,1.5967
0.36407470703125,1.5968
0.1531982421875,1.5969000000000002
0.37994384765625,1.5970000000000002
0.40374755859375,1.5971000000000002
0.35736083984375,1.5972000000000002
0.379638671875,1.5973000000000002
0.3802490234375,1.5974000000000002
0.41900634765625,1.5975000000000001
0.4315185546875,1.5976000000000001
0.4229736328125,1.5977000000000001
0.42449951171875,1.5978
0.4241943359375,1.5979
0.42205810546875,1.598
0.4327392578125,1.5981
0.42694091796875,1.5982
0.64483642578125,1.5983
0.5072021484375,1.5984
0.5096435546875,1.5985
0.42633056640625,1.5986
0.47454833984375,1.5987
0.57281494140625,1.5988
0.76629638671875,1.5989000000000002
0.67962646484375,1.5990000000000002
0.6298828125,1.5991000000000002
0.50628662109375,1.5992000000000002
0.4742431640625,1.5993000000000002
0.572509765625,1.5994000000000002
0.88714599609375,1.5995000000000001
1.06048583984375,1.5996000000000001
0.6610107421875,1.5997000000000001
0.745849609375,1.5998
0.50872802734375,1.5999
0.72998046875,1.6
0.9344482421875,1.6001
0.56976318359375,1.6002
0.8465576171875,1.6003
1.0150146484375,1.6004
0.54901123046875,1.6005
0.80596923828125,1.6006
0.92742919921875,1.6007
0.9136962890625,1.6008
1.353759765625,1.6009
0.880126953125,1.601
0.76263427734375,1.6011000000000002
1.01226806640625,1.6012000000000002
0.9112548828125,1.6013000000000002
0.59783935546875,1.6014000000000002
0.7073974609375,1.6015000000000001
0.828857421875,1.6016000000000001
0.9039306640625,1.6017000000000001
0.8758544921875,1.6018000000000001
0.601806640625,1.6019
0.92376708984375,1.602
1.27288818359375,1.6021
0.682373046875,1.6022
0.93841552734375,1.6023
1.0064697265625,1.6024
1.181640625,1.6025
1.06903076171875,1.6026
0.75714111328125,1.6027
0.7867431640625,1.6028
0.98388671875,1.6029
1.092529296875,1.603
1.05133056640625,1.6031000000000002
1.1566162109375,1.6032000000000002
1.4605712890625,1.6033000000000002
0.8990478515625,1.6034000000000002
0.9075927734375,1.6035000000000001
0.4827880859375,1.6036000000000001
1.158447265625,1.6037000000000001
1.336669921875,1.6038000000000001
1.0076904296875,1.6039
1.26251220703125,1.604
0.90423583984375,1.6041
0.9967041015625,1.6042
0.67718505859375,1.6043
1.0205078125,1.6044
1.52557373046875,1.6045
0.92681884765625,1.6046
1.11358642578125,1.6047
0.75164794921875,1.6048
0.8404541015625,1.6049
1.3226318359375,1.605
0.9521484375,1.6051000000000002
1.0498046875,1.6052000000000002
1.3323974609375,1.6053000000000002
1.13800048828125,1.6054000000000002
1.17156982421875,1.6055000000000001
1.10260009765625,1.6056000000000001
1.63360595703125,1.6057000000000001
1.2139892578125,1.6058000000000001
0.904541015625,1.6059
0.7513427734375,1.606
1.046142578125,1.6061
1.3336181640625,1.6062
0.85418701171875,1.6063
1.22711181640625,1.6064
1.03790283203125,1.6065
1.0760498046875,1.6066
0.9033203125,1.6067
0.83953857421875,1.6068
1.22589111328125,1.6069
1.3299560546875,1.607
1.23626708984375,1.6071000000000002
0.7818603515625,1.6072000000000002
1.21185302734375,1.6073000000000002
1.27899169921875,1.6074000000000002
1.204833984375,1.6075000000000002
1.15264892578125,1.6076000000000001
0.95916748046875,1.6077000000000001
1.18865966796875,1.6078000000000001
0.9130859375,1.6079
1.1199951171875,1.608
0.97564697265625,1.6081
1.36688232421875,1.6082
1.2286376953125,1.6083
0.5657958984375,1.6084
0.93780517578125,1.6085
1.2548828125,1.6086
1.21337890625,1.6087
1.00128173828125,1.6088
1.61712646484375,1.6089
1.10260009765625,1.609
0.8966064453125,1.6091000000000002
0.8526611328125,1.6092000000000002
0.4949951171875,1.6093000000000002
1.24786376953125,1.6094000000000002
1.07574462890625,1.6095000000000002
0.994873046875,1.6096000000000001
0.91522216796875,1.6097000000000001
1.11053466796875,1.6098000000000001
1.43890380859375,1.6099
1.21368408203125,1.61
0.83251953125,1.6101
1.571044921875,1.6102
1.30859375,1.6103
1.01287841796875,1.6104
0.90911865234375,1.6105
1.44561767578125,1.6106
1.4471435546875,1.6107
0.92803955078125,1.6108
1.3348388671875,1.6109
0.98114013671875,1.611
1.300048828125,1.6111000000000002
1.22589111328125,1.6112000000000002
1.19171142578125,1.6113000000000002
1.55853271484375,1.6114000000000002
1.0693359375,1.6115000000000002
1.094970703125,1.6116000000000001
0.71380615234375,1.6117000000000001
1.456298828125,1.6118000000000001
1.48712158203125,1.6119
1.256103515625,1.612
1.2908935546875,1.6121
1.171875,1.6122
1.31195068359375,1.6123
0.91796875,1.6124
1.57135009765625,1.6125
1.748046875,1.6126
1.48590087890625,1.6127
1.19659423828125,1.6128
0.9686279296875,1.6129
1.1322021484375,1.613
1.5887451171875,1.6131000000000002
1.5521240234375,1.6132000000000002
1.69036865234375,1.6133000000000002
1.35650634765625,1.6134000000000002
1.490478515625,1.6135000000000002
1.2774658203125,1.6136000000000001
1.1810302734375,1.6137000000000001
1.87103271484375,1.6138000000000001
1.868896484375,1.6139000000000001
1.50970458984375,1.614
1.4862060546875,1.6141
1.15203857421875,1.6142
1.80755615234375,1.6143
1.42822265625,1.6144
1.4544677734375,1.6145
1.46636962890625,1.6146
1.666259765625,1.6147
1.605224609375,1.6148
1.66534423828125,1.6149
1.74896240234375,1.615
1.70074462890625,1.6151
1.74957275390625,1.6152000000000002
1.5478515625,1.6153000000000002
1.13800048828125,1.6154000000000002
1.988525390625,1.6155000000000002
1.89971923828125,1.6156000000000001
1.707763671875,1.6157000000000001
1.6729736328125,1.6158000000000001
1.43157958984375,1.6159000000000001
1.56768798828125,1.616
1.38427734375,1.6161
1.732177734375,1.6162
1.94000244140625,1.6163
1.62353515625,1.6164
1.48773193359375,1.6165
1.409912109375,1.6166
1.58905029296875,1.6167
2.11334228515625,1.6168
1.8218994140625,1.6169
1.689453125,1.617
1.35162353515625,1.6171
1.754150390625,1.6172000000000002
1.38214111328125,1.6173000000000002
1.70013427734375,1.6174000000000002
1.96929931640625,1.6175000000000002
1.60919189453125,1.6176000000000001
1.56219482421875,1.6177000000000001
1.1474609375,1.6178000000000001
1.94915771484375,1.6179000000000001
2.00927734375,1.618
1.89117431640625,1.6181
1.8206787109375,1.6182
1.57958984375,1.6183
1.7095947265625,1.6184
1.5240478515625,1.6185
1.79656982421875,1.6186
1.87164306640625,1.6187
1.8170166015625,1.6188
1.65191650390625,1.6189
1.553955078125,1.619
1.86248779296875,1.6191
2.0318603515625,1.6192000000000002
1.80816650390625,1.6193000000000002
1.6796875,1.6194000000000002
1.5081787109375,1.6195000000000002
1.57257080078125,1.6196000000000002
1.871337890625,1.6197000000000001
2.0001220703125,1.6198000000000001
1.70806884765625,1.6199000000000001
1.85028076171875,1.62
1.40228271484375,1.6201
1.3232421875,1.6202
1.6326904296875,1.6203
2.052001953125,1.6204
2.1343994140625,1.6205
1.7132568359375,1.6206
1.84234619140625,1.6207
1.43218994140625,1.6208
1.58721923828125,1.6209
1.89178466796875,1.621
1.97845458984375,1.6211
1.92230224609375,1.6212000000000002
1.55609130859375,1.6213000000000002
1.49658203125,1.6214000000000002
1.98577880859375,1.6215000000000002
2.17742919921875,1.6216000000000002
2.2491455078125,1.6217000000000001
2.1307373046875,1.6218000000000001
1.7095947265625,1.6219000000000001
1.414794921875,1.622
1.75537109375,1.6221
1.80419921875,1.6222
1.854248046875,1.6223
2.0538330078125,1.6224
1.36566162109375,1.6225
1.6485595703125,1.6226
1.79107666015625,1.6227
1.90673828125,1.6228
2.09930419921875,1.6229
1.968994140625,1.623
1.79443359375,1.6231
1.73614501953125,1.6232000000000002
2.080078125,1.6233000000000002
2.00225830078125,1.6234000000000002
1.71875,1.6235000000000002
2.0147705078125,1.6236000000000002
1.09405517578125,1.6237000000000001
1.49749755859375,1.6238000000000001
1.6131591796875,1.6239000000000001
2.12921142578125,1.624
2.09503173828125,1.6241
1.42974853515625,1.6242
1.8475341796875,1.6243
1.65435791015625,1.6244
1.82830810546875,1.6245
1.8853759765625,1.6246
2.158203125,1.6247
1.95770263671875,1.6248
1.4312744140625,1.6249
1.583251953125,1.6250000000000002
1.549072265625,1.6251000000000002
2.03094482421875,1.6252000000000002
2.093505859375,1.6253000000000002
1.53228759765625,1.6254000000000002
1.529541015625,1.6255000000000002
1.8011474609375,1.6256000000000002
1.802978515625,1.6257000000000001
2.09259033203125,1.6258000000000001
1.708984375,1.6259000000000001
1.69891357421875,1.6260000000000001
1.77520751953125,1.6261
1.51611328125,1.6262
1.7578125,1.6263
1.93634033203125,1.6264
2.07366943359375,1.6265
1.5032958984375,1.6266
1.929931640625,1.6267
1.7254638671875,1.6268000000000002
1.88751220703125,1.6269000000000002
1.8377685546875,1.6270000000000002
1.57501220703125,1.6271000000000002
2.0306396484375,1.6272000000000002
1.7401123046875,1.6273000000000002
1.54876708984375,1.6274000000000002
2.01568603515625,1.6275000000000002
1.93145751953125,1.6276000000000002
2.205810546875,1.6277000000000001
1.40960693359375,1.6278000000000001
1.79229736328125,1.6279000000000001
1.64520263671875,1.6280000000000001
2.15240478515625,1.6281
1.92718505859375,1.6282
1.50909423828125,1.6283
1.78497314453125,1.6284
1.34765625,1.6285
1.0601806640625,1.6286
1.59332275390625,1.6287
1.59210205078125,1.6288000000000002
1.6839599609375,1.6289000000000002
1.95159912109375,1.6290000000000002
1.57806396484375,1.6291000000000002
1.724853515625,1.6292000000000002
1.56707763671875,1.6293000000000002
1.9110107421875,1.6294000000000002
1.50970458984375,1.6295000000000002
1.7266845703125,1.6296000000000002
1.47216796875,1.6297000000000001
1.361083984375,1.6298000000000001
1.81121826171875,1.6299000000000001
1.17340087890625,1.6300000000000001
1.79351806640625,1.6301
1.48406982421875,1.6302
1.09619140625,1.6303
1.737060546875,1.6304
1.99951171875,1.6305
1.676025390625,1.6306
1.58447265625,1.6307
1.74652099609375,1.6308000000000002
1.23809814453125,1.6309000000000002
1.527099609375,1.6310000000000002
1.788330078125,1.6311000000000002
1.60552978515625,1.6312000000000002
1.968994140625,1.6313000000000002
1.43157958984375,1.6314000000000002
1.27838134765625,1.6315000000000002
1.59454345703125,1.6316000000000002
1.79473876953125,1.6317000000000002
1.57806396484375,1.6318000000000001
1.56005859375,1.6319000000000001
1.376953125,1.6320000000000001
1.28631591796875,1.6321
1.3873291015625,1.6322
1.7498779296875,1.6323
1.6815185546875,1.6324
1.60186767578125,1.6325
1.36016845703125,1.6326
1.59210205078125,1.6327
1.788330078125,1.6328000000000003
1.54266357421875,1.6329000000000002
1.51092529296875,1.6330000000000002
1.45233154296875,1.6331000000000002
1.09344482421875,1.6332000000000002
1.5802001953125,1.6333000000000002
1.69677734375,1.6334000000000002
1.49993896484375,1.6335000000000002
1.5716552734375,1.6336000000000002
1.59149169921875,1.6337000000000002
1.28082275390625,1.6338000000000001
1.77947998046875,1.6339000000000001
1.72760009765625,1.6340000000000001
1.99462890625,1.6341
1.650390625,1.6342
1.17340087890625,1.6343
1.34033203125,1.6344
1.46331787109375,1.6345
1.650390625,1.6346
1.6082763671875,1.6347
1.69769287109375,1.6348000000000003
1.4935302734375,1.6349000000000002
1.09832763671875,1.6350000000000002
1.88751220703125,1.6351000000000002
1.495361328125,1.6352000000000002
1.9659423828125,1.6353000000000002
1.45111083984375,1.6354000000000002
1.4593505859375,1.6355000000000002
1.846923828125,1.6356000000000002
1.32049560546875,1.6357000000000002
1.93389892578125,1.6358000000000001
1.5643310546875,1.6359000000000001
1.59149169921875,1.6360000000000001
1.197509765625,1.6361
1.2213134765625,1.6362
1.6180419921875,1.6363
1.31317138671875,1.6364
1.5533447265625,1.6365
1.31591796875,1.6366
1.591796875,1.6367
1.87835693359375,1.6368
1.3873291015625,1.6369000000000002
1.71051025390625,1.6370000000000002
1.524658203125,1.6371000000000002
1.48590087890625,1.6372000000000002
1.48284912109375,1.6373000000000002
1.55670166015625,1.6374000000000002
1.68060302734375,1.6375000000000002
1.49749755859375,1.6376000000000002
1.5576171875,1.6377000000000002
1.263427734375,1.6378000000000001
1.478271484375,1.6379000000000001
1.54327392578125,1.6380000000000001
1.47216796875,1.6381000000000001
1.820068359375,1.6382
1.44439697265625,1.6383
1.3555908203125,1.6384
1.597900390625,1.6385
1.3031005859375,1.6386
1.39984130859375,1.6387
1.3720703125,1.6388
1.512451171875,1.6389000000000002
1.49810791015625,1.6390000000000002
1.414794921875,1.6391000000000002
1.73004150390625,1.6392000000000002
1.08154296875,1.6393000000000002
1.51397705078125,1.6394000000000002
1.26800537109375,1.6395000000000002
1.43951416015625,1.6396000000000002
1.53472900390625,1.6397000000000002
1.22283935546875,1.6398000000000001
1.40716552734375,1.6399000000000001
1.11968994140625,1.6400000000000001
1.32293701171875,1.6401000000000001
1.27197265625,1.6402
1.60797119140625,1.6403
1.512451171875,1.6404
1.53472900390625,1.6405
1.19720458984375,1.6406
1.27227783203125,1.6407
1.5106201171875,1.6408
1.33026123046875,1.6409000000000002
1.61376953125,1.6410000000000002
1.187744140625,1.6411000000000002
1.273193359375,1.6412000000000002
1.4361572265625,1.6413000000000002
1.21185302734375,1.6414000000000002
1.1737060546875,1.6415000000000002
1.25579833984375,1.6416000000000002
1.45904541015625,1.6417000000000002
1.231689453125,1.6418000000000001
1.4801025390625,1.6419000000000001
1.466064453125,1.6420000000000001
1.3092041015625,1.6421000000000001
1.38214111328125,1.6422
1.1370849609375,1.6423
1.14471435546875,1.6424
1.54052734375,1.6425
1.578369140625,1.6426
1.5008544921875,1.6427
1.35162353515625,1.6428
1.24603271484375,1.6429000000000002
1.08551025390625,1.6430000000000002
1.1614990234375,1.6431000000000002
1.28936767578125,1.6432000000000002
1.571044921875,1.6433000000000002
1.35528564453125,1.6434000000000002
1.051025390625,1.6435000000000002
1.09283447265625,1.6436000000000002
1.24664306640625,1.6437000000000002
1.2457275390625,1.6438000000000001
1.73065185546875,1.6439000000000001
1.26708984375,1.6440000000000001
1.22406005859375,1.6441000000000001
1.275634765625,1.6442
1.0955810546875,1.6443
1.3812255859375,1.6444
1.23748779296875,1.6445
1.534423828125,1.6446
1.11907958984375,1.6447
1.0797119140625,1.6448
1.59698486328125,1.6449000000000003
1.3763427734375,1.6450000000000002
1.73370361328125,1.6451000000000002
0.90576171875,1.6452000000000002
1.3433837890625,1.6453000000000002
1.31805419921875,1.6454000000000002
1.2841796875,1.6455000000000002
1.58111572265625,1.6456000000000002
1.42791748046875,1.6457000000000002
1.5972900390625,1.6458000000000002
0.97076416015625,1.6459000000000001
1.05133056640625,1.6460000000000001
1.2347412109375,1.6461000000000001
1.44073486328125,1.6462
1.68548583984375,1.6463
1.033935546875,1.6464
1.25152587890625,1.6465
1.50421142578125,1.6466
1.151123046875,1.6467
1.280517578125,1.6468
1.70074462890625,1.6469000000000003
1.463623046875,1.6470000000000002
1.40045166015625,1.6471000000000002
1.1639404296875,1.6472000000000002
1.6009521484375,1.6473000000000002
1.60858154296875,1.6474000000000002
1.53594970703125,1.6475000000000002
1.27593994140625,1.6476000000000002
1.07757568359375,1.6477000000000002
1.65863037109375,1.6478000000000002
1.26922607421875,1.6479000000000001
1.2274169921875,1.6480000000000001
1.0626220703125,1.6481000000000001
1.4105224609375,1.6482
1.5557861328125,1.6483
1.1968994140625,1.6484
1.4813232421875,1.6485
1.6009521484375,1.6486
1.500244140625,1.6487
0.85479736328125,1.6488
1.08062744140625,1.6489000000000003
1.75750732421875,1.6490000000000002
1.5106201171875,1.6491000000000002
1.20880126953125,1.6492000000000002
1.1212158203125,1.6493000000000002
1.1834716796875,1.6494000000000002
1.058349609375,1.6495000000000002
1.12640380859375,1.6496000000000002
1.42425537109375,1.6497000000000002
1.62872314453125,1.6498000000000002
1.32781982421875,1.6499000000000001
1.18804931640625,1.6500000000000001
1.312255859375,1.6501000000000001
1.65863037109375,1.6502000000000001
1.47125244140625,1.6503
1.2396240234375,1.6504
1.2493896484375,1.6505
1.11663818359375,1.6506
1.4599609375,1.6507
1.29852294921875,1.6508
0.97900390625,1.6509
1.51885986328125,1.651
0.92987060546875,1.6511000000000002
1.239013671875,1.6512000000000002
1.38916015625,1.6513000000000002
1.58538818359375,1.6514000000000002
1.611328125,1.6515000000000002
1.4654541015625,1.6516000000000002
1.07421875,1.6517000000000002
1.361083984375,1.6518000000000002
1.52313232421875,1.6519000000000001
1.676025390625,1.6520000000000001
1.27532958984375,1.6521000000000001
1.453857421875,1.6522000000000001
1.0626220703125,1.6523
1.31195068359375,1.6524
1.69525146484375,1.6525
1.40380859375,1.6526
1.495361328125,1.6527
1.064453125,1.6528
0.9686279296875,1.6529
1.6156005859375,1.653
1.1468505859375,1.6531000000000002
1.8426513671875,1.6532000000000002
1.3775634765625,1.6533000000000002
1.55303955078125,1.6534000000000002
1.181640625,1.6535000000000002
1.29852294921875,1.6536000000000002
1.78192138671875,1.6537000000000002
1.52099609375,1.6538000000000002
1.59423828125,1.6539000000000001
1.1065673828125,1.6540000000000001
1.3848876953125,1.6541000000000001
1.68670654296875,1.6542000000000001
1.4898681640625,1.6543
1.6650390625,1.6544
1.395263671875,1.6545
1.3763427734375,1.6546
1.317138671875,1.6547
1.7962646484375,1.6548
1.9012451171875,1.6549
1.81488037109375,1.655
1.59637451171875,1.6551000000000002
1.08642578125,1.6552000000000002
1.55181884765625,1.6553000000000002
1.63665771484375,1.6554000000000002
1.30462646484375,1.6555000000000002
1.86492919921875,1.6556000000000002
1.64459228515625,1.6557000000000002
1.30035400390625,1.6558000000000002
1.54022216796875,1.6559000000000001
1.25335693359375,1.6560000000000001
1.53076171875,1.6561000000000001
1.7730712890625,1.6562000000000001
1.47064208984375,1.6563
1.597900390625,1.6564
1.89849853515625,1.6565
1.86920166015625,1.6566
1.4251708984375,1.6567
1.6534423828125,1.6568
1.44439697265625,1.6569
1.4715576171875,1.657
1.43890380859375,1.6571000000000002
1.45355224609375,1.6572000000000002
1.94427490234375,1.6573000000000002
1.71417236328125,1.6574000000000002
1.26129150390625,1.6575000000000002
1.2347412109375,1.6576000000000002
1.729736328125,1.6577000000000002
1.580810546875,1.6578000000000002
1.61376953125,1.6579000000000002
1.63726806640625,1.6580000000000001
1.72637939453125,1.6581000000000001
1.6937255859375,1.6582000000000001
1.26373291015625,1.6583
1.7572021484375,1.6584
1.73919677734375,1.6585
1.822509765625,1.6586
1.2933349609375,1.6587
1.370849609375,1.6588
1.717529296875,1.6589
1.3433837890625,1.659
1.77398681640625,1.6591000000000002
1.3818359375,1.6592000000000002
1.61041259765625,1.6593000000000002
1.43402099609375,1.6594000000000002
1.3037109375,1.6595000000000002
1.553955078125,1.6596000000000002
1.669921875,1.6597000000000002
1.688232421875,1.6598000000000002
1.29852294921875,1.6599000000000002
1.455078125,1.6600000000000001
1.72760009765625,1.6601000000000001
1.790771484375,1.6602000000000001
1.4520263671875,1.6603
1.44195556640625,1.6604
1.475830078125,1.6605
1.65802001953125,1.6606
1.3818359375,1.6607
1.73004150390625,1.6608
1.65985107421875,1.6609
1.49322509765625,1.661
1.47979736328125,1.6611000000000002
1.19537353515625,1.6612000000000002
1.707763671875,1.6613000000000002
1.56005859375,1.6614000000000002
1.7047119140625,1.6615000000000002
1.56768798828125,1.6616000000000002
1.59271240234375,1.6617000000000002
1.51092529296875,1.6618000000000002
1.33575439453125,1.6619000000000002
1.6748046875,1.6620000000000001
1.39678955078125,1.6621000000000001
1.88385009765625,1.6622000000000001
1.39801025390625,1.6623
1.17584228515625,1.6624
2.0733642578125,1.6625
1.2109375,1.6626
1.53900146484375,1.6627
1.60675048828125,1.6628
1.27655029296875,1.6629
1.78863525390625,1.663
1.78680419921875,1.6631
1.41510009765625,1.6632000000000002
1.49658203125,1.6633000000000002
1.751708984375,1.6634000000000002
1.53411865234375,1.6635000000000002
1.52435302734375,1.6636000000000002
1.90521240234375,1.6637000000000002
1.54296875,1.6638000000000002
1.67877197265625,1.6639000000000002
1.5911865234375,1.6640000000000001
1.53167724609375,1.6641000000000001
1.7572021484375,1.6642000000000001
1.6864013671875,1.6643000000000001
1.43218994140625,1.6644
1.67388916015625,1.6645
1.4910888671875,1.6646
1.3690185546875,1.6647
1.7022705078125,1.6648
1.7193603515625,1.6649
1.8853759765625,1.665
1.79412841796875,1.6651
1.795654296875,1.6652000000000002
1.37603759765625,1.6653000000000002
1.673583984375,1.6654000000000002
1.50360107421875,1.6655000000000002
1.353759765625,1.6656000000000002
1.65985107421875,1.6657000000000002
1.54052734375,1.6658000000000002
1.78955078125,1.6659000000000002
1.502685546875,1.6660000000000001
1.37359619140625,1.6661000000000001
1.51397705078125,1.6662000000000001
2.17010498046875,1.6663000000000001
1.80419921875,1.6664
1.91650390625,1.6665
1.87103271484375,1.6666
1.494140625,1.6667
1.73858642578125,1.6668
1.9451904296875,1.6669
1.3848876953125,1.667
1.6162109375,1.6671
1.7669677734375,1.6672000000000002
1.31500244140625,1.6673000000000002
1.78802490234375,1.6674000000000002
1.91650390625,1.6675000000000002
1.64154052734375,1.6676000000000002
1.74285888671875,1.6677000000000002
1.44500732421875,1.6678000000000002
1.7047119140625,1.6679000000000002
1.93817138671875,1.6680000000000001
1.7657470703125,1.6681000000000001
1.6412353515625,1.6682000000000001
1.63665771484375,1.6683000000000001
1.61865234375,1.6684
1.39373779296875,1.6685
1.925048828125,1.6686
1.80145263671875,1.6687
1.56005859375,1.6688
1.65802001953125,1.6689
1.02294921875,1.669
1.61224365234375,1.6691
2.04925537109375,1.6692000000000002
1.285400390625,1.6693000000000002
1.5582275390625,1.6694000000000002
1.5386962890625,1.6695000000000002
1.54266357421875,1.6696000000000002
1.53564453125,1.6697000000000002
1.365966796875,1.6698000000000002
1.70166015625,1.6699000000000002
1.46026611328125,1.6700000000000002
1.600341796875,1.6701000000000001
1.55181884765625,1.6702000000000001
1.67266845703125,1.6703000000000001
1.96868896484375,1.6704
1.18438720703125,1.6705
1.30401611328125,1.6706
1.121826171875,1.6707
1.756591796875,1.6708
2.12432861328125,1.6709
1.54296875,1.671
1.92169189453125,1.6711
1.3494873046875,1.6712000000000002
1.680908203125,1.6713000000000002
1.41937255859375,1.6714000000000002
1.875,1.6715000000000002
1.9537353515625,1.6716000000000002
1.49383544921875,1.6717000000000002
1.671142578125,1.6718000000000002
1.05682373046875,1.6719000000000002
1.89361572265625,1.6720000000000002
1.60888671875,1.6721000000000001
1.53594970703125,1.6722000000000001
1.7193603515625,1.6723000000000001
1.66290283203125,1.6724
1.646728515625,1.6725
1.727294921875,1.6726
1.69830322265625,1.6727
1.7254638671875,1.6728
1.47125244140625,1.6729
1.40655517578125,1.673
1.416015625,1.6731
1.84844970703125,1.6732000000000002
1.83135986328125,1.6733000000000002
1.36505126953125,1.6734000000000002
1.52679443359375,1.6735000000000002
1.27410888671875,1.6736000000000002
1.38885498046875,1.6737000000000002
1.53289794921875,1.6738000000000002
1.422119140625,1.6739000000000002
1.8048095703125,1.6740000000000002
1.45721435546875,1.6741000000000001
1.6204833984375,1.6742000000000001
1.60003662109375,1.6743000000000001
1.8060302734375,1.6744
1.89117431640625,1.6745
1.73553466796875,1.6746
1.3702392578125,1.6747
1.19354248046875,1.6748
1.719970703125,1.6749
1.46484375,1.6750000000000003
1.470947265625,1.6751000000000003
1.8756103515625,1.6752000000000002
1.5252685546875,1.6753000000000002
1.31591796875,1.6754000000000002
1.1126708984375,1.6755000000000002
1.74652099609375,1.6756000000000002
1.5167236328125,1.6757000000000002
1.923828125,1.6758000000000002
1.41845703125,1.6759000000000002
1.644287109375,1.6760000000000002
1.7041015625,1.6761000000000001
1.156005859375,1.6762000000000001
1.77001953125,1.6763000000000001
1.7938232421875,1.6764000000000001
1.67510986328125,1.6765
1.37542724609375,1.6766
1.54296875,1.6767
1.88446044921875,1.6768000000000003
1.70379638671875,1.6769000000000003
1.40106201171875,1.6770000000000003
1.45843505859375,1.6771000000000003
1.72576904296875,1.6772000000000002
1.56707763671875,1.6773000000000002
1.49078369140625,1.6774000000000002
2.07794189453125,1.6775000000000002
1.541748046875,1.6776000000000002
1.71783447265625,1.6777000000000002
1.19964599609375,1.6778000000000002
1.39495849609375,1.6779000000000002
1.632080078125,1.6780000000000002
1.81793212890625,1.6781000000000001
1.91192626953125,1.6782000000000001
1.78619384765625,1.6783000000000001
1.3720703125,1.6784000000000001
1.71112060546875,1.6785
1.05743408203125,1.6786
1.91802978515625,1.6787
1.602783203125,1.6788000000000003
1.5618896484375,1.6789000000000003
1.256103515625,1.6790000000000003
1.41632080078125,1.6791000000000003
1.9256591796875,1.6792000000000002
1.61285400390625,1.6793000000000002
1.97296142578125,1.6794000000000002
1.51123046875,1.6795000000000002
1.47125244140625,1.6796000000000002
1.575927734375,1.6797000000000002
1.29119873046875,1.6798000000000002
1.6778564453125,1.6799000000000002
1.61529541015625,1.6800000000000002
1.666259765625,1.6801000000000001
1.27685546875,1.6802000000000001
1.26922607421875,1.6803000000000001
1.796875,1.6804000000000001
1.71051025390625,1.6805
1.7108154296875,1.6806
1.744384765625,1.6807
1.435546875,1.6808000000000003
1.6131591796875,1.6809000000000003
1.88201904296875,1.6810000000000003
1.8115234375,1.6811000000000003
1.6082763671875,1.6812000000000002
1.51214599609375,1.6813000000000002
1.27349853515625,1.6814000000000002
1.3238525390625,1.6815000000000002
1.74346923828125,1.6816000000000002
2.042236328125,1.6817000000000002
1.81854248046875,1.6818000000000002
1.35955810546875,1.6819000000000002
1.54327392578125,1.6820000000000002
1.40167236328125,1.6821000000000002
1.51336669921875,1.6822000000000001
1.65283203125,1.6823000000000001
1.86920166015625,1.6824000000000001
1.5802001953125,1.6825
1.49505615234375,1.6826
1.4501953125,1.6827
1.77215576171875,1.6828000000000003
1.95953369140625,1.6829000000000003
1.88568115234375,1.6830000000000003
1.7840576171875,1.6831000000000003
1.63787841796875,1.6832000000000003
1.83868408203125,1.6833000000000002
1.78924560546875,1.6834000000000002
1.45660400390625,1.6835000000000002
1.6033935546875,1.6836000000000002
1.1431884765625,1.6837000000000002
1.36077880859375,1.6838000000000002
1.47216796875,1.6839000000000002
1.434326171875,1.6840000000000002
1.778564453125,1.6841000000000002
1.77764892578125,1.6842000000000001
1.56463623046875,1.6843000000000001
1.6571044921875,1.6844000000000001
1.5216064453125,1.6845
2.0269775390625,1.6846
1.70562744140625,1.6847
1.7138671875,1.6848000000000003
1.763916015625,1.6849000000000003
1.25732421875,1.6850000000000003
1.802978515625,1.6851000000000003
1.54296875,1.6852000000000003
1.88140869140625,1.6853000000000002
1.64642333984375,1.6854000000000002
1.55609130859375,1.6855000000000002
1.7108154296875,1.6856000000000002
1.69830322265625,1.6857000000000002
1.778564453125,1.6858000000000002
1.8109130859375,1.6859000000000002
1.8115234375,1.6860000000000002
1.94091796875,1.6861000000000002
1.5423583984375,1.6862000000000001
1.6497802734375,1.6863000000000001
1.77886962890625,1.6864000000000001
1.90338134765625,1.6865
1.67266845703125,1.6866
1.43798828125,1.6867
1.9952392578125,1.6868000000000003
1.544189453125,1.6869000000000003
1.65496826171875,1.6870000000000003
1.898193359375,1.6871000000000003
1.5179443359375,1.6872000000000003
1.60247802734375,1.6873000000000002
1.79229736328125,1.6874000000000002
1.83074951171875,1.6875000000000002
1.9989013671875,1.6876000000000002
1.646728515625,1.6877000000000002
1.82647705078125,1.6878000000000002
1.74530029296875,1.6879000000000002
1.95831298828125,1.6880000000000002
1.9146728515625,1.6881000000000002
1.805419921875,1.6882000000000001
1.91864013671875,1.6883000000000001
1.6424560546875,1.6884000000000001
1.74530029296875,1.6885000000000001
1.6827392578125,1.6886
1.92474365234375,1.6887
1.82098388671875,1.6888
1.700439453125,1.6889000000000003
1.69708251953125,1.6890000000000003
1.59271240234375,1.6891000000000003
2.11669921875,1.6892000000000003
1.79656982421875,1.6893000000000002
1.83868408203125,1.6894000000000002
1.69525146484375,1.6895000000000002
1.4385986328125,1.6896000000000002
1.90704345703125,1.6897000000000002
1.67327880859375,1.6898000000000002
1.64703369140625,1.6899000000000002
1.63482666015625,1.6900000000000002
1.695556640625,1.6901000000000002
1.4251708984375,1.6902000000000001
1.92962646484375,1.6903000000000001
1.74072265625,1.6904000000000001
1.80084228515625,1.6905000000000001
1.7999267578125,1.6906
1.42974853515625,1.6907
1.58233642578125,1.6908
1.7572021484375,1.6909000000000003
2.04803466796875,1.6910000000000003
1.802978515625,1.6911000000000003
1.82861328125,1.6912000000000003
1.39739990234375,1.6913000000000002
1.40777587890625,1.6914000000000002
1.79473876953125,1.6915000000000002
1.72882080078125,1.6916000000000002
1.84417724609375,1.6917000000000002
1.81121826171875,1.6918000000000002
1.2762451171875,1.6919000000000002
1.47857666015625,1.6920000000000002
1.67999267578125,1.6921000000000002
1.69158935546875,1.6922000000000001
2.0867919921875,1.6923000000000001
1.370849609375,1.6924000000000001
1.9549560546875,1.6925000000000001
1.92535400390625,1.6926
1.8310546875,1.6927
1.84112548828125,1.6928
1.65802001953125,1.6929000000000003
2.11181640625,1.6930000000000003
1.4312744140625,1.6931000000000003
1.7156982421875,1.6932000000000003
1.58111572265625,1.6933000000000002
1.8817138671875,1.6934000000000002
2.25067138671875,1.6935000000000002
1.5838623046875,1.6936000000000002
1.75933837890625,1.6937000000000002
1.68304443359375,1.6938000000000002
1.761474609375,1.6939000000000002
1.76849365234375,1.6940000000000002
1.8927001953125,1.6941000000000002
2.15911865234375,1.6942000000000002
1.439208984375,1.6943000000000001
1.976318359375,1.6944000000000001
1.42303466796875,1.6945000000000001
2.00408935546875,1.6946
2.47711181640625,1.6947
2.12249755859375,1.6948
2.10845947265625,1.6949000000000003
1.78070068359375,1.6950000000000003
1.6766357421875,1.6951000000000003
1.81915283203125,1.6952000000000003
1.80145263671875,1.6953000000000003
2.11761474609375,1.6954000000000002
1.94305419921875,1.6955000000000002
1.75750732421875,1.6956000000000002
1.552734375,1.6957000000000002
1.92901611328125,1.6958000000000002
2.3077392578125,1.6959000000000002
2.0501708984375,1.6960000000000002
2.249755859375,1.6961000000000002
1.99615478515625,1.6962000000000002
1.86737060546875,1.6963000000000001
1.81732177734375,1.6964000000000001
1.67266845703125,1.6965000000000001
2.28271484375,1.6966
2.00958251953125,1.6967
1.6204833984375,1.6968
1.84783935546875,1.6969000000000003
1.9842529296875,1.6970000000000003
2.16217041015625,1.6971000000000003
1.990966796875,1.6972000000000003
1.8603515625,1.6973000000000003
1.771240234375,1.6974000000000002
2.242431640625,1.6975000000000002
1.77947998046875,1.6976000000000002
2.1820068359375,1.6977000000000002
2.46063232421875,1.6978000000000002
2.13470458984375,1.6979000000000002
2.04559326171875,1.6980000000000002
1.324462890625,1.6981000000000002
1.7730712890625,1.6982000000000002
2.07244873046875,1.6983000000000001
2.216796875,1.6984000000000001
1.754150390625,1.6985000000000001
2.03521728515625,1.6986
2.135009765625,1.6987
1.519775390625,1.6988
1.82403564453125,1.6989000000000003
1.89788818359375,1.6990000000000003
1.95526123046875,1.6991000000000003
2.110595703125,1.6992000000000003
1.70013427734375,1.6993000000000003
1.5289306640625,1.6994000000000002
2.098388671875,1.6995000000000002
2.288818359375,1.6996000000000002
1.81793212890625,1.6997000000000002
2.0281982421875,1.6998000000000002
1.953125,1.6999000000000002
1.56097412109375,1.7000000000000002
1.968994140625,1.7001000000000002
1.77459716796875,1.7002000000000002
2.20428466796875,1.7003000000000001
1.85943603515625,1.7004000000000001
1.35986328125,1.7005000000000001
1.93695068359375,1.7006000000000001
2.254638671875,1.7007
2.07916259765625,1.7008
2.03094482421875,1.7009
1.89361572265625,1.701
1.76025390625,1.7011000000000003
1.5264892578125,1.7012000000000003
2.2247314453125,1.7013000000000003
2.083740234375,1.7014000000000002
1.88140869140625,1.7015000000000002
1.96380615234375,1.7016000000000002
1.2396240234375,1.7017000000000002
2.16766357421875,1.7018000000000002
2.147216796875,1.7019000000000002
2.08160400390625,1.7020000000000002
2.05963134765625,1.7021000000000002
1.60430908203125,1.7022000000000002
1.90460205078125,1.7023000000000001
1.85455322265625,1.7024000000000001
1.89910888671875,1.7025000000000001
2.0855712890625,1.7026000000000001
2.24395751953125,1.7027
1.798095703125,1.7028
1.53533935546875,1.7029
1.8115234375,1.703
1.96075439453125,1.7031000000000003
2.1600341796875,1.7032000000000003
2.022705078125,1.7033000000000003
1.3519287109375,1.7034000000000002
1.939697265625,1.7035000000000002
2.31201171875,1.7036000000000002
1.78741455078125,1.7037000000000002
1.9732666015625,1.7038000000000002
2.13592529296875,1.7039000000000002
1.64215087890625,1.7040000000000002
1.728515625,1.7041000000000002
1.87255859375,1.7042000000000002
2.09442138671875,1.7043000000000001
2.21343994140625,1.7044000000000001
1.79534912109375,1.7045000000000001
1.64947509765625,1.7046000000000001
1.69708251953125,1.7047
1.9366455078125,1.7048
1.7919921875,1.7049
2.10845947265625,1.705
2.0953369140625,1.7051000000000003
1.644287109375,1.7052000000000003
1.744384765625,1.7053000000000003
1.66046142578125,1.7054000000000002
1.976318359375,1.7055000000000002
2.283935546875,1.7056000000000002
2.149658203125,1.7057000000000002
1.6717529296875,1.7058000000000002
1.9268798828125,1.7059000000000002
2.0733642578125,1.7060000000000002
1.9012451171875,1.7061000000000002
1.9256591796875,1.7062000000000002
2.0025634765625,1.7063000000000001
1.89605712890625,1.7064000000000001
1.63604736328125,1.7065000000000001
1.5167236328125,1.7066000000000001
2.06451416015625,1.7067
2.12860107421875,1.7068
1.9354248046875,1.7069
2.010498046875,1.707
1.78009033203125,1.7071000000000003
2.0770263671875,1.7072000000000003
2.0086669921875,1.7073000000000003
1.77764892578125,1.7074000000000003
1.9976806640625,1.7075000000000002
1.492919921875,1.7076000000000002
1.8731689453125,1.7077000000000002
1.573486328125,1.7078000000000002
1.95770263671875,1.7079000000000002
2.1002197265625,1.7080000000000002
1.58233642578125,1.7081000000000002
1.95343017578125,1.7082000000000002
1.57623291015625,1.7083000000000002
1.884765625,1.7084000000000001
2.06787109375,1.7085000000000001
1.7816162109375,1.7086000000000001
2.2021484375,1.7087
1.97479248046875,1.7088
1.63970947265625,1.7089
1.60552978515625,1.709
1.49658203125,1.7091000000000003
1.7706298828125,1.7092000000000003
2.12066650390625,1.7093000000000003
1.87591552734375,1.7094000000000003
1.49993896484375,1.7095000000000002
1.50604248046875,1.7096000000000002
1.669921875,1.7097000000000002
1.4434814453125,1.7098000000000002
1.8408203125,1.7099000000000002
1.5789794921875,1.7100000000000002
1.70440673828125,1.7101000000000002
1.72515869140625,1.7102000000000002
1.4886474609375,1.7103000000000002
1.85150146484375,1.7104000000000001
1.669921875,1.7105000000000001
1.815185546875,1.7106000000000001
1.67816162109375,1.7107
1.610107421875,1.7108
1.641845703125,1.7109
1.6802978515625,1.711
1.66961669921875,1.7111000000000003
1.31439208984375,1.7112000000000003
1.53717041015625,1.7113000000000003
1.6290283203125,1.7114000000000003
1.4111328125,1.7115000000000002
1.9073486328125,1.7116000000000002
1.51214599609375,1.7117000000000002
1.92626953125,1.7118000000000002
1.5069580078125,1.7119000000000002
1.2420654296875,1.7120000000000002
1.707763671875,1.7121000000000002
1.63421630859375,1.7122000000000002
1.5850830078125,1.7123000000000002
1.55303955078125,1.7124000000000001
1.5985107421875,1.7125000000000001
1.43035888671875,1.7126000000000001
1.4422607421875,1.7127000000000001
1.64947509765625,1.7128
1.71173095703125,1.7129
1.676025390625,1.713
1.70257568359375,1.7131000000000003
1.22650146484375,1.7132000000000003
1.53533935546875,1.7133000000000003
1.6436767578125,1.7134000000000003
1.57135009765625,1.7135000000000002
1.8402099609375,1.7136000000000002
1.89971923828125,1.7137000000000002
1.55853271484375,1.7138000000000002
1.40106201171875,1.7139000000000002
1.6259765625,1.7140000000000002
1.51947021484375,1.7141000000000002
1.99371337890625,1.7142000000000002
1.66473388671875,1.7143000000000002
1.678466796875,1.7144000000000001
1.57196044921875,1.7145000000000001
1.510009765625,1.7146000000000001
1.6217041015625,1.7147000000000001
1.71875,1.7148
1.8902587890625,1.7149
1.60400390625,1.715
1.74468994140625,1.7151
1.46942138671875,1.7152000000000003
1.72515869140625,1.7153000000000003
2.08221435546875,1.7154000000000003
1.6082763671875,1.7155000000000002
1.7437744140625,1.7156000000000002
1.6326904296875,1.7157000000000002
1.6851806640625,1.7158000000000002
1.67816162109375,1.7159000000000002
1.73980712890625,1.7160000000000002
1.94244384765625,1.7161000000000002
1.50238037109375,1.7162000000000002
1.85302734375,1.7163000000000002
1.353759765625,1.7164000000000001
1.81732177734375,1.7165000000000001
2.07611083984375,1.7166000000000001
1.57928466796875,1.7167000000000001
1.81915283203125,1.7168
1.2982177734375,1.7169
1.83197021484375,1.717
2.1124267578125,1.7171
1.87255859375,1.7172000000000003
2.066650390625,1.7173000000000003
1.724853515625,1.7174000000000003
1.875,1.7175000000000002
1.409912109375,1.7176000000000002
1.63299560546875,1.7177000000000002
1.9622802734375,1.7178000000000002
1.88568115234375,1.7179000000000002
1.868896484375,1.7180000000000002
1.2603759765625,1.7181000000000002
1.73431396484375,1.7182000000000002
1.99554443359375,1.7183000000000002
1.73370361328125,1.7184000000000001
2.16888427734375,1.7185000000000001
1.98150634765625,1.7186000000000001
1.89239501953125,1.7187000000000001
1.900634765625,1.7188
1.6796875,1.7189
2.24700927734375,1.719
1.9439697265625,1.7191
1.93817138671875,1.7192000000000003
1.5997314453125,1.7193000000000003
1.6357421875,1.7194000000000003
1.92626953125,1.7195000000000003
1.466064453125,1.7196000000000002
2.0928955078125,1.7197000000000002
1.8408203125,1.7198000000000002
1.66961669921875,1.7199000000000002
1.5252685546875,1.7200000000000002
1.68670654296875,1.7201000000000002
2.16583251953125,1.7202000000000002
2.01568603515625,1.7203000000000002
2.0013427734375,1.7204000000000002
1.69708251953125,1.7205000000000001
1.6943359375,1.7206000000000001
1.781005859375,1.7207000000000001
1.97174072265625,1.7208
2.0849609375,1.7209
1.49658203125,1.721
1.70379638671875,1.7211
1.683349609375,1.7212000000000003
1.51397705078125,1.7213000000000003
2.16766357421875,1.7214000000000003
2.34161376953125,1.7215000000000003
1.99493408203125,1.7216000000000002
1.94244384765625,1.7217000000000002
1.35009765625,1.7218000000000002
1.9451904296875,1.7219000000000002
1.90826416015625,1.7220000000000002
2.2332763671875,1.7221000000000002
2.20947265625,1.7222000000000002
1.61865234375,1.7223000000000002
1.65618896484375,1.7224000000000002
1.44683837890625,1.7225000000000001
1.82708740234375,1.7226000000000001
2.06146240234375,1.7227000000000001
2.02728271484375,1.7228
1.94305419921875,1.7229
1.280517578125,1.723
1.923828125,1.7231
2.18902587890625,1.7232000000000003
2.0880126953125,1.7233000000000003
2.00592041015625,1.7234000000000003
1.827392578125,1.7235000000000003
1.87408447265625,1.7236000000000002
1.8310546875,1.7237000000000002
2.09075927734375,1.7238000000000002
2.09869384765625,1.7239000000000002
1.9573974609375,1.7240000000000002
1.56585693359375,1.7241000000000002
1.48529052734375,1.7242000000000002
1.749267578125,1.7243000000000002
2.0660400390625,1.7244000000000002
2.12005615234375,1.7245000000000001
1.86798095703125,1.7246000000000001
1.65374755859375,1.7247000000000001
1.76025390625,1.7248
1.81549072265625,1.7249
2.110595703125,1.7250000000000003
2.34222412109375,1.7251000000000003
2.08953857421875,1.7252000000000003
1.8133544921875,1.7253000000000003
1.58966064453125,1.7254000000000003
2.0721435546875,1.7255000000000003
2.135009765625,1.7256000000000002
1.92626953125,1.7257000000000002
1.87957763671875,1.7258000000000002
1.51702880859375,1.7259000000000002
1.61468505859375,1.7260000000000002
1.58050537109375,1.7261000000000002
2.30316162109375,1.7262000000000002
2.0538330078125,1.7263000000000002
1.9439697265625,1.7264000000000002
1.98883056640625,1.7265000000000001
1.937255859375,1.7266000000000001
2.01568603515625,1.7267000000000001
1.93634033203125,1.7268000000000003
2.09564208984375,1.7269000000000003
1.84967041015625,1.7270000000000003
2.1319580078125,1.7271000000000003
1.9647216796875,1.7272000000000003
2.0855712890625,1.7273000000000003
2.25433349609375,1.7274000000000003
2.117919921875,1.7275000000000003
2.22564697265625,1.7276000000000002
1.71112060546875,1.7277000000000002
2.16217041015625,1.7278000000000002
2.12921142578125,1.7279000000000002
2.2625732421875,1.7280000000000002
2.30377197265625,1.7281000000000002
1.68426513671875,1.7282000000000002
2.0257568359375,1.7283000000000002
1.93206787109375,1.7284000000000002
2.0562744140625,1.7285000000000001
2.47283935546875,1.7286000000000001
1.904296875,1.7287000000000001
2.3040771484375,1.7288000000000003
1.883544921875,1.7289000000000003
1.70684814453125,1.7290000000000003
2.47833251953125,1.7291000000000003
2.08526611328125,1.7292000000000003
1.96746826171875,1.7293000000000003
2.06817626953125,1.7294000000000003
1.5203857421875,1.7295000000000003
1.85699462890625,1.7296000000000002
1.75079345703125,1.7297000000000002
2.56500244140625,1.7298000000000002
2.080078125,1.7299000000000002
2.0489501953125,1.7300000000000002
1.7852783203125,1.7301000000000002
1.998291015625,1.7302000000000002
2.3931884765625,1.7303000000000002
1.93511962890625,1.7304000000000002
2.3736572265625,1.7305000000000001
2.0147705078125,1.7306000000000001
2.12249755859375,1.7307000000000001
1.91070556640625,1.7308000000000003
1.82586669921875,1.7309000000000003
2.43988037109375,1.7310000000000003
1.776123046875,1.7311000000000003
2.12371826171875,1.7312000000000003
1.82952880859375,1.7313000000000003
2.0172119140625,1.7314000000000003
2.51556396484375,1.7315000000000003
2.257080078125,1.7316000000000003
2.18505859375,1.7317000000000002
1.64215087890625,1.7318000000000002
2.00592041015625,1.7319000000000002
1.88873291015625,1.7320000000000002
2.26165771484375,1.7321000000000002
2.6800537109375,1.7322000000000002
2.34100341796875,1.7323000000000002
2.12982177734375,1.7324000000000002
1.50787353515625,1.7325000000000002
1.832275390625,1.7326000000000001
2.46673583984375,1.7327000000000001
2.05535888671875,1.7328000000000003
1.94305419921875,1.7329000000000003
2.23175048828125,1.7330000000000003
2.1185302734375,1.7331000000000003
2.069091796875,1.7332000000000003
2.0440673828125,1.7333000000000003
2.5311279296875,1.7334000000000003
2.315673828125,1.7335000000000003
2.2479248046875,1.7336000000000003
2.1929931640625,1.7337000000000002
1.87469482421875,1.7338000000000002
2.45330810546875,1.7339000000000002
2.181396484375,1.7340000000000002
1.82373046875,1.7341000000000002
2.061767578125,1.7342000000000002
2.010498046875,1.7343000000000002
2.00958251953125,1.7344000000000002
2.19635009765625,1.7345000000000002
2.44598388671875,1.7346000000000001
2.2064208984375,1.7347000000000001
2.3333740234375,1.7348000000000003
2.05810546875,1.7349000000000003
2.40875244140625,1.7350000000000003
2.6324462890625,1.7351000000000003
2.59613037109375,1.7352000000000003
2.208251953125,1.7353000000000003
2.08831787109375,1.7354000000000003
2.054443359375,1.7355000000000003
1.91802978515625,1.7356000000000003
1.95770263671875,1.7357000000000002
2.1783447265625,1.7358000000000002
2.6226806640625,1.7359000000000002
2.513427734375,1.7360000000000002
1.7962646484375,1.7361000000000002
1.92108154296875,1.7362000000000002
2.86376953125,1.7363000000000002
2.4249267578125,1.7364000000000002
2.32635498046875,1.7365000000000002
2.7276611328125,1.7366000000000001
2.1820068359375,1.7367000000000001
2.28118896484375,1.7368000000000001
1.7034912109375,1.7369000000000003
1.776123046875,1.7370000000000003
2.60589599609375,1.7371000000000003
2.4285888671875,1.7372000000000003
2.200927734375,1.7373000000000003
2.12890625,1.7374000000000003
2.41668701171875,1.7375000000000003
2.19818115234375,1.7376000000000003
2.31689453125,1.7377000000000002
2.07244873046875,1.7378000000000002
2.5225830078125,1.7379000000000002
2.626953125,1.7380000000000002
2.200927734375,1.7381000000000002
2.2174072265625,1.7382000000000002
2.4627685546875,1.7383000000000002
2.48931884765625,1.7384000000000002
1.81915283203125,1.7385000000000002
2.2332763671875,1.7386000000000001
2.14569091796875,1.7387000000000001
2.35260009765625,1.7388000000000001
2.45391845703125,1.7389000000000003
2.09716796875,1.7390000000000003
2.491455078125,1.7391000000000003
2.5299072265625,1.7392000000000003
2.0855712890625,1.7393000000000003
1.8707275390625,1.7394000000000003
2.1026611328125,1.7395000000000003
2.35504150390625,1.7396000000000003
2.2711181640625,1.7397000000000002
2.1142578125,1.7398000000000002
1.87225341796875,1.7399000000000002
1.81182861328125,1.7400000000000002
1.86920166015625,1.7401000000000002
1.978759765625,1.7402000000000002
2.3687744140625,1.7403000000000002
2.1588134765625,1.7404000000000002
1.7913818359375,1.7405000000000002
2.3834228515625,1.7406000000000001
1.82373046875,1.7407000000000001
2.37762451171875,1.7408000000000001
2.1209716796875,1.7409000000000003
2.344970703125,1.7410000000000003
2.132568359375,1.7411000000000003
1.9097900390625,1.7412000000000003
2.08740234375,1.7413000000000003
2.12738037109375,1.7414000000000003
2.55279541015625,1.7415000000000003
1.953125,1.7416000000000003
2.11090087890625,1.7417000000000002
2.073974609375,1.7418000000000002
1.39373779296875,1.7419000000000002
2.288818359375,1.7420000000000002
1.7083740234375,1.7421000000000002
2.119140625,1.7422000000000002
2.34588623046875,1.7423000000000002
2.05963134765625,1.7424000000000002
2.1868896484375,1.7425000000000002
1.71417236328125,1.7426000000000001
2.41455078125,1.7427000000000001
2.18536376953125,1.7428000000000001
1.93450927734375,1.7429000000000003
1.90460205078125,1.7430000000000003
1.87469482421875,1.7431000000000003
2.4798583984375,1.7432000000000003
2.13531494140625,1.7433000000000003
1.91375732421875,1.7434000000000003
2.10418701171875,1.7435000000000003
1.8145751953125,1.7436000000000003
2.0977783203125,1.7437000000000002
2.21038818359375,1.7438000000000002
2.23663330078125,1.7439000000000002
2.1484375,1.7440000000000002
2.19635009765625,1.7441000000000002
1.91314697265625,1.7442000000000002
1.99981689453125,1.7443000000000002
2.37457275390625,1.7444000000000002
2.12158203125,1.7445000000000002
2.42584228515625,1.7446000000000002
2.3236083984375,1.7447000000000001
1.5472412109375,1.7448000000000001
2.203369140625,1.7449000000000003
2.13623046875,1.7450000000000003
2.5494384765625,1.7451000000000003
2.10205078125,1.7452000000000003
1.94976806640625,1.7453000000000003
2.06878662109375,1.7454000000000003
2.3773193359375,1.7455000000000003
2.36572265625,1.7456000000000003
2.08831787109375,1.7457000000000003
2.50732421875,1.7458000000000002
2.3101806640625,1.7459000000000002
1.96685791015625,1.7460000000000002
2.1563720703125,1.7461000000000002
1.67144775390625,1.7462000000000002
2.510986328125,1.7463000000000002
2.48870849609375,1.7464000000000002
2.02911376953125,1.7465000000000002
2.09869384765625,1.7466000000000002
2.48931884765625,1.7467000000000001
2.1063232421875,1.7468000000000001
2.02362060546875,1.7469000000000003
2.1014404296875,1.7470000000000003
2.3419189453125,1.7471000000000003
2.29827880859375,1.7472000000000003
2.10418701171875,1.7473000000000003
2.103271484375,1.7474000000000003
2.46612548828125,1.7475000000000003
2.63580322265625,1.7476000000000003
1.8634033203125,1.7477000000000003
1.85943603515625,1.7478000000000002
2.1343994140625,1.7479000000000002
2.4169921875,1.7480000000000002
2.501220703125,1.7481000000000002
2.07977294921875,1.7482000000000002
2.54791259765625,1.7483000000000002
2.12921142578125,1.7484000000000002
2.01873779296875,1.7485000000000002
1.767578125,1.7486000000000002
2.3822021484375,1.7487000000000001
2.239990234375,1.7488000000000001
2.1612548828125,1.7489000000000003
2.10235595703125,1.7490000000000003
1.66534423828125,1.7491000000000003
2.16827392578125,1.7492000000000003
1.86676025390625,1.7493000000000003
2.03338623046875,1.7494000000000003
2.34283447265625,1.7495000000000003
2.01629638671875,1.7496000000000003
2.10968017578125,1.7497000000000003
2.04620361328125,1.7498000000000002
1.982421875,1.7499000000000002
2.21527099609375,1.75
1.71966552734375,1.7501
1.77032470703125,1.7502
1.90765380859375,1.7503
2.04833984375,1.7504
1.8798828125,1.7505
1.802978515625,1.7506
2.14141845703125,1.7507
1.66412353515625,1.7508
1.66351318359375,1.7509
1.97418212890625,1.751
2.008056640625,1.7511
2.24090576171875,1.7512
1.66290283203125,1.7513
1.6815185546875,1.7514
1.9305419921875,1.7515
2.16644287109375,1.7516
1.9964599609375,1.7517
2.17041015625,1.7518
2.18597412109375,1.7519
1.67755126953125,1.752
1.80450439453125,1.7521
1.9189453125,1.7522
2.12371826171875,1.7523
2.2802734375,1.7524
1.99462890625,1.7525
1.86859130859375,1.7526
1.8206787109375,1.7527
1.95526123046875,1.7528
1.58447265625,1.7529
2.22808837890625,1.753
2.0013427734375,1.7531
1.881103515625,1.7532
2.03460693359375,1.7533
2.04132080078125,1.7534
2.294921875,1.7535
2.1319580078125,1.7536
1.78466796875,1.7537
2.04803466796875,1.7538
2.19512939453125,1.7539
2.10174560546875,1.754
2.291259765625,1.7541
2.261962890625,1.7542
1.63970947265625,1.7543
1.915283203125,1.7544
1.7022705078125,1.7545
1.781005859375,1.7546
2.55645751953125,1.7547
2.1026611328125,1.7548
2.015380859375,1.7549
2.08038330078125,1.755
2.115478515625,1.7551
2.15576171875,1.7552
2.07611083984375,1.7553
2.369384765625,1.7554
2.40234375,1.7555
2.16094970703125,1.7556
1.7486572265625,1.7557
2.01812744140625,1.7558
2.59368896484375,1.7559
1.744384765625,1.756
2.1734619140625,1.7561
1.82586669921875,1.7562
2.1478271484375,1.7563
2.6416015625,1.7564
1.8035888671875,1.7565
2.4627685546875,1.7566
2.3175048828125,1.7567
2.29461669921875,1.7568
1.9952392578125,1.7569
2.0947265625,1.757
2.22747802734375,1.7571
1.966552734375,1.7572
1.91925048828125,1.7573
1.52130126953125,1.7574
2.294921875,1.7575
2.24334716796875,1.7576
1.81396484375,1.7577
2.18231201171875,1.7578
2.21527099609375,1.7579
2.17498779296875,1.758
2.203369140625,1.7581
2.2052001953125,1.7582
2.37701416015625,1.7583
1.94000244140625,1.7584
2.16522216796875,1.7585
1.58050537109375,1.7586
1.94488525390625,1.7587
1.84478759765625,1.7588
1.839599609375,1.7589
2.20062255859375,1.759
2.1063232421875,1.7591
1.97479248046875,1.7592
1.885986328125,1.7593
1.90826416015625,1.7594
2.376708984375,1.7595
1.67205810546875,1.7596
1.73004150390625,1.7597
1.73065185546875,1.7598
2.04315185546875,1.7599
1.86798095703125,1.76
1.47796630859375,1.7601
1.7669677734375,1.7602
1.6143798828125,1.7603
1.5380859375,1.7604
1.7547607421875,1.7605
1.34674072265625,1.7606
2.10784912109375,1.7607
1.900634765625,1.7608
1.44683837890625,1.7609
1.44989013671875,1.761
1.63787841796875,1.7611
1.5985107421875,1.7612
1.59912109375,1.7613
1.56707763671875,1.7614
1.61956787109375,1.7615
1.59027099609375,1.7616
1.41387939453125,1.7617
1.49169921875,1.7618
1.69921875,1.7619
1.49810791015625,1.762
1.02935791015625,1.7621
1.24664306640625,1.7622
1.38671875,1.7623
1.41021728515625,1.7624
1.539306640625,1.7625
1.24755859375,1.7626
1.51153564453125,1.7627
1.49749755859375,1.7628
1.46697998046875,1.7629
1.81976318359375,1.763
1.66168212890625,1.7631000000000001
1.2554931640625,1.7632
1.24603271484375,1.7633
1.44744873046875,1.7634
1.14227294921875,1.7635
1.591796875,1.7636
1.0113525390625,1.7637
1.39068603515625,1.7638
1.63360595703125,1.7639
1.383056640625,1.764
1.52801513671875,1.7641
1.91314697265625,1.7642
1.56280517578125,1.7643
1.19049072265625,1.7644
1.05255126953125,1.7645
1.4361572265625,1.7646
1.47796630859375,1.7647
1.3018798828125,1.7648
1.3934326171875,1.7649
1.36810302734375,1.765
1.33087158203125,1.7651
1.22833251953125,1.7652
1.27777099609375,1.7653
1.8109130859375,1.7654
1.75018310546875,1.7655
1.318359375,1.7656
1.3671875,1.7657
1.695556640625,1.7658
1.73126220703125,1.7659
1.36566162109375,1.766
1.4166259765625,1.7661
1.387939453125,1.7662
1.46026611328125,1.7663
1.3525390625,1.7664
1.27777099609375,1.7665
1.78741455078125,1.7666
1.45416259765625,1.7667
1.3616943359375,1.7668
1.47125244140625,1.7669
1.331787109375,1.767
1.70318603515625,1.7671
1.51397705078125,1.7672
1.32232666015625,1.7673
1.771240234375,1.7674
1.446533203125,1.7675
1.40625,1.7676
1.458740234375,1.7677
1.634521484375,1.7678
1.456298828125,1.7679
1.21063232421875,1.768
1.40289306640625,1.7681
1.4276123046875,1.7682
1.65008544921875,1.7683
1.4739990234375,1.7684
1.47735595703125,1.7685
1.6387939453125,1.7686
1.36138916015625,1.7687
1.41632080078125,1.7688
1.0150146484375,1.7689
1.9403076171875,1.769
1.546630859375,1.7691
1.20635986328125,1.7692
1.31072998046875,1.7693
1.0125732421875,1.7694
1.6778564453125,1.7695
1.24725341796875,1.7696
1.17645263671875,1.7697
1.563720703125,1.7698
1.248779296875,1.7699
1.22039794921875,1.77
1.11846923828125,1.7701
1.475830078125,1.7702
1.654052734375,1.7703
1.09710693359375,1.7704
1.2158203125,1.7705
1.2286376953125,1.7706
1.79656982421875,1.7707
1.87957763671875,1.7708
1.13739013671875,1.7709
1.62750244140625,1.771
1.11358642578125,1.7711
1.26068115234375,1.7712
1.32568359375,1.7713
1.611328125,1.7714
1.8017578125,1.7715
1.26129150390625,1.7716
1.4410400390625,1.7717
1.16943359375,1.7718
1.9110107421875,1.7719
1.881103515625,1.772
1.510009765625,1.7721
1.67266845703125,1.7722
1.87957763671875,1.7723
1.83685302734375,1.7724
1.69921875,1.7725
2.06268310546875,1.7726
2.0916748046875,1.7727
1.715087890625,1.7728
1.7230224609375,1.7729
1.82037353515625,1.773
2.10968017578125,1.7731
1.966552734375,1.7732
2.012939453125,1.7733
1.84661865234375,1.7734
2.12982177734375,1.7735
1.86309814453125,1.7736
1.92047119140625,1.7737
2.0916748046875,1.7738
2.36175537109375,1.7739
2.056884765625,1.774
2.03033447265625,1.7741
2.2589111328125,1.7742
2.49359130859375,1.7743
2.3028564453125,1.7744
1.95556640625,1.7745
2.3431396484375,1.7746
2.38433837890625,1.7747
2.19940185546875,1.7748
2.39990234375,1.7749
2.3516845703125,1.7750000000000001
2.70050048828125,1.7751000000000001
2.557373046875,1.7752000000000001
2.0672607421875,1.7753
2.205810546875,1.7754
2.41119384765625,1.7755
2.60223388671875,1.7756
2.69012451171875,1.7757
2.56622314453125,1.7758
2.608642578125,1.7759
2.37457275390625,1.776
2.24090576171875,1.7761
2.52227783203125,1.7762
2.47314453125,1.7763
2.81982421875,1.7764
2.2393798828125,1.7765
1.9342041015625,1.7766
2.6153564453125,1.7767
2.28057861328125,1.7768000000000002
2.56988525390625,1.7769000000000001
2.462158203125,1.7770000000000001
2.62298583984375,1.7771000000000001
2.50823974609375,1.7772000000000001
2.7886962890625,1.7773
2.62237548828125,1.7774
2.8680419921875,1.7775
2.61871337890625,1.7776
2.335205078125,1.7777
2.188720703125,1.7778
2.29339599609375,1.7779
2.2564697265625,1.778
1.99005126953125,1.7781
2.59521484375,1.7782
2.3345947265625,1.7783
2.4884033203125,1.7784
2.33489990234375,1.7785
2.5482177734375,1.7786
2.50335693359375,1.7787
2.07794189453125,1.7788000000000002
1.9873046875,1.7789000000000001
2.154541015625,1.7790000000000001
2.584228515625,1.7791000000000001
2.2735595703125,1.7792000000000001
2.17437744140625,1.7793
1.95159912109375,1.7794
1.783447265625,1.7795
2.26409912109375,1.7796
1.778564453125,1.7797
1.99249267578125,1.7798
2.28485107421875,1.7799
1.9549560546875,1.78
2.037353515625,1.7801
2.00592041015625,1.7802
2.26806640625,1.7803
1.9354248046875,1.7804
1.82373046875,1.7805
1.97296142578125,1.7806
2.0843505859375,1.7807
2.3394775390625,1.7808000000000002
1.68121337890625,1.7809000000000001
1.9775390625,1.7810000000000001
1.876220703125,1.7811000000000001
1.5692138671875,1.7812000000000001
2.0379638671875,1.7813
1.88568115234375,1.7814
1.9476318359375,1.7815
1.9488525390625,1.7816
1.4935302734375,1.7817
2.29248046875,1.7818
2.01751708984375,1.7819
2.41363525390625,1.782
1.95404052734375,1.7821
1.80450439453125,1.7822
2.27294921875,1.7823
1.97357177734375,1.7824
2.623291015625,1.7825
2.20733642578125,1.7826
2.064208984375,1.7827
2.1044921875,1.7828000000000002
1.7889404296875,1.7829000000000002
2.4835205078125,1.7830000000000001
2.18109130859375,1.7831000000000001
2.313232421875,1.7832000000000001
2.0068359375,1.7833
2.459716796875,1.7834
2.63275146484375,1.7835
2.46612548828125,1.7836
2.60711669921875,1.7837
2.0703125,1.7838
2.6385498046875,1.7839
2.24609375,1.784
2.41729736328125,1.7841
2.9510498046875,1.7842
2.637939453125,1.7843
2.39898681640625,1.7844
2.0037841796875,1.7845
2.255859375,1.7846
2.71942138671875,1.7847
3.06488037109375,1.7848000000000002
2.51708984375,1.7849000000000002
2.606201171875,1.7850000000000001
3.013916015625,1.7851000000000001
2.84881591796875,1.7852000000000001
2.49298095703125,1.7853
2.89093017578125,1.7854
2.68402099609375,1.7855
2.87994384765625,1.7856
2.6141357421875,1.7857
2.9205322265625,1.7858
2.9931640625,1.7859
2.6141357421875,1.786
2.60284423828125,1.7861
2.734375,1.7862
2.99713134765625,1.7863
3.101806640625,1.7864
2.49969482421875,1.7865
2.49359130859375,1.7866
2.69378662109375,1.7867
2.80670166015625,1.7868
2.87353515625,1.7869000000000002
2.71240234375,1.7870000000000001
2.7691650390625,1.7871000000000001
2.67730712890625,1.7872000000000001
2.41485595703125,1.7873
2.6898193359375,1.7874
2.989501953125,1.7875
2.626953125,1.7876
2.28607177734375,1.7877
1.87469482421875,1.7878
2.37213134765625,1.7879
2.4847412109375,1.788
2.0184326171875,1.7881
2.17071533203125,1.7882
1.9940185546875,1.7883
2.2515869140625,1.7884
2.017822265625,1.7885
1.744384765625,1.7886
2.45086669921875,1.7887
1.71295166015625,1.7888
1.67388916015625,1.7889000000000002
1.5899658203125,1.7890000000000001
2.08526611328125,1.7891000000000001
2.12646484375,1.7892000000000001
1.57745361328125,1.7893000000000001
1.70928955078125,1.7894
1.17156982421875,1.7895
1.552734375,1.7896
1.3232421875,1.7897
1.29608154296875,1.7898
0.98297119140625,1.7899
0.88226318359375,1.79
1.26312255859375,1.7901
1.11328125,1.7902
1.23565673828125,1.7903
1.57623291015625,1.7904
1.4013671875,1.7905
0.93414306640625,1.7906
0.8428955078125,1.7907
1.297607421875,1.7908
1.026611328125,1.7909000000000002
0.79681396484375,1.7910000000000001
1.094970703125,1.7911000000000001
0.6402587890625,1.7912000000000001
0.75469970703125,1.7913000000000001
0.73577880859375,1.7914
0.88958740234375,1.7915
1.17950439453125,1.7916
0.9197998046875,1.7917
0.85113525390625,1.7918
0.9613037109375,1.7919
1.42791748046875,1.792
0.91644287109375,1.7921
0.77972412109375,1.7922
0.86944580078125,1.7923
0.594482421875,1.7924
1.26953125,1.7925
1.10504150390625,1.7926
1.02813720703125,1.7927
0.7781982421875,1.7928
0.49102783203125,1.7929000000000002
1.00494384765625,1.7930000000000001
1.0400390625,1.7931000000000001
1.00616455078125,1.7932000000000001
1.06536865234375,1.7933000000000001
1.05987548828125,1.7934
1.1456298828125,1.7935
0.89111328125,1.7936
1.1175537109375,1.7937
1.4239501953125,1.7938
1.13555908203125,1.7939
1.23077392578125,1.794
0.95977783203125,1.7941
1.45111083984375,1.7942
1.2615966796875,1.7943
1.13525390625,1.7944
1.0894775390625,1.7945
1.1572265625,1.7946
0.9954833984375,1.7947
1.4837646484375,1.7948
1.4056396484375,1.7949000000000002
1.795654296875,1.7950000000000002
1.29119873046875,1.7951000000000001
1.572265625,1.7952000000000001
1.39678955078125,1.7953000000000001
1.6412353515625,1.7954
1.92901611328125,1.7955
1.73004150390625,1.7956
1.6351318359375,1.7957
1.26190185546875,1.7958
1.67144775390625,1.7959
1.79107666015625,1.796
1.7767333984375,1.7961
1.8975830078125,1.7962
1.67144775390625,1.7963
1.36260986328125,1.7964
1.48651123046875,1.7965
2.1966552734375,1.7966
2.236328125,1.7967
1.9415283203125,1.7968
1.94549560546875,1.7969000000000002
1.49810791015625,1.7970000000000002
2.10418701171875,1.7971000000000001
1.90704345703125,1.7972000000000001
1.7144775390625,1.7973000000000001
2.2723388671875,1.7974
2.05841064453125,1.7975
1.64337158203125,1.7976
2.12188720703125,1.7977
1.68792724609375,1.7978
2.36846923828125,1.7979
2.1044921875,1.798
1.8780517578125,1.7981
1.70074462890625,1.7982
2.0623779296875,1.7983
2.34893798828125,1.7984
1.7864990234375,1.7985
1.9189453125,1.7986
1.66778564453125,1.7987
1.93450927734375,1.7988
1.75750732421875,1.7989000000000002
1.556396484375,1.7990000000000002
2.236328125,1.7991000000000001
1.78955078125,1.7992000000000001
1.70562744140625,1.7993000000000001
1.3995361328125,1.7994
1.888427734375,1.7995
1.962890625,1.7996
1.4697265625,1.7997
1.712646484375,1.7998
1.6778564453125,1.7999
1.365966796875,1.8
1.1651611328125,1.8001
1.70562744140625,1.8002
1.7510986328125,1.8003
1.689453125,1.8004
1.1846923828125,1.8005
1.02081298828125,1.8006
1.385498046875,1.8007
1.02783203125,1.8008
1.51763916015625,1.8009
1.474609375,1.801
0.99456787109375,1.8011000000000001
1.08154296875,1.8012000000000001
0.92926025390625,1.8013000000000001
0.789794921875,1.8014000000000001
1.09283447265625,1.8015
1.29058837890625,1.8016
0.81268310546875,1.8017
0.93048095703125,1.8018
0.8489990234375,1.8019
1.1083984375,1.802
0.9234619140625,1.8021
0.9222412109375,1.8022
0.758056640625,1.8023
0.84686279296875,1.8024
0.601806640625,1.8025
0.8477783203125,1.8026
0.7733154296875,1.8027
0.789794921875,1.8028
0.4815673828125,1.8029
0.42999267578125,1.803
0.77728271484375,1.8031000000000001
0.716552734375,1.8032000000000001
0.78765869140625,1.8033000000000001
0.4168701171875,1.8034000000000001
0.59967041015625,1.8035
0.64178466796875,1.8036
0.4180908203125,1.8037
0.69488525390625,1.8038
0.4278564453125,1.8039
0.78094482421875,1.804
0.41290283203125,1.8041
0.42938232421875,1.8042
0.44525146484375,1.8043
0.408935546875,1.8044
0.41961669921875,1.8045
0.43212890625,1.8046
0.4052734375,1.8047
0.41778564453125,1.8048
0.42205810546875,1.8049
0.41473388671875,1.805
0.41778564453125,1.8051000000000001
0.703125,1.8052000000000001
0.4364013671875,1.8053000000000001
0.4351806640625,1.8054000000000001
0.4296875,1.8055
0.41839599609375,1.8056
0.4266357421875,1.8057
0.41473388671875,1.8058
0.3961181640625,1.8059
0.396728515625,1.806
0.40130615234375,1.8061
0.406494140625,1.8062
0.4095458984375,1.8063
0.43212890625,1.8064
0.43609619140625,1.8065
0.4071044921875,1.8066
0.4193115234375,1.8067
0.4229736328125,1.8068
0.4107666015625,1.8069
0.419921875,1.807
0.41961669921875,1.8071000000000002
0.41748046875,1.8072000000000001
0.42877197265625,1.8073000000000001
0.42633056640625,1.8074000000000001
0.43426513671875,1.8075
0.4296875,1.8076
0.426025390625,1.8077
0.4254150390625,1.8078
0.4119873046875,1.8079
0.41748046875,1.808
0.738525390625,1.8081
0.6842041015625,1.8082
0.5322265625,1.8083
0.83404541015625,1.8084
0.41748046875,1.8085
0.5633544921875,1.8086
0.7763671875,1.8087
0.4351806640625,1.8088
0.7763671875,1.8089
0.6109619140625,1.809
0.413818359375,1.8091000000000002
0.85418701171875,1.8092000000000001
0.76568603515625,1.8093000000000001
0.93994140625,1.8094000000000001
0.64727783203125,1.8095
1.0418701171875,1.8096
0.84320068359375,1.8097
0.5975341796875,1.8098
0.91033935546875,1.8099
0.5810546875,1.81
1.044921875,1.8101
0.52093505859375,1.8102
0.5059814453125,1.8103
0.48858642578125,1.8104
0.70220947265625,1.8105
0.853271484375,1.8106
0.64056396484375,1.8107
0.72052001953125,1.8108
0.7220458984375,1.8109
0.84716796875,1.811
0.98358154296875,1.8111000000000002
0.9210205078125,1.8112000000000001
1.2445068359375,1.8113000000000001
0.57891845703125,1.8114000000000001
0.60638427734375,1.8115
0.6121826171875,1.8116
0.51544189453125,1.8117
1.0833740234375,1.8118
0.97442626953125,1.8119
0.667724609375,1.812
0.6878662109375,1.8121
0.44586181640625,1.8122
0.60089111328125,1.8123
0.6268310546875,1.8124
0.94268798828125,1.8125
0.65521240234375,1.8126
0.39520263671875,1.8127
0.45196533203125,1.8128
0.4302978515625,1.8129
0.64666748046875,1.813
0.42572021484375,1.8131
0.4150390625,1.8132000000000001
0.4425048828125,1.8133000000000001
0.433349609375,1.8134000000000001
0.44342041015625,1.8135000000000001
0.4443359375,1.8136
0.38177490234375,1.8137
0.2227783203125,1.8138
0.09246826171875,1.8139
-0.0054931640625,1.814
0.0408935546875,1.8141
0.1971435546875,1.8142
-0.1641845703125,1.8143
0.1458740234375,1.8144
-0.10406494140625,1.8145
0.05859375,1.8146
-0.05615234375,1.8147
-0.1483154296875,1.8148
-0.2398681640625,1.8149
-0.24078369140625,1.815
-0.39398193359375,1.8151
-0.45135498046875,1.8152000000000001
-0.21636962890625,1.8153000000000001
-0.42510986328125,1.8154000000000001
-0.411376953125,1.8155000000000001
-0.443115234375,1.8156
-0.43304443359375,1.8157
-0.3704833984375,1.8158
-0.4803466796875,1.8159
-0.47149658203125,1.816
-0.74462890625,1.8161
-0.46356201171875,1.8162
-0.50994873046875,1.8163
-0.540771484375,1.8164
-0.71868896484375,1.8165
-0.86517333984375,1.8166
-0.5859375,1.8167
-0.8258056640625,1.8168
-0.58746337890625,1.8169
-0.499267578125,1.817
-0.88470458984375,1.8171
-0.68115234375,1.8172000000000001
-0.89935302734375,1.8173000000000001
-1.09588623046875,1.8174000000000001
-0.72540283203125,1.8175000000000001
-0.98602294921875,1.8176
-0.7098388671875,1.8177
-0.91461181640625,1.8178
-1.10870361328125,1.8179
-0.8880615234375,1.818
-1.07666015625,1.8181
-0.596923828125,1.8182
-0.77301025390625,1.8183
-0.70770263671875,1.8184
-1.0101318359375,1.8185
-1.22344970703125,1.8186
-0.9136962890625,1.8187
-0.96435546875,1.8188
-0.88470458984375,1.8189
-0.89508056640625,1.819
-0.9613037109375,1.8191
-1.1614990234375,1.8192000000000002
-1.14837646484375,1.8193000000000001
-0.9063720703125,1.8194000000000001
-0.89508056640625,1.8195000000000001
-0.88714599609375,1.8196
-0.98236083984375,1.8197
-1.192626953125,1.8198
-0.899658203125,1.8199
-1.05804443359375,1.82
-1.0577392578125,1.8201
-1.3055419921875,1.8202
-1.18255615234375,1.8203
-1.0467529296875,1.8204
-1.2396240234375,1.8205
-0.74951171875,1.8206
-0.83251953125,1.8207
-1.00372314453125,1.8208
-1.119384765625,1.8209
-1.53472900390625,1.821
-0.95123291015625,1.8211
-0.7489013671875,1.8212000000000002
-0.8551025390625,1.8213000000000001
-0.76080322265625,1.8214000000000001
-1.43157958984375,1.8215000000000001
-1.18377685546875,1.8216
-1.0980224609375,1.8217
-1.0919189453125,1.8218
-0.68359375,1.8219
-0.810546875,1.822
-0.7342529296875,1.8221
-1.05804443359375,1.8222
-0.8056640625,1.8223
-0.61279296875,1.8224
-0.6573486328125,1.8225
-0.50872802734375,1.8226
-0.75225830078125,1.8227
-0.5108642578125,1.8228
-0.74432373046875,1.8229
-0.44708251953125,1.823
-0.50018310546875,1.8231
-0.611572265625,1.8232000000000002
-0.574951171875,1.8233000000000001
-0.4473876953125,1.8234000000000001
-0.6463623046875,1.8235000000000001
-0.3851318359375,1.8236
-0.1434326171875,1.8237
-0.125732421875,1.8238
-0.43487548828125,1.8239
-0.2911376953125,1.824
-0.535888671875,1.8241
-0.23101806640625,1.8242
-0.0787353515625,1.8243
-0.31707763671875,1.8244
-0.0018310546875,1.8245
-0.399169921875,1.8246
-0.2825927734375,1.8247
-0.22796630859375,1.8248
-0.15777587890625,1.8249
0.02044677734375,1.8250000000000002
0.03082275390625,1.8251000000000002
0.14190673828125,1.8252000000000002
0.05706787109375,1.8253000000000001
0.38909912109375,1.8254000000000001
0.008544921875,1.8255000000000001
0.355224609375,1.8256000000000001
0.36834716796875,1.8257
0.3057861328125,1.8258
0.35919189453125,1.8259
0.41351318359375,1.826
0.40771484375,1.8261
0.418701171875,1.8262
0.4156494140625,1.8263
0.4193115234375,1.8264
0.4296875,1.8265
0.52703857421875,1.8266
0.43365478515625,1.8267
0.54229736328125,1.8268000000000002
0.5548095703125,1.8269000000000002
0.6158447265625,1.8270000000000002
1.0736083984375,1.8271000000000002
0.7305908203125,1.8272000000000002
0.75775146484375,1.8273000000000001
0.86578369140625,1.8274000000000001
0.76416015625,1.8275000000000001
0.53314208984375,1.8276000000000001
0.82275390625,1.8277
0.882568359375,1.8278
0.71868896484375,1.8279
0.675048828125,1.828
0.74493408203125,1.8281
0.60821533203125,1.8282
1.27593994140625,1.8283
1.0626220703125,1.8284
1.2884521484375,1.8285
1.123046875,1.8286
0.94482421875,1.8287
1.1474609375,1.8288000000000002
1.2408447265625,1.8289000000000002
1.04034423828125,1.8290000000000002
0.93994140625,1.8291000000000002
1.02264404296875,1.8292000000000002
0.5914306640625,1.8293000000000001
0.87738037109375,1.8294000000000001
1.318359375,1.8295000000000001
0.66741943359375,1.8296000000000001
1.46240234375,1.8297
0.97564697265625,1.8298
1.0205078125,1.8299
1.21734619140625,1.83
0.89080810546875,1.8301
1.29547119140625,1.8302
0.921630859375,1.8303
0.90423583984375,1.8304
0.6146240234375,1.8305
0.8880615234375,1.8306
1.28082275390625,1.8307
1.199951171875,1.8308000000000002
1.0595703125,1.8309000000000002
0.43487548828125,1.8310000000000002
0.60516357421875,1.8311000000000002
0.89324951171875,1.8312000000000002
0.80230712890625,1.8313000000000001
1.11358642578125,1.8314000000000001
0.8148193359375,1.8315000000000001
0.4718017578125,1.8316000000000001
0.53466796875,1.8317
0.45196533203125,1.8318
0.7379150390625,1.8319
0.79925537109375,1.832
0.853271484375,1.8321
0.4229736328125,1.8322
0.443115234375,1.8323
0.42694091796875,1.8324
0.42572021484375,1.8325
0.41656494140625,1.8326
0.4254150390625,1.8327
0.43212890625,1.8328000000000002
0.35064697265625,1.8329000000000002
0.19439697265625,1.8330000000000002
0.36651611328125,1.8331000000000002
0.27984619140625,1.8332000000000002
0.3179931640625,1.8333000000000002
0.04638671875,1.8334000000000001
0.155029296875,1.8335000000000001
0.093994140625,1.8336000000000001
-0.1678466796875,1.8337
0.030517578125,1.8338
0.1177978515625,1.8339
-0.201416015625,1.834
-0.05889892578125,1.8341
-0.50933837890625,1.8342
-0.17547607421875,1.8343
-0.1153564453125,1.8344
-0.404052734375,1.8345
-0.2447509765625,1.8346
-0.469970703125,1.8347
-0.16632080078125,1.8348000000000002
-0.4656982421875,1.8349000000000002
-0.46783447265625,1.8350000000000002
-0.43975830078125,1.8351000000000002
-0.28961181640625,1.8352000000000002
-0.48095703125,1.8353000000000002
-0.6854248046875,1.8354000000000001
-0.460205078125,1.8355000000000001
-0.49652099609375,1.8356000000000001
-0.673828125,1.8357
-0.43243408203125,1.8358
-0.5975341796875,1.8359
-0.20965576171875,1.836
-0.51605224609375,1.8361
-0.76904296875,1.8362
-0.7049560546875,1.8363
-0.43701171875,1.8364
-0.5072021484375,1.8365
-0.4339599609375,1.8366
-0.4705810546875,1.8367
-0.67657470703125,1.8368000000000002
-0.5572509765625,1.8369000000000002
-0.4241943359375,1.8370000000000002
-0.65460205078125,1.8371000000000002
-0.0146484375,1.8372000000000002
-0.29632568359375,1.8373000000000002
-0.4638671875,1.8374000000000001
-0.4632568359375,1.8375000000000001
-0.73272705078125,1.8376000000000001
-0.45440673828125,1.8377000000000001
-0.42877197265625,1.8378
-0.379638671875,1.8379
-0.4083251953125,1.838
-0.44281005859375,1.8381
-0.48248291015625,1.8382
-0.44036865234375,1.8383
-0.11444091796875,1.8384
-0.111083984375,1.8385
-0.18951416015625,1.8386
-0.223388671875,1.8387
-0.3277587890625,1.8388
-0.18890380859375,1.8389000000000002
-0.27252197265625,1.8390000000000002
-0.03570556640625,1.8391000000000002
-0.302734375,1.8392000000000002
-0.2691650390625,1.8393000000000002
-0.45013427734375,1.8394000000000001
-0.25115966796875,1.8395000000000001
0.023193359375,1.8396000000000001
-0.191650390625,1.8397000000000001
0.01434326171875,1.8398
-0.10284423828125,1.8399
-0.166015625,1.84
-0.1239013671875,1.8401
0.0543212890625,1.8402
0.072021484375,1.8403
0.0946044921875,1.8404
-0.05462646484375,1.8405
-0.39703369140625,1.8406
-0.1348876953125,1.8407
0.00762939453125,1.8408
0.1593017578125,1.8409000000000002
0.14007568359375,1.8410000000000002
-0.19744873046875,1.8411000000000002
-0.14190673828125,1.8412000000000002
-0.06011962890625,1.8413000000000002
-0.20599365234375,1.8414000000000001
0.3656005859375,1.8415000000000001
0.31524658203125,1.8416000000000001
0.084228515625,1.8417000000000001
-0.02960205078125,1.8418
-0.02532958984375,1.8419
-0.32989501953125,1.842
-0.0048828125,1.8421
0.05859375,1.8422
-0.21881103515625,1.8423
-0.0067138671875,1.8424
-0.06988525390625,1.8425
0.03265380859375,1.8426
0.2740478515625,1.8427
-0.11627197265625,1.8428
0.1763916015625,1.8429000000000002
-0.29327392578125,1.8430000000000002
-0.0897216796875,1.8431000000000002
-0.0335693359375,1.8432000000000002
0.03997802734375,1.8433000000000002
-0.17974853515625,1.8434000000000001
-0.0970458984375,1.8435000000000001
-0.26397705078125,1.8436000000000001
-0.4119873046875,1.8437000000000001
-0.3448486328125,1.8438
0.028076171875,1.8439
-0.23834228515625,1.844
-0.15380859375,1.8441
0.01678466796875,1.8442
-0.45257568359375,1.8443
-0.11566162109375,1.8444
-0.41046142578125,1.8445
-0.1348876953125,1.8446
-0.106201171875,1.8447
-0.32257080078125,1.8448
-0.20965576171875,1.8449000000000002
-0.601806640625,1.8450000000000002
-0.37384033203125,1.8451000000000002
-0.5462646484375,1.8452000000000002
-0.27801513671875,1.8453000000000002
-0.29327392578125,1.8454000000000002
-0.46966552734375,1.8455000000000001
-0.26092529296875,1.8456000000000001
-0.5999755859375,1.8457000000000001
-0.42572021484375,1.8458
-0.31219482421875,1.8459
-0.4376220703125,1.846
-0.491943359375,1.8461
-0.4803466796875,1.8462
-0.39154052734375,1.8463
-0.4327392578125,1.8464
-0.4095458984375,1.8465
-0.5218505859375,1.8466
-0.77484130859375,1.8467
-0.30120849609375,1.8468
-0.904541015625,1.8469000000000002
-0.68939208984375,1.8470000000000002
-0.433349609375,1.8471000000000002
-0.85784912109375,1.8472000000000002
-0.32867431640625,1.8473000000000002
-0.56060791015625,1.8474000000000002
-0.32867431640625,1.8475000000000001
-0.51055908203125,1.8476000000000001
-0.94024658203125,1.8477000000000001
-0.4559326171875,1.8478
-0.75164794921875,1.8479
-0.47607421875,1.848
-0.94940185546875,1.8481
-0.87493896484375,1.8482
-0.71502685546875,1.8483
-1.28662109375,1.8484
-0.755615234375,1.8485
-1.10382080078125,1.8486
-0.9454345703125,1.8487
-1.0589599609375,1.8488
-1.5594482421875,1.8489000000000002
-0.98663330078125,1.8490000000000002
-1.259765625,1.8491000000000002
-0.94146728515625,1.8492000000000002
-1.3616943359375,1.8493000000000002
-1.52801513671875,1.8494000000000002
-1.48651123046875,1.8495000000000001
-1.436767578125,1.8496000000000001
-1.71630859375,1.8497000000000001
-1.72149658203125,1.8498
-1.5679931640625,1.8499
-1.63665771484375,1.85
-1.7816162109375,1.8501
-2.0086669921875,1.8502
-1.9256591796875,1.8503
-1.60430908203125,1.8504
-1.8994140625,1.8505
-2.2314453125,1.8506
-1.93389892578125,1.8507
-2.24395751953125,1.8508
-1.99462890625,1.8509
-2.056884765625,1.851
-2.28912353515625,1.8511000000000002
-1.9903564453125,1.8512000000000002
-2.16644287109375,1.8513000000000002
-2.470703125,1.8514000000000002
-2.24456787109375,1.8515000000000001
-2.20947265625,1.8516000000000001
-2.13836669921875,1.8517000000000001
-2.00897216796875,1.8518000000000001
-2.30926513671875,1.8519
-2.3443603515625,1.852
-2.28271484375,1.8521
-2.27203369140625,1.8522
-2.30865478515625,1.8523
-2.10357666015625,1.8524
-2.0526123046875,1.8525
-2.2186279296875,1.8526
-2.1759033203125,1.8527
-2.21221923828125,1.8528
-1.961669921875,1.8529
-1.99615478515625,1.853
-1.998291015625,1.8531000000000002
-1.92169189453125,1.8532000000000002
-1.9879150390625,1.8533000000000002
-1.79718017578125,1.8534000000000002
-1.85699462890625,1.8535000000000001
-1.561279296875,1.8536000000000001
-1.72271728515625,1.8537000000000001
-1.64337158203125,1.8538000000000001
-1.65435791015625,1.8539
-1.40625,1.854
-1.20086669921875,1.8541
-1.251220703125,1.8542
-1.17919921875,1.8543
-1.295166015625,1.8544
-1.5472412109375,1.8545
-1.28021240234375,1.8546
-1.18194580078125,1.8547
-0.853271484375,1.8548
-1.0748291015625,1.8549
-0.7794189453125,1.855
-1.063232421875,1.8551000000000002
-0.95001220703125,1.8552000000000002
-0.6732177734375,1.8553000000000002
-0.67596435546875,1.8554000000000002
-0.60882568359375,1.8555000000000001
-0.6304931640625,1.8556000000000001
-0.9271240234375,1.8557000000000001
-0.7611083984375,1.8558000000000001
-0.7550048828125,1.8559
-0.516357421875,1.856
-0.42449951171875,1.8561
-0.45928955078125,1.8562
-0.51055908203125,1.8563
-0.59967041015625,1.8564
-0.58807373046875,1.8565
-0.45318603515625,1.8566
-0.48919677734375,1.8567
-0.91552734375,1.8568
-0.631103515625,1.8569
-0.8551025390625,1.857
-0.606689453125,1.8571000000000002
-1.05743408203125,1.8572000000000002
-1.03363037109375,1.8573000000000002
-0.538330078125,1.8574000000000002
-0.93841552734375,1.8575000000000002
-0.72723388671875,1.8576000000000001
-1.219482421875,1.8577000000000001
-1.2933349609375,1.8578000000000001
-1.063232421875,1.8579
-1.513671875,1.858
-1.4703369140625,1.8581
-1.42242431640625,1.8582
-1.2530517578125,1.8583
-1.37786865234375,1.8584
-1.78314208984375,1.8585
-1.55517578125,1.8586
-1.43524169921875,1.8587
-1.5667724609375,1.8588
-1.856689453125,1.8589
-1.7535400390625,1.859
-1.82220458984375,1.8591000000000002
-1.87530517578125,1.8592000000000002
-1.64031982421875,1.8593000000000002
-2.244873046875,1.8594000000000002
-1.9281005859375,1.8595000000000002
-2.29095458984375,1.8596000000000001
-2.33245849609375,1.8597000000000001
-2.12249755859375,1.8598000000000001
-2.28515625,1.8599
-2.0623779296875,1.86
-2.197265625,1.8601
-2.537841796875,1.8602
-2.38616943359375,1.8603
-2.44903564453125,1.8604
-2.36846923828125,1.8605
-2.4432373046875,1.8606
-2.2418212890625,1.8607
-2.37945556640625,1.8608
-2.586669921875,1.8609
-2.42828369140625,1.861
-2.3779296875,1.8611000000000002
-2.286376953125,1.8612000000000002
-2.2564697265625,1.8613000000000002
-2.34649658203125,1.8614000000000002
-2.38616943359375,1.8615000000000002
-2.29705810546875,1.8616000000000001
-2.35992431640625,1.8617000000000001
-2.16796875,1.8618000000000001
-2.0965576171875,1.8619
-2.1343994140625,1.862
-2.474365234375,1.8621
-2.281494140625,1.8622
-2.12738037109375,1.8623
-2.05230712890625,1.8624
-2.0257568359375,1.8625
-2.232666015625,1.8626
-1.910400390625,1.8627
-2.13470458984375,1.8628
-2.02850341796875,1.8629
-1.78619384765625,1.863
-1.75994873046875,1.8631000000000002
-1.70928955078125,1.8632000000000002
-2.0068359375,1.8633000000000002
-1.6912841796875,1.8634000000000002
-1.77398681640625,1.8635000000000002
-1.46148681640625,1.8636000000000001
-1.47674560546875,1.8637000000000001
-1.7352294921875,1.8638000000000001
-1.4312744140625,1.8639000000000001
-1.79443359375,1.864
-1.84112548828125,1.8641
-1.42608642578125,1.8642
-1.53778076171875,1.8643
-1.280517578125,1.8644
-1.56707763671875,1.8645
-1.5216064453125,1.8646
-1.519775390625,1.8647
-1.30889892578125,1.8648
-1.11663818359375,1.8649
-1.1993408203125,1.865
-0.869140625,1.8651
-1.33056640625,1.8652000000000002
-1.385498046875,1.8653000000000002
-1.1383056640625,1.8654000000000002
-1.40869140625,1.8655000000000002
-0.90972900390625,1.8656000000000001
-0.90606689453125,1.8657000000000001
-1.1810302734375,1.8658000000000001
-0.92559814453125,1.8659000000000001
-0.81329345703125,1.866
-0.95489501953125,1.8661
-0.73211669921875,1.8662
-0.64178466796875,1.8663
-0.6390380859375,1.8664
-0.562744140625,1.8665
-0.56396484375,1.8666
-0.6561279296875,1.8667
-0.2276611328125,1.8668
-0.74859619140625,1.8669
-0.60302734375,1.867
-0.489501953125,1.8671
-0.44403076171875,1.8672000000000002
-0.33660888671875,1.8673000000000002
-0.1458740234375,1.8674000000000002
-0.04425048828125,1.8675000000000002
-0.08880615234375,1.8676000000000001
0.21881103515625,1.8677000000000001
0.18890380859375,1.8678000000000001
0.3546142578125,1.8679000000000001
0.386962890625,1.868
0.303955078125,1.8681
0.40985107421875,1.8682
0.42022705078125,1.8683
0.42144775390625,1.8684
0.4180908203125,1.8685
0.7025146484375,1.8686
0.43212890625,1.8687
0.9222412109375,1.8688
0.93414306640625,1.8689
0.947265625,1.869
1.23992919921875,1.8691
0.931396484375,1.8692000000000002
1.2042236328125,1.8693000000000002
1.2530517578125,1.8694000000000002
1.3232421875,1.8695000000000002
1.28265380859375,1.8696000000000002
1.25885009765625,1.8697000000000001
1.170654296875,1.8698000000000001
1.12701416015625,1.8699000000000001
1.60308837890625,1.87
1.42730712890625,1.8701
1.48681640625,1.8702
1.26129150390625,1.8703
1.18072509765625,1.8704
1.33544921875,1.8705
1.6680908203125,1.8706
1.4251708984375,1.8707
1.7449951171875,1.8708
1.5362548828125,1.8709
1.29364013671875,1.871
1.7218017578125,1.8711
1.544189453125,1.8712000000000002
1.5478515625,1.8713000000000002
1.51641845703125,1.8714000000000002
1.39190673828125,1.8715000000000002
1.09039306640625,1.8716000000000002
1.463623046875,1.8717000000000001
1.32720947265625,1.8718000000000001
1.3067626953125,1.8719000000000001
1.59698486328125,1.872
1.1260986328125,1.8721
1.109619140625,1.8722
1.40411376953125,1.8723
1.35711669921875,1.8724
1.44439697265625,1.8725
1.4166259765625,1.8726
1.15997314453125,1.8727
1.26007080078125,1.8728
1.3323974609375,1.8729
1.10687255859375,1.873
1.35711669921875,1.8731
1.202392578125,1.8732000000000002
0.79315185546875,1.8733000000000002
1.0662841796875,1.8734000000000002
1.19171142578125,1.8735000000000002
1.29180908203125,1.8736000000000002
1.03607177734375,1.8737000000000001
0.8319091796875,1.8738000000000001
0.7257080078125,1.8739000000000001
0.9228515625,1.874
0.63079833984375,1.8741
0.9368896484375,1.8742
1.0101318359375,1.8743
0.85784912109375,1.8744
0.5084228515625,1.8745
0.41259765625,1.8746
0.52978515625,1.8747
0.5218505859375,1.8748
0.94940185546875,1.8749
0.68115234375,1.8750000000000002
0.616455078125,1.8751000000000002
0.82763671875,1.8752000000000002
0.4669189453125,1.8753000000000002
0.44677734375,1.8754000000000002
0.5438232421875,1.8755000000000002
0.60333251953125,1.8756000000000002
0.41778564453125,1.8757000000000001
0.41229248046875,1.8758000000000001
0.4278564453125,1.8759000000000001
0.42510986328125,1.8760000000000001
0.42694091796875,1.8761
0.413818359375,1.8762
0.4302978515625,1.8763
0.44036865234375,1.8764
0.413818359375,1.8765
0.4248046875,1.8766
0.4339599609375,1.8767
0.40924072265625,1.8768000000000002
0.40069580078125,1.8769000000000002
0.35858154296875,1.8770000000000002
0.40374755859375,1.8771000000000002
0.38970947265625,1.8772000000000002
0.3900146484375,1.8773000000000002
0.38787841796875,1.8774000000000002
0.40557861328125,1.8775000000000002
0.42633056640625,1.8776000000000002
0.40924072265625,1.8777000000000001
0.4290771484375,1.8778000000000001
0.41595458984375,1.8779000000000001
0.67138671875,1.8780000000000001
0.6390380859375,1.8781
0.428466796875,1.8782
0.42816162109375,1.8783
0.4156494140625,1.8784
0.60272216796875,1.8785
0.81512451171875,1.8786
0.4864501953125,1.8787
0.648193359375,1.8788000000000002
0.72113037109375,1.8789000000000002
0.4302978515625,1.8790000000000002
0.640869140625,1.8791000000000002
1.06719970703125,1.8792000000000002
0.84808349609375,1.8793000000000002
0.7904052734375,1.8794000000000002
0.50079345703125,1.8795000000000002
0.65948486328125,1.8796000000000002
0.6219482421875,1.8797000000000001
0.81512451171875,1.8798000000000001
0.49102783203125,1.8799000000000001
0.94818115234375,1.8800000000000001
1.08154296875,1.8801
0.9100341796875,1.8802
0.870361328125,1.8803
0.75653076171875,1.8804
1.1651611328125,1.8805
0.8740234375,1.8806
0.6805419921875,1.8807
0.63934326171875,1.8808000000000002
0.98297119140625,1.8809000000000002
0.87493896484375,1.8810000000000002
0.6817626953125,1.8811000000000002
1.06689453125,1.8812000000000002
0.8648681640625,1.8813000000000002
0.7720947265625,1.8814000000000002
0.75653076171875,1.8815000000000002
0.70587158203125,1.8816000000000002
0.809326171875,1.8817000000000002
1.171875,1.8818000000000001
0.75958251953125,1.8819000000000001
1.0345458984375,1.8820000000000001
0.99517822265625,1.8821
0.853271484375,1.8822
0.87310791015625,1.8823
0.82733154296875,1.8824
1.10931396484375,1.8825
0.5419921875,1.8826
0.96649169921875,1.8827
0.643310546875,1.8828000000000003
0.9619140625,1.8829000000000002
1.116943359375,1.8830000000000002
0.447998046875,1.8831000000000002
0.97015380859375,1.8832000000000002
0.90728759765625,1.8833000000000002
0.423583984375,1.8834000000000002
0.82061767578125,1.8835000000000002
0.78369140625,1.8836000000000002
1.058349609375,1.8837000000000002
0.40802001953125,1.8838000000000001
0.56060791015625,1.8839000000000001
0.42205810546875,1.8840000000000001
0.53192138671875,1.8841
0.4156494140625,1.8842
0.4412841796875,1.8843
0.45318603515625,1.8844
0.39398193359375,1.8845
0.2557373046875,1.8846
-0.0115966796875,1.8847
-0.22552490234375,1.8848000000000003
0.3448486328125,1.8849000000000002
0.335693359375,1.8850000000000002
0.062255859375,1.8851000000000002
0.07049560546875,1.8852000000000002
0.1739501953125,1.8853000000000002
0.2105712890625,1.8854000000000002
-0.11505126953125,1.8855000000000002
-0.05706787109375,1.8856000000000002
-0.26611328125,1.8857000000000002
-0.48126220703125,1.8858000000000001
-0.37811279296875,1.8859000000000001
-0.42236328125,1.8860000000000001
-0.15594482421875,1.8861
-0.4827880859375,1.8862
-0.51788330078125,1.8863
-0.5352783203125,1.8864
-0.8416748046875,1.8865
-0.5352783203125,1.8866
-0.7513427734375,1.8867
-0.72509765625,1.8868
-0.86700439453125,1.8869000000000002
-0.91064453125,1.8870000000000002
-1.068115234375,1.8871000000000002
-0.960693359375,1.8872000000000002
-0.9375,1.8873000000000002
-0.85052490234375,1.8874000000000002
-1.1328125,1.8875000000000002
-1.2176513671875,1.8876000000000002
-1.13861083984375,1.8877000000000002
-1.2255859375,1.8878000000000001
-1.07086181640625,1.8879000000000001
-1.18896484375,1.8880000000000001
-1.37939453125,1.8881000000000001
-1.27227783203125,1.8882
-1.56707763671875,1.8883
-1.36474609375,1.8884
-1.06231689453125,1.8885
-1.01165771484375,1.8886
-1.173095703125,1.8887
-1.4971923828125,1.8888
-1.4910888671875,1.8889000000000002
-1.39068603515625,1.8890000000000002
-1.39801025390625,1.8891000000000002
-1.600341796875,1.8892000000000002
-1.46484375,1.8893000000000002
-1.31683349609375,1.8894000000000002
-1.861572265625,1.8895000000000002
-1.4141845703125,1.8896000000000002
-1.5362548828125,1.8897000000000002
-1.24908447265625,1.8898000000000001
-1.35650634765625,1.8899000000000001
-1.67510986328125,1.8900000000000001
-1.66046142578125,1.8901000000000001
-1.3458251953125,1.8902
-1.40289306640625,1.8903
-1.53167724609375,1.8904
-1.7755126953125,1.8905
-1.7437744140625,1.8906
-1.66717529296875,1.8907
-1.851806640625,1.8908
-1.77276611328125,1.8909000000000002
-1.4984130859375,1.8910000000000002
-1.69586181640625,1.8911000000000002
-1.71478271484375,1.8912000000000002
-1.5509033203125,1.8913000000000002
-1.55670166015625,1.8914000000000002
-1.62109375,1.8915000000000002
-1.65924072265625,1.8916000000000002
-1.9647216796875,1.8917000000000002
-1.64581298828125,1.8918000000000001
-1.72332763671875,1.8919000000000001
-1.42913818359375,1.8920000000000001
-1.51580810546875,1.8921000000000001
-1.595458984375,1.8922
-1.6436767578125,1.8923
-1.802978515625,1.8924
-1.7913818359375,1.8925
-1.585693359375,1.8926
-1.4764404296875,1.8927
-1.56829833984375,1.8928
-1.77581787109375,1.8929000000000002
-1.56524658203125,1.8930000000000002
-1.66717529296875,1.8931000000000002
-1.59515380859375,1.8932000000000002
-1.28265380859375,1.8933000000000002
-1.5203857421875,1.8934000000000002
-1.42242431640625,1.8935000000000002
-1.54632568359375,1.8936000000000002
-1.60400390625,1.8937000000000002
-1.32171630859375,1.8938000000000001
-1.57012939453125,1.8939000000000001
-1.48681640625,1.8940000000000001
-1.67083740234375,1.8941000000000001
-1.71478271484375,1.8942
-1.48223876953125,1.8943
-1.58721923828125,1.8944
-1.1590576171875,1.8945
-1.29974365234375,1.8946
-1.38397216796875,1.8947
-1.58172607421875,1.8948
-1.4947509765625,1.8949000000000003
-1.18865966796875,1.8950000000000002
-1.19842529296875,1.8951000000000002
-1.3409423828125,1.8952000000000002
-1.39495849609375,1.8953000000000002
-1.30462646484375,1.8954000000000002
-1.2908935546875,1.8955000000000002
-1.49383544921875,1.8956000000000002
-1.10931396484375,1.8957000000000002
-1.39404296875,1.8958000000000002
-1.15020751953125,1.8959000000000001
-1.4691162109375,1.8960000000000001
-1.10260009765625,1.8961000000000001
-1.01531982421875,1.8962
-1.20086669921875,1.8963
-0.88043212890625,1.8964
-1.21856689453125,1.8965
-1.33544921875,1.8966
-1.25457763671875,1.8967
-1.25335693359375,1.8968
-1.07757568359375,1.8969000000000003
-1.00128173828125,1.8970000000000002
-0.96954345703125,1.8971000000000002
-1.1737060546875,1.8972000000000002
-1.417236328125,1.8973000000000002
-1.23046875,1.8974000000000002
-1.180419921875,1.8975000000000002
-1.1102294921875,1.8976000000000002
-1.11053466796875,1.8977000000000002
-1.1309814453125,1.8978000000000002
-1.08612060546875,1.8979000000000001
-1.2103271484375,1.8980000000000001
-1.300048828125,1.8981000000000001
-1.45355224609375,1.8982
-1.21917724609375,1.8983
-1.29058837890625,1.8984
-1.4727783203125,1.8985
-1.27105712890625,1.8986
-1.4447021484375,1.8987
-1.2677001953125,1.8988
-1.62353515625,1.8989000000000003
-1.14166259765625,1.8990000000000002
-1.43096923828125,1.8991000000000002
-1.45294189453125,1.8992000000000002
-1.5155029296875,1.8993000000000002
-1.4764404296875,1.8994000000000002
-1.455078125,1.8995000000000002
-1.59759521484375,1.8996000000000002
-1.28570556640625,1.8997000000000002
-1.55517578125,1.8998000000000002
-1.30889892578125,1.8999000000000001
-1.57501220703125,1.9000000000000001
-1.48101806640625,1.9001000000000001
-1.34857177734375,1.9002000000000001
-1.38427734375,1.9003
-1.314697265625,1.9004
-1.748046875,1.9005
-1.54052734375,1.9006
-1.49322509765625,1.9007
-1.58447265625,1.9008
-1.7236328125,1.9009
-1.69403076171875,1.901
-1.2969970703125,1.9011000000000002
-1.38214111328125,1.9012000000000002
-1.51611328125,1.9013000000000002
-1.207275390625,1.9014000000000002
-1.17828369140625,1.9015000000000002
-1.39892578125,1.9016000000000002
-1.73004150390625,1.9017000000000002
-1.439208984375,1.9018000000000002
-1.522216796875,1.9019000000000001
-1.31744384765625,1.9020000000000001
-1.09375,1.9021000000000001
-1.5606689453125,1.9022000000000001
-1.2860107421875,1.9023
-1.48681640625,1.9024
-1.1181640625,1.9025
-1.06292724609375,1.9026
-1.2738037109375,1.9027
-0.89874267578125,1.9028
-1.070556640625,1.9029
-1.14013671875,1.903
-0.82366943359375,1.9031000000000002
-1.08673095703125,1.9032000000000002
-0.791015625,1.9033000000000002
-0.899658203125,1.9034000000000002
-0.99273681640625,1.9035000000000002
-1.10504150390625,1.9036000000000002
-0.79193115234375,1.9037000000000002
-0.77606201171875,1.9038000000000002
-0.9674072265625,1.9039000000000001
-0.82061767578125,1.9040000000000001
-1.15203857421875,1.9041000000000001
-0.9027099609375,1.9042000000000001
-0.9124755859375,1.9043
-0.7000732421875,1.9044
-0.4986572265625,1.9045
-0.77362060546875,1.9046
-0.816650390625,1.9047
-0.8892822265625,1.9048
-1.0711669921875,1.9049
-0.7611083984375,1.905
-0.59173583984375,1.9051000000000002
-0.6781005859375,1.9052000000000002
-1.13739013671875,1.9053000000000002
-1.1273193359375,1.9054000000000002
-0.938720703125,1.9055000000000002
-1.08428955078125,1.9056000000000002
-0.76171875,1.9057000000000002
-0.64697265625,1.9058000000000002
-0.80078125,1.9059000000000001
-0.9637451171875,1.9060000000000001
-1.45965576171875,1.9061000000000001
-0.79620361328125,1.9062000000000001
-1.03240966796875,1.9063
-0.87066650390625,1.9064
-1.025390625,1.9065
-1.5380859375,1.9066
-1.3726806640625,1.9067
-1.52374267578125,1.9068
-1.3568115234375,1.9069
-1.25274658203125,1.907
-1.539306640625,1.9071000000000002
-1.32781982421875,1.9072000000000002
-1.42120361328125,1.9073000000000002
-1.6632080078125,1.9074000000000002
-1.502685546875,1.9075000000000002
-1.3848876953125,1.9076000000000002
-1.7681884765625,1.9077000000000002
-1.69769287109375,1.9078000000000002
-1.74102783203125,1.9079000000000002
-1.929931640625,1.9080000000000001
-1.72760009765625,1.9081000000000001
-1.80816650390625,1.9082000000000001
-2.3126220703125,1.9083
-2.02545166015625,1.9084
-2.11395263671875,1.9085
-2.00775146484375,1.9086
-2.09442138671875,1.9087
-1.9439697265625,1.9088
-1.990966796875,1.9089
-2.17864990234375,1.909
-2.3297119140625,1.9091000000000002
-2.65655517578125,1.9092000000000002
-2.16949462890625,1.9093000000000002
-2.269287109375,1.9094000000000002
-2.2802734375,1.9095000000000002
-2.28240966796875,1.9096000000000002
-2.52410888671875,1.9097000000000002
-2.50152587890625,1.9098000000000002
-2.6239013671875,1.9099000000000002
-2.70904541015625,1.9100000000000001
-2.50823974609375,1.9101000000000001
-2.55401611328125,1.9102000000000001
-2.75482177734375,1.9103
-2.6129150390625,1.9104
-2.32177734375,1.9105
-2.60833740234375,1.9106
-2.65594482421875,1.9107
-2.59185791015625,1.9108
-2.59613037109375,1.9109
-2.864990234375,1.911
-2.7325439453125,1.9111000000000002
-2.50274658203125,1.9112000000000002
-2.64129638671875,1.9113000000000002
-2.59124755859375,1.9114000000000002
-2.74017333984375,1.9115000000000002
-2.80731201171875,1.9116000000000002
-2.440185546875,1.9117000000000002
-2.777099609375,1.9118000000000002
-2.4481201171875,1.9119000000000002
-2.47467041015625,1.9120000000000001
-2.44873046875,1.9121000000000001
-2.652587890625,1.9122000000000001
-2.3779296875,1.9123
-2.3779296875,1.9124
-2.1881103515625,1.9125
-2.19390869140625,1.9126
-2.75177001953125,1.9127
-2.5042724609375,1.9128
-2.16064453125,1.9129
-2.26959228515625,1.913
-1.8975830078125,1.9131
-2.3699951171875,1.9132000000000002
-1.9122314453125,1.9133000000000002
-1.96075439453125,1.9134000000000002
-2.158203125,1.9135000000000002
-2.06085205078125,1.9136000000000002
-1.68182373046875,1.9137000000000002
-1.82952880859375,1.9138000000000002
-2.00286865234375,1.9139000000000002
-1.7755126953125,1.9140000000000001
-1.84814453125,1.9141000000000001
-1.6046142578125,1.9142000000000001
-1.55120849609375,1.9143000000000001
-1.97998046875,1.9144
-1.49322509765625,1.9145
-1.62872314453125,1.9146
-1.49200439453125,1.9147
-1.13922119140625,1.9148
-1.474609375,1.9149
-1.24237060546875,1.915
-1.859130859375,1.9151
-1.5936279296875,1.9152000000000002
-1.4990234375,1.9153000000000002
-1.0150146484375,1.9154000000000002
-1.19293212890625,1.9155000000000002
-1.4227294921875,1.9156000000000002
-1.32049560546875,1.9157000000000002
-1.6986083984375,1.9158000000000002
-1.3385009765625,1.9159000000000002
-1.25396728515625,1.9160000000000001
-1.6156005859375,1.9161000000000001
-1.13128662109375,1.9162000000000001
-1.4300537109375,1.9163000000000001
-1.40533447265625,1.9164
-1.23291015625,1.9165
-1.2164306640625,1.9166
-1.375732421875,1.9167
-1.36627197265625,1.9168
-1.27410888671875,1.9169
-1.45294189453125,1.917
-1.279296875,1.9171
-1.427001953125,1.9172000000000002
-1.41326904296875,1.9173000000000002
-1.46026611328125,1.9174000000000002
-1.8341064453125,1.9175000000000002
-1.76605224609375,1.9176000000000002
-1.4654541015625,1.9177000000000002
-1.466064453125,1.9178000000000002
-1.59149169921875,1.9179000000000002
-1.53228759765625,1.9180000000000001
-1.6094970703125,1.9181000000000001
-1.63909912109375,1.9182000000000001
-1.6192626953125,1.9183000000000001
-1.6680908203125,1.9184
-1.60614013671875,1.9185
-1.66595458984375,1.9186
-1.80755615234375,1.9187
-1.9281005859375,1.9188
-1.86309814453125,1.9189
-1.9842529296875,1.919
-1.83135986328125,1.9191
-2.142333984375,1.9192000000000002
-2.054443359375,1.9193000000000002
-1.8951416015625,1.9194000000000002
-2.03857421875,1.9195000000000002
-2.119140625,1.9196000000000002
-1.85333251953125,1.9197000000000002
-2.1490478515625,1.9198000000000002
-2.2662353515625,1.9199000000000002
-2.20855712890625,1.9200000000000002
-2.35992431640625,1.9201000000000001
-2.386474609375,1.9202000000000001
-2.43011474609375,1.9203000000000001
-2.579345703125,1.9204
-2.50030517578125,1.9205
-2.3004150390625,1.9206
-2.41546630859375,1.9207
-2.61566162109375,1.9208
-2.462158203125,1.9209
-2.7032470703125,1.921
-2.6165771484375,1.9211
-2.66143798828125,1.9212000000000002
-2.5689697265625,1.9213000000000002
-2.63671875,1.9214000000000002
-2.9547119140625,1.9215000000000002
-2.972412109375,1.9216000000000002
-2.96600341796875,1.9217000000000002
-2.7490234375,1.9218000000000002
-3.17596435546875,1.9219000000000002
-3.09173583984375,1.9220000000000002
-3.0548095703125,1.9221000000000001
-3.2122802734375,1.9222000000000001
-2.99163818359375,1.9223000000000001
-3.11798095703125,1.9224
-3.13232421875,1.9225
-3.04046630859375,1.9226
-3.4564208984375,1.9227
-3.3770751953125,1.9228
-3.1842041015625,1.9229
-3.22265625,1.923
-3.38775634765625,1.9231
-3.49395751953125,1.9232000000000002
-3.81103515625,1.9233000000000002
-3.60107421875,1.9234000000000002
-3.62213134765625,1.9235000000000002
-3.68194580078125,1.9236000000000002
-3.52294921875,1.9237000000000002
-3.59954833984375,1.9238000000000002
-3.69110107421875,1.9239000000000002
-3.60107421875,1.9240000000000002
-3.94683837890625,1.9241000000000001
-3.5772705078125,1.9242000000000001
-3.7896728515625,1.9243000000000001
-4.00238037109375,1.9244
-4.10858154296875,1.9245
-3.94287109375,1.9246
-3.85986328125,1.9247
-3.8714599609375,1.9248
-4.02069091796875,1.9249
-4.00787353515625,1.9250000000000003
-3.8787841796875,1.9251000000000003
-3.87939453125,1.9252000000000002
-3.9117431640625,1.9253000000000002
-3.6737060546875,1.9254000000000002
-3.997802734375,1.9255000000000002
-4.05426025390625,1.9256000000000002
-3.9471435546875,1.9257000000000002
-4.02923583984375,1.9258000000000002
-3.92608642578125,1.9259000000000002
-3.89007568359375,1.9260000000000002
-3.746337890625,1.9261000000000001
-3.99749755859375,1.9262000000000001
-3.973388671875,1.9263000000000001
-3.6614990234375,1.9264000000000001
-3.565673828125,1.9265
-3.68255615234375,1.9266
-3.702392578125,1.9267
-3.60595703125,1.9268000000000003
-3.8909912109375,1.9269000000000003
-3.5430908203125,1.9270000000000003
-3.5015869140625,1.9271000000000003
-3.40484619140625,1.9272000000000002
-3.41827392578125,1.9273000000000002
-3.2635498046875,1.9274000000000002
-3.50494384765625,1.9275000000000002
-3.22540283203125,1.9276000000000002
-3.28704833984375,1.9277000000000002
-3.00506591796875,1.9278000000000002
-2.95379638671875,1.9279000000000002
-3.24798583984375,1.9280000000000002
-2.99713134765625,1.9281000000000001
-3.0889892578125,1.9282000000000001
-2.7935791015625,1.9283000000000001
-2.67059326171875,1.9284000000000001
-3.06793212890625,1.9285
-2.53265380859375,1.9286
-2.58026123046875,1.9287
-2.6275634765625,1.9288000000000003
-2.57965087890625,1.9289000000000003
-2.3956298828125,1.9290000000000003
-2.0294189453125,1.9291000000000003
-2.19512939453125,1.9292000000000002
-2.38677978515625,1.9293000000000002
-2.40478515625,1.9294000000000002
-2.07305908203125,1.9295000000000002
-1.8365478515625,1.9296000000000002
-1.90887451171875,1.9297000000000002
-1.56585693359375,1.9298000000000002
-2.09503173828125,1.9299000000000002
-1.7962646484375,1.9300000000000002
-1.656494140625,1.9301000000000001
-1.84661865234375,1.9302000000000001
-1.47674560546875,1.9303000000000001
-1.4739990234375,1.9304000000000001
-1.40869140625,1.9305
-1.48834228515625,1.9306
-1.3079833984375,1.9307
-1.24725341796875,1.9308000000000003
-1.11907958984375,1.9309000000000003
-1.47003173828125,1.9310000000000003
-1.42913818359375,1.9311000000000003
-0.8935546875,1.9312000000000002
-0.82977294921875,1.9313000000000002
-0.9423828125,1.9314000000000002
-0.6982421875,1.9315000000000002
-1.2542724609375,1.9316000000000002
-0.86822509765625,1.9317000000000002
-0.91705322265625,1.9318000000000002
-0.68572998046875,1.9319000000000002
-0.47119140625,1.9320000000000002
-0.44708251953125,1.9321000000000002
-0.52520751953125,1.9322000000000001
-0.78399658203125,1.9323000000000001
-0.43701171875,1.9324000000000001
-0.2520751953125,1.9325
0.0250244140625,1.9326
-0.194091796875,1.9327
-0.41351318359375,1.9328000000000003
-0.2691650390625,1.9329000000000003
-0.28411865234375,1.9330000000000003
0.12298583984375,1.9331000000000003
-0.02899169921875,1.9332000000000003
-0.0567626953125,1.9333000000000002
-0.0579833984375,1.9334000000000002
-0.14923095703125,1.9335000000000002
-0.113525390625,1.9336000000000002
0.13397216796875,1.9337000000000002
0.3179931640625,1.9338000000000002
-0.02166748046875,1.9339000000000002
0.0274658203125,1.9340000000000002
0.068359375,1.9341000000000002
0.32745361328125,1.9342000000000001
0.33447265625,1.9343000000000001
0.3619384765625,1.9344000000000001
0.2557373046875,1.9345
-0.13580322265625,1.9346
0.2728271484375,1.9347
0.318603515625,1.9348000000000003
0.15380859375,1.9349000000000003
0.36224365234375,1.9350000000000003
-0.2398681640625,1.9351000000000003
0.11444091796875,1.9352000000000003
0.03265380859375,1.9353000000000002
-0.06500244140625,1.9354000000000002
0.3961181640625,1.9355000000000002
0.1861572265625,1.9356000000000002
0.11016845703125,1.9357000000000002
-0.0872802734375,1.9358000000000002
-0.166015625,1.9359000000000002
-0.27374267578125,1.9360000000000002
-0.1800537109375,1.9361000000000002
0.15289306640625,1.9362000000000001
-0.284423828125,1.9363000000000001
-0.35888671875,1.9364000000000001
-0.235595703125,1.9365
-0.31005859375,1.9366
0.1336669921875,1.9367
-0.45623779296875,1.9368000000000003
-0.274658203125,1.9369000000000003
-0.17425537109375,1.9370000000000003
-0.2899169921875,1.9371000000000003
-0.36895751953125,1.9372000000000003
-0.5316162109375,1.9373000000000002
-0.41534423828125,1.9374000000000002
-0.66253662109375,1.9375000000000002
-0.6719970703125,1.9376000000000002
-0.8184814453125,1.9377000000000002
-0.63995361328125,1.9378000000000002
-0.482177734375,1.9379000000000002
-0.92926025390625,1.9380000000000002
-0.772705078125,1.9381000000000002
-0.863037109375,1.9382000000000001
-0.84259033203125,1.9383000000000001
-0.6842041015625,1.9384000000000001
-0.82427978515625,1.9385000000000001
-0.504150390625,1.9386
-0.77606201171875,1.9387
-0.831298828125,1.9388
-0.76629638671875,1.9389000000000003
-0.67352294921875,1.9390000000000003
-0.47821044921875,1.9391000000000003
-0.56610107421875,1.9392000000000003
-1.0369873046875,1.9393000000000002
-0.83526611328125,1.9394000000000002
-0.8953857421875,1.9395000000000002
-0.570068359375,1.9396000000000002
-0.7073974609375,1.9397000000000002
-0.4632568359375,1.9398000000000002
-0.4693603515625,1.9399000000000002
-0.78338623046875,1.9400000000000002
-0.39031982421875,1.9401000000000002
-0.4486083984375,1.9402000000000001
-0.152587890625,1.9403000000000001
-0.2557373046875,1.9404000000000001
-0.13671875,1.9405000000000001
-0.078125,1.9406
-0.379638671875,1.9407
-0.00946044921875,1.9408
0.04852294921875,1.9409000000000003
-0.1934814453125,1.9410000000000003
-0.0579833984375,1.9411000000000003
-0.009765625,1.9412000000000003
0.30731201171875,1.9413000000000002
0.3582763671875,1.9414000000000002
0.3460693359375,1.9415000000000002
0.3680419921875,1.9416000000000002
0.40679931640625,1.9417000000000002
0.40924072265625,1.9418000000000002
0.406494140625,1.9419000000000002
0.72265625,1.9420000000000002
0.82489013671875,1.9421000000000002
0.82000732421875,1.9422000000000001
0.7427978515625,1.9423000000000001
0.836181640625,1.9424000000000001
1.103515625,1.9425000000000001
0.74371337890625,1.9426
1.28875732421875,1.9427
1.202392578125,1.9428
0.83709716796875,1.9429000000000003
1.20147705078125,1.9430000000000003
1.10260009765625,1.9431000000000003
1.553955078125,1.9432000000000003
1.44073486328125,1.9433000000000002
1.26220703125,1.9434000000000002
1.649169921875,1.9435000000000002
1.3531494140625,1.9436000000000002
1.30889892578125,1.9437000000000002
1.11785888671875,1.9438000000000002
2.00836181640625,1.9439000000000002
1.81396484375,1.9440000000000002
1.76513671875,1.9441000000000002
1.41937255859375,1.9442000000000002
1.68426513671875,1.9443000000000001
2.21832275390625,1.9444000000000001
1.8817138671875,1.9445000000000001
1.6168212890625,1.9446
1.99462890625,1.9447
1.98577880859375,1.9448
2.01446533203125,1.9449000000000003
2.16064453125,1.9450000000000003
2.29278564453125,1.9451000000000003
2.132568359375,1.9452000000000003
2.39898681640625,1.9453000000000003
1.41510009765625,1.9454000000000002
2.24456787109375,1.9455000000000002
2.630615234375,1.9456000000000002
2.47314453125,1.9457000000000002
2.412109375,1.9458000000000002
1.87225341796875,1.9459000000000002
2.14599609375,1.9460000000000002
1.629638671875,1.9461000000000002
2.22503662109375,1.9462000000000002
2.59552001953125,1.9463000000000001
2.39105224609375,1.9464000000000001
2.276611328125,1.9465000000000001
1.99493408203125,1.9466
2.05780029296875,1.9467
2.86895751953125,1.9468
2.3004150390625,1.9469000000000003
2.5341796875,1.9470000000000003
2.1575927734375,1.9471000000000003
2.41912841796875,1.9472000000000003
2.54913330078125,1.9473000000000003
2.05596923828125,1.9474000000000002
2.4822998046875,1.9475000000000002
2.16522216796875,1.9476000000000002
2.3175048828125,1.9477000000000002
2.1844482421875,1.9478000000000002
2.14508056640625,1.9479000000000002
2.49786376953125,1.9480000000000002
2.44903564453125,1.9481000000000002
2.568359375,1.9482000000000002
2.01416015625,1.9483000000000001
2.3211669921875,1.9484000000000001
2.18414306640625,1.9485000000000001
2.432861328125,1.9486
2.669677734375,1.9487
2.2064208984375,1.9488
2.327880859375,1.9489000000000003
2.0367431640625,1.9490000000000003
2.15850830078125,1.9491000000000003
2.14996337890625,1.9492000000000003
2.03948974609375,1.9493000000000003
2.2552490234375,1.9494000000000002
1.8426513671875,1.9495000000000002
1.80023193359375,1.9496000000000002
1.8896484375,1.9497000000000002
1.60919189453125,1.9498000000000002
2.2381591796875,1.9499000000000002
1.97235107421875,1.9500000000000002
1.83837890625,1.9501000000000002
1.50299072265625,1.9502000000000002
1.4190673828125,1.9503000000000001
1.69158935546875,1.9504000000000001
1.22467041015625,1.9505000000000001
1.627197265625,1.9506000000000001
1.33453369140625,1.9507
0.85052490234375,1.9508
0.9808349609375,1.9509
0.631103515625,1.951
1.2628173828125,1.9511000000000003
0.9710693359375,1.9512000000000003
0.755615234375,1.9513000000000003
0.9014892578125,1.9514000000000002
0.693359375,1.9515000000000002
0.59356689453125,1.9516000000000002
0.42938232421875,1.9517000000000002
0.54534912109375,1.9518000000000002
0.41168212890625,1.9519000000000002
0.42633056640625,1.9520000000000002
0.42205810546875,1.9521000000000002
0.11260986328125,1.9522000000000002
0.34332275390625,1.9523000000000001
-0.10467529296875,1.9524000000000001
-0.206298828125,1.9525000000000001
-0.19805908203125,1.9526000000000001
-0.2264404296875,1.9527
-0.13824462890625,1.9528
-0.078125,1.9529
-0.12359619140625,1.953
-0.41473388671875,1.9531000000000003
-0.41748046875,1.9532000000000003
-0.48065185546875,1.9533000000000003
-0.5029296875,1.9534000000000002
-0.16143798828125,1.9535000000000002
-0.4632568359375,1.9536000000000002
-0.66497802734375,1.9537000000000002
-0.667724609375,1.9538000000000002
-1.0235595703125,1.9539000000000002
-0.92315673828125,1.9540000000000002
-0.9765625,1.9541000000000002
-0.889892578125,1.9542000000000002
-0.85662841796875,1.9543000000000001
-1.0931396484375,1.9544000000000001
-1.1285400390625,1.9545000000000001
-1.2255859375,1.9546000000000001
-0.62347412109375,1.9547
-1.0333251953125,1.9548
-1.00494384765625,1.9549
-0.9808349609375,1.955
-1.19873046875,1.9551000000000003
-1.1431884765625,1.9552000000000003
-1.12640380859375,1.9553000000000003
-1.4642333984375,1.9554000000000002
-1.077880859375,1.9555000000000002
-1.1572265625,1.9556000000000002
-1.21337890625,1.9557000000000002
-1.11541748046875,1.9558000000000002
-1.00128173828125,1.9559000000000002
-1.10626220703125,1.9560000000000002
-1.031494140625,1.9561000000000002
-1.33575439453125,1.9562000000000002
-1.1077880859375,1.9563000000000001
-0.875244140625,1.9564000000000001
-1.07635498046875,1.9565000000000001
-1.37115478515625,1.9566000000000001
-1.1224365234375,1.9567
-1.20513916015625,1.9568
-1.27655029296875,1.9569
-1.1077880859375,1.957
-0.92498779296875,1.9571000000000003
-1.0565185546875,1.9572000000000003
-1.06414794921875,1.9573000000000003
-1.18194580078125,1.9574000000000003
-1.22406005859375,1.9575000000000002
-0.836181640625,1.9576000000000002
-0.9893798828125,1.9577000000000002
-1.05194091796875,1.9578000000000002
-0.95184326171875,1.9579000000000002
-1.0833740234375,1.9580000000000002
-1.10137939453125,1.9581000000000002
-1.06903076171875,1.9582000000000002
-0.74676513671875,1.9583000000000002
-0.83282470703125,1.9584000000000001
-0.72723388671875,1.9585000000000001
-1.14349365234375,1.9586000000000001
-1.00830078125,1.9587
-0.71533203125,1.9588
-1.1651611328125,1.9589
-0.7220458984375,1.959
-0.96588134765625,1.9591000000000003
-0.73577880859375,1.9592000000000003
-0.76141357421875,1.9593000000000003
-0.97076416015625,1.9594000000000003
-0.740966796875,1.9595000000000002
-0.694580078125,1.9596000000000002
-0.51116943359375,1.9597000000000002
-0.84503173828125,1.9598000000000002
-0.4437255859375,1.9599000000000002
-0.47821044921875,1.9600000000000002
-0.4827880859375,1.9601000000000002
-0.462646484375,1.9602000000000002
-1.2396240234375,1.9603000000000002
-0.45623779296875,1.9604000000000001
-0.67474365234375,1.9605000000000001
-0.4730224609375,1.9606000000000001
-0.27099609375,1.9607
-0.62744140625,1.9608
-0.46478271484375,1.9609
-0.784912109375,1.961
-0.42938232421875,1.9611000000000003
-0.313720703125,1.9612000000000003
-0.45501708984375,1.9613000000000003
-0.48797607421875,1.9614000000000003
-0.489501953125,1.9615000000000002
-0.450439453125,1.9616000000000002
-0.4583740234375,1.9617000000000002
-0.552978515625,1.9618000000000002
-0.27374267578125,1.9619000000000002
-0.48736572265625,1.9620000000000002
-0.25390625,1.9621000000000002
-0.35858154296875,1.9622000000000002
-0.44342041015625,1.9623000000000002
-0.05523681640625,1.9624000000000001
0.01953125,1.9625000000000001
-0.06103515625,1.9626000000000001
-0.60394287109375,1.9627000000000001
-0.242919921875,1.9628
-0.340576171875,1.9629
-0.430908203125,1.963
-0.2044677734375,1.9631000000000003
-0.42999267578125,1.9632000000000003
0.05279541015625,1.9633000000000003
-0.49346923828125,1.9634000000000003
-0.32501220703125,1.9635000000000002
-0.277099609375,1.9636000000000002
-0.126953125,1.9637000000000002
-0.009765625,1.9638000000000002
-0.30059814453125,1.9639000000000002
-0.145263671875,1.9640000000000002
0.042724609375,1.9641000000000002
-0.18524169921875,1.9642000000000002
-0.23651123046875,1.9643000000000002
-0.1190185546875,1.9644000000000001
-0.00518798828125,1.9645000000000001
-0.26031494140625,1.9646000000000001
-0.33447265625,1.9647000000000001
0.01495361328125,1.9648
0.037841796875,1.9649
0.1617431640625,1.965
-0.23223876953125,1.9651
-0.440673828125,1.9652000000000003
-0.068359375,1.9653000000000003
-0.084228515625,1.9654000000000003
-0.27557373046875,1.9655000000000002
-0.20233154296875,1.9656000000000002
-0.0701904296875,1.9657000000000002
-0.04608154296875,1.9658000000000002
-0.3448486328125,1.9659000000000002
-0.40618896484375,1.9660000000000002
-0.10498046875,1.9661000000000002
0.07049560546875,1.9662000000000002
-0.31982421875,1.9663000000000002
-0.37872314453125,1.9664000000000001
-0.030517578125,1.9665000000000001
-0.2850341796875,1.9666000000000001
-0.3253173828125,1.9667000000000001
-0.23345947265625,1.9668
-0.33416748046875,1.9669
-0.01953125,1.967
-0.41229248046875,1.9671
-0.39886474609375,1.9672000000000003
-0.33935546875,1.9673000000000003
-0.21331787109375,1.9674000000000003
-0.1641845703125,1.9675000000000002
-0.20294189453125,1.9676000000000002
-0.2459716796875,1.9677000000000002
-0.396728515625,1.9678000000000002
-0.2679443359375,1.9679000000000002
-0.3533935546875,1.9680000000000002
-0.28167724609375,1.9681000000000002
-0.050048828125,1.9682000000000002
-0.318603515625,1.9683000000000002
-0.50048828125,1.9684000000000001
-0.4229736328125,1.9685000000000001
-0.43731689453125,1.9686000000000001
-0.43121337890625,1.9687000000000001
-0.3814697265625,1.9688
-0.42083740234375,1.9689
-0.433349609375,1.969
-0.49285888671875,1.9691
-0.46417236328125,1.9692000000000003
-0.4302978515625,1.9693000000000003
0.06195068359375,1.9694000000000003
-0.47821044921875,1.9695000000000003
-0.48736572265625,1.9696000000000002
-0.45074462890625,1.9697000000000002
-0.49957275390625,1.9698000000000002
-0.509033203125,1.9699000000000002
-0.379638671875,1.9700000000000002
-0.50018310546875,1.9701000000000002
-0.57647705078125,1.9702000000000002
-0.67352294921875,1.9703000000000002
-0.928955078125,1.9704000000000002
-0.369873046875,1.9705000000000001
-0.49468994140625,1.9706000000000001
-0.45379638671875,1.9707000000000001
-0.49224853515625,1.9708
-0.54779052734375,1.9709
-0.71044921875,1.971
-0.64117431640625,1.9711
-0.45379638671875,1.9712000000000003
-0.7470703125,1.9713000000000003
-0.6201171875,1.9714000000000003
-0.73699951171875,1.9715000000000003
-0.8428955078125,1.9716000000000002
-0.55938720703125,1.9717000000000002
-0.74066162109375,1.9718000000000002
-0.75164794921875,1.9719000000000002
-0.50689697265625,1.9720000000000002
-1.02691650390625,1.9721000000000002
-0.736083984375,1.9722000000000002
-0.73028564453125,1.9723000000000002
-0.51300048828125,1.9724000000000002
-0.5743408203125,1.9725000000000001
-0.50018310546875,1.9726000000000001
-0.83038330078125,1.9727000000000001
-0.977783203125,1.9728
-0.74005126953125,1.9729
-1.00433349609375,1.973
-0.63995361328125,1.9731
-0.86334228515625,1.9732000000000003
-0.8404541015625,1.9733000000000003
-0.59844970703125,1.9734000000000003
-1.04095458984375,1.9735000000000003
-0.68756103515625,1.9736000000000002
-0.5291748046875,1.9737000000000002
-0.936279296875,1.9738000000000002
-0.595703125,1.9739000000000002
-1.251220703125,1.9740000000000002
-0.7867431640625,1.9741000000000002
-0.77850341796875,1.9742000000000002
-0.70831298828125,1.9743000000000002
-0.848388671875,1.9744000000000002
-0.76202392578125,1.9745000000000001
-0.65704345703125,1.9746000000000001
-1.1468505859375,1.9747000000000001
-1.02752685546875,1.9748
-0.92071533203125,1.9749
-0.8538818359375,1.9750000000000003
-0.75653076171875,1.9751000000000003
-0.888671875,1.9752000000000003
-0.8929443359375,1.9753000000000003
-0.8990478515625,1.9754000000000003
-0.9967041015625,1.9755000000000003
-0.9429931640625,1.9756000000000002
-0.9295654296875,1.9757000000000002
-0.66314697265625,1.9758000000000002
-0.5743408203125,1.9759000000000002
-1.163330078125,1.9760000000000002
-1.1700439453125,1.9761000000000002
-1.0211181640625,1.9762000000000002
-0.80108642578125,1.9763000000000002
-1.12640380859375,1.9764000000000002
-1.2066650390625,1.9765000000000001
-0.75347900390625,1.9766000000000001
-0.95123291015625,1.9767000000000001
-1.07666015625,1.9768000000000003
-1.060791015625,1.9769000000000003
-0.86639404296875,1.9770000000000003
-0.9014892578125,1.9771000000000003
-0.89111328125,1.9772000000000003
-1.29302978515625,1.9773000000000003
-1.2432861328125,1.9774000000000003
-0.79620361328125,1.9775000000000003
-0.89935302734375,1.9776000000000002
-1.06414794921875,1.9777000000000002
-0.87127685546875,1.9778000000000002
-1.52618408203125,1.9779000000000002
-1.064453125,1.9780000000000002
-1.20391845703125,1.9781000000000002
-1.23931884765625,1.9782000000000002
-0.87982177734375,1.9783000000000002
-0.9747314453125,1.9784000000000002
-1.06475830078125,1.9785000000000001
-1.05804443359375,1.9786000000000001
-1.40869140625,1.9787000000000001
-1.09130859375,1.9788000000000003
-1.14715576171875,1.9789000000000003
-1.0760498046875,1.9790000000000003
-1.38824462890625,1.9791000000000003
-1.156005859375,1.9792000000000003
-1.42242431640625,1.9793000000000003
-1.33758544921875,1.9794000000000003
-1.01043701171875,1.9795000000000003
-1.41571044921875,1.9796000000000002
-1.16851806640625,1.9797000000000002
-1.28173828125,1.9798000000000002
-1.33819580078125,1.9799000000000002
-1.019287109375,1.9800000000000002
-1.31927490234375,1.9801000000000002
-0.97747802734375,1.9802000000000002
-1.126708984375,1.9803000000000002
-1.563720703125,1.9804000000000002
-1.7547607421875,1.9805000000000001
-1.23809814453125,1.9806000000000001
-1.16058349609375,1.9807000000000001
-1.475830078125,1.9808000000000003
-1.2591552734375,1.9809000000000003
-1.29241943359375,1.9810000000000003
-1.3299560546875,1.9811000000000003
-1.495361328125,1.9812000000000003
-1.4862060546875,1.9813000000000003
-1.33575439453125,1.9814000000000003
-1.4349365234375,1.9815000000000003
-1.50421142578125,1.9816000000000003
-1.42578125,1.9817000000000002
-1.62261962890625,1.9818000000000002
-1.36077880859375,1.9819000000000002
-1.2677001953125,1.9820000000000002
-1.70318603515625,1.9821000000000002
-1.5289306640625,1.9822000000000002
-1.51824951171875,1.9823000000000002
-1.37908935546875,1.9824000000000002
-1.24114990234375,1.9825000000000002
-1.50177001953125,1.9826000000000001
-1.21246337890625,1.9827000000000001
-1.41265869140625,1.9828000000000003
-1.7205810546875,1.9829000000000003
-1.6717529296875,1.9830000000000003
-1.69677734375,1.9831000000000003
-1.3763427734375,1.9832000000000003
-1.57928466796875,1.9833000000000003
-1.4654541015625,1.9834000000000003
-1.34002685546875,1.9835000000000003
-1.3812255859375,1.9836000000000003
-1.40380859375,1.9837000000000002
-1.6131591796875,1.9838000000000002
-1.3916015625,1.9839000000000002
-1.5582275390625,1.9840000000000002
-1.661376953125,1.9841000000000002
-1.4141845703125,1.9842000000000002
-1.815185546875,1.9843000000000002
-1.304931640625,1.9844000000000002
-1.61102294921875,1.9845000000000002
-1.44775390625,1.9846000000000001
-1.19293212890625,1.9847000000000001
-1.8121337890625,1.9848000000000003
-1.353759765625,1.9849000000000003
-1.56036376953125,1.9850000000000003
-1.3177490234375,1.9851000000000003
-1.37786865234375,1.9852000000000003
-1.17950439453125,1.9853000000000003
-1.36444091796875,1.9854000000000003
-1.4715576171875,1.9855000000000003
-1.46392822265625,1.9856000000000003
-1.715087890625,1.9857000000000002
-1.214599609375,1.9858000000000002
-1.1273193359375,1.9859000000000002
-1.18255615234375,1.9860000000000002
-1.016845703125,1.9861000000000002
-1.67755126953125,1.9862000000000002
-1.16851806640625,1.9863000000000002
-1.1383056640625,1.9864000000000002
-1.35162353515625,1.9865000000000002
-1.09954833984375,1.9866000000000001
-0.92559814453125,1.9867000000000001
-0.9576416015625,1.9868000000000001
-1.21246337890625,1.9869000000000003
-1.28875732421875,1.9870000000000003
-0.91033935546875,1.9871000000000003
-0.87738037109375,1.9872000000000003
-0.83160400390625,1.9873000000000003
-1.1688232421875,1.9874000000000003
-1.1285400390625,1.9875000000000003
-0.97320556640625,1.9876000000000003
-0.595703125,1.9877000000000002
-0.98846435546875,1.9878000000000002
-0.82550048828125,1.9879000000000002
-0.7257080078125,1.9880000000000002
-0.751953125,1.9881000000000002
-0.8428955078125,1.9882000000000002
-0.88775634765625,1.9883000000000002
-0.633544921875,1.9884000000000002
-0.58380126953125,1.9885000000000002
-0.57525634765625,1.9886000000000001
-0.66375732421875,1.9887000000000001
-0.59234619140625,1.9888000000000001
-0.7647705078125,1.9889000000000003
-0.3839111328125,1.9890000000000003
-0.6158447265625,1.9891000000000003
-0.4345703125,1.9892000000000003
-0.54473876953125,1.9893000000000003
-0.6597900390625,1.9894000000000003
-0.64239501953125,1.9895000000000003
-0.416259765625,1.9896000000000003
-0.43548583984375,1.9897000000000002
-0.4473876953125,1.9898000000000002
-0.557861328125,1.9899000000000002
-0.487060546875,1.9900000000000002
-0.518798828125,1.9901000000000002
-0.4241943359375,1.9902000000000002
-0.06591796875,1.9903000000000002
-0.24871826171875,1.9904000000000002
-0.27252197265625,1.9905000000000002
-0.9222412109375,1.9906000000000001
-0.445556640625,1.9907000000000001
-0.3045654296875,1.9908000000000001
-0.39276123046875,1.9909000000000003
-0.1324462890625,1.9910000000000003
-0.247802734375,1.9911000000000003
-0.133056640625,1.9912000000000003
-0.39703369140625,1.9913000000000003
-0.43914794921875,1.9914000000000003
-0.38330078125,1.9915000000000003
0.0494384765625,1.9916000000000003
-0.48858642578125,1.9917000000000002
-0.49041748046875,1.9918000000000002
-0.548095703125,1.9919000000000002
-0.41412353515625,1.9920000000000002
-0.23681640625,1.9921000000000002
-0.4595947265625,1.9922000000000002
-0.419921875,1.9923000000000002
-0.51910400390625,1.9924000000000002
-0.128173828125,1.9925000000000002
-0.4150390625,1.9926000000000001
-0.1922607421875,1.9927000000000001
-0.03143310546875,1.9928000000000001
-0.25634765625,1.9929000000000003
-0.54168701171875,1.9930000000000003
-0.46112060546875,1.9931000000000003
-0.296630859375,1.9932000000000003
0.00335693359375,1.9933000000000003
-0.24627685546875,1.9934000000000003
-0.27099609375,1.9935000000000003
-0.49102783203125,1.9936000000000003
-0.3717041015625,1.9937000000000002
-0.4962158203125,1.9938000000000002
-0.40191650390625,1.9939000000000002
-0.1611328125,1.9940000000000002
-0.42633056640625,1.9941000000000002
-0.4449462890625,1.9942000000000002
-0.39031982421875,1.9943000000000002
-0.4388427734375,1.9944000000000002
-0.11138916015625,1.9945000000000002
-0.24017333984375,1.9946000000000002
-0.1904296875,1.9947000000000001
-0.13427734375,1.9948000000000001
-0.05828857421875,1.9949000000000003
-0.27923583984375,1.9950000000000003
-0.4443359375,1.9951000000000003
-0.11138916015625,1.9952000000000003
-0.4296875,1.9953000000000003
-0.0360107421875,1.9954000000000003
-0.23681640625,1.9955000000000003
-0.31646728515625,1.9956000000000003
-0.16998291015625,1.9957000000000003
-0.3924560546875,1.9958000000000002
-0.16876220703125,1.9959000000000002
0.03753662109375,1.9960000000000002
0.1019287109375,1.9961000000000002
0.10772705078125,1.9962000000000002
-0.455322265625,1.9963000000000002
-0.10345458984375,1.9964000000000002
-0.41595458984375,1.9965000000000002
-0.06072998046875,1.9966000000000002
-0.284423828125,1.9967000000000001
-0.14984130859375,1.9968000000000001
0.1947021484375,1.9969000000000003
-0.4083251953125,1.9970000000000003
-0.12298583984375,1.9971000000000003
-0.0469970703125,1.9972000000000003
0.2362060546875,1.9973000000000003
0.29876708984375,1.9974000000000003
-0.29205322265625,1.9975000000000003
-0.02838134765625,1.9976000000000003
-0.02655029296875,1.9977000000000003
0.2105712890625,1.9978000000000002
0.1666259765625,1.9979000000000002
0.12176513671875,1.9980000000000002
0.3338623046875,1.9981000000000002
0.30059814453125,1.9982000000000002
-0.10040283203125,1.9983000000000002
0.045166015625,1.9984000000000002
0.3497314453125,1.9985000000000002
0.36468505859375,1.9986000000000002
0.35369873046875,1.9987000000000001
0.28350830078125,1.9988000000000001
0.19073486328125,1.9989000000000003
0.37872314453125,1.9990000000000003
0.355224609375,1.9991000000000003
0.3704833984375,1.9992000000000003
0.40008544921875,1.9993000000000003
0.157470703125,1.9994000000000003
0.3961181640625,1.9995000000000003
0.37933349609375,1.9996000000000003
0.38116455078125,1.9997000000000003
0.41015625,1.9998000000000002
0.4107666015625,1.9999000000000002
0.36163330078125,2.0
0.4144287109375,2.0001
0.40252685546875,2.0002
0.43212890625,2.0003
0.76202392578125,2.0004
0.61614990234375,2.0005
0.53070068359375,2.0006
0.39947509765625,2.0007
0.52825927734375,2.0008
0.46600341796875,2.0009
0.65399169921875,2.001
0.93414306640625,2.0011
0.5609130859375,2.0012
0.53863525390625,2.0013
0.4217529296875,2.0014
0.5291748046875,2.0015
0.7037353515625,2.0016
0.482177734375,2.0017
0.49652099609375,2.0018
0.4742431640625,2.0019
0.66802978515625,2.002
0.78857421875,2.0021
0.6719970703125,2.0022
0.6927490234375,2.0023
0.65338134765625,2.0024
0.53863525390625,2.0025
0.7452392578125,2.0026
0.8001708984375,2.0027
0.89935302734375,2.0028
0.94696044921875,2.0029
0.4571533203125,2.003
0.50201416015625,2.0031
0.5596923828125,2.0032
0.75439453125,2.0033
1.08795166015625,2.0034
0.7196044921875,2.0035
0.7135009765625,2.0036
0.52398681640625,2.0037
0.87127685546875,2.0038
0.93231201171875,2.0039
0.96038818359375,2.004
0.9075927734375,2.0041
0.6707763671875,2.0042
0.54534912109375,2.0043
0.62103271484375,2.0044
0.93994140625,2.0045
1.25335693359375,2.0046
1.22222900390625,2.0047
0.85052490234375,2.0048
0.712890625,2.0049
0.83343505859375,2.005
0.7904052734375,2.0051
0.76629638671875,2.0052
0.7843017578125,2.0053
0.6036376953125,2.0054
0.8056640625,2.0055
0.88043212890625,2.0056
0.72357177734375,2.0057
1.04705810546875,2.0058
0.95489501953125,2.0059
0.89508056640625,2.006
0.828857421875,2.0061
1.3916015625,2.0062
1.15325927734375,2.0063
0.74127197265625,2.0064
1.051025390625,2.0065
0.4461669921875,2.0066
0.8074951171875,2.0067
0.7611083984375,2.0068
0.95977783203125,2.0069
1.0797119140625,2.007
0.5859375,2.0071
1.04095458984375,2.0072
0.89599609375,2.0073
1.10565185546875,2.0074
1.1444091796875,2.0075
0.89691162109375,2.0076
1.0009765625,2.0077
0.82244873046875,2.0078
1.134033203125,2.0079
0.94573974609375,2.008
1.07269287109375,2.0081
0.9759521484375,2.0082
0.5487060546875,2.0083
0.78857421875,2.0084
0.66619873046875,2.0085
0.816650390625,2.0086
1.08306884765625,2.0087
0.88592529296875,2.0088
1.0498046875,2.0089
0.7965087890625,2.009
0.8544921875,2.0091
1.10748291015625,2.0092
0.98297119140625,2.0093
1.16302490234375,2.0094
0.55023193359375,2.0095
0.97259521484375,2.0096
0.83953857421875,2.0097
0.7958984375,2.0098
1.17828369140625,2.0099
0.8343505859375,2.01
0.80963134765625,2.0101
0.69183349609375,2.0102
0.97198486328125,2.0103
1.1688232421875,2.0104
1.01409912109375,2.0105
1.1700439453125,2.0106
0.64910888671875,2.0107
0.9637451171875,2.0108
0.73638916015625,2.0109
1.20880126953125,2.011
1.02508544921875,2.0111
0.7794189453125,2.0112
1.2518310546875,2.0113
0.723876953125,2.0114
0.655517578125,2.0115
0.9710693359375,2.0116
1.05743408203125,2.0117
0.84014892578125,2.0118
0.8270263671875,2.0119
0.78277587890625,2.012
0.9942626953125,2.0121
1.14715576171875,2.0122
0.9039306640625,2.0123
1.0345458984375,2.0124
0.9832763671875,2.0125
1.03179931640625,2.0126
0.76324462890625,2.0127
1.141357421875,2.0128
1.10931396484375,2.0129
0.9381103515625,2.013
0.8245849609375,2.0131
0.616455078125,2.0132
1.0546875,2.0133
1.0498046875,2.0134
0.98724365234375,2.0135
0.994873046875,2.0136
1.17706298828125,2.0137
1.036376953125,2.0138
1.2164306640625,2.0139
1.16851806640625,2.014
0.98846435546875,2.0141
1.51275634765625,2.0142
0.96527099609375,2.0143
0.8453369140625,2.0144
1.1419677734375,2.0145
1.5533447265625,2.0146
1.52587890625,2.0147
1.37725830078125,2.0148
1.0247802734375,2.0149
1.090087890625,2.015
1.04095458984375,2.0151
1.1346435546875,2.0152
1.551513671875,2.0153
1.43798828125,2.0154
1.18194580078125,2.0155
1.17919921875,2.0156
1.419677734375,2.0157
1.5234375,2.0158
1.31439208984375,2.0159
1.5106201171875,2.016
1.221923828125,2.0161
1.4813232421875,2.0162
1.3238525390625,2.0163
1.627197265625,2.0164
1.40350341796875,2.0165
1.5924072265625,2.0166
1.03485107421875,2.0167
1.1383056640625,2.0168
1.4971923828125,2.0169
1.669921875,2.017
1.700439453125,2.0171
1.18377685546875,2.0172
1.58721923828125,2.0173
1.39801025390625,2.0174
1.4520263671875,2.0175
1.439208984375,2.0176
1.634521484375,2.0177
1.97723388671875,2.0178
1.26922607421875,2.0179
1.6973876953125,2.018
1.30584716796875,2.0181
1.96075439453125,2.0182
1.85699462890625,2.0183
1.19384765625,2.0184
1.37420654296875,2.0185
1.53289794921875,2.0186
1.798095703125,2.0187
1.68426513671875,2.0188
1.48040771484375,2.0189
2.0849609375,2.019
1.7864990234375,2.0191
1.34429931640625,2.0192
1.60491943359375,2.0193
1.99249267578125,2.0194
1.93145751953125,2.0195
1.67236328125,2.0196
1.8096923828125,2.0197
1.666259765625,2.0198
1.43798828125,2.0199
1.6064453125,2.02
1.19842529296875,2.0201
2.01324462890625,2.0202
1.71295166015625,2.0203
1.68548583984375,2.0204
1.86248779296875,2.0205
1.8865966796875,2.0206
1.873779296875,2.0207
1.4630126953125,2.0208
1.798095703125,2.0209
1.5863037109375,2.021
2.03155517578125,2.0211
1.722412109375,2.0212
1.4385986328125,2.0213
2.2991943359375,2.0214
1.4532470703125,2.0215
1.72027587890625,2.0216
1.59912109375,2.0217
1.3641357421875,2.0218
2.017822265625,2.0219
1.6949462890625,2.022
1.142578125,2.0221
1.7596435546875,2.0222
1.89361572265625,2.0223
1.75628662109375,2.0224
1.72088623046875,2.0225
1.953125,2.0226
1.79962158203125,2.0227
1.453857421875,2.0228
1.86309814453125,2.0229
1.92169189453125,2.023
2.1337890625,2.0231
1.86676025390625,2.0232
1.25396728515625,2.0233
1.69403076171875,2.0234
1.7840576171875,2.0235
1.6668701171875,2.0236
1.98638916015625,2.0237
2.09625244140625,2.0238
2.00836181640625,2.0239
1.51275634765625,2.024
1.91680908203125,2.0241
1.534423828125,2.0242
2.19451904296875,2.0243
1.81121826171875,2.0244
1.21368408203125,2.0245
1.7919921875,2.0246
1.91192626953125,2.0247
1.93817138671875,2.0248
1.7620849609375,2.0249
1.61834716796875,2.025
1.7950439453125,2.0251
1.5924072265625,2.0252
1.678466796875,2.0253
1.98150634765625,2.0254
2.31597900390625,2.0255
1.5869140625,2.0256
1.5087890625,2.0257
1.66778564453125,2.0258000000000003
1.93511962890625,2.0259
2.108154296875,2.0260000000000002
1.973876953125,2.0261
1.33331298828125,2.0262000000000002
1.88201904296875,2.0263
1.3311767578125,2.0264
1.5692138671875,2.0265
2.109375,2.0266
2.0465087890625,2.0267
1.76910400390625,2.0268
1.27410888671875,2.0269
1.84478759765625,2.027
1.81976318359375,2.0271
2.10540771484375,2.0272
2.12677001953125,2.0273
1.88262939453125,2.0274
1.72760009765625,2.0275
1.40380859375,2.0276
1.61468505859375,2.0277
1.66900634765625,2.0278
1.7529296875,2.0279000000000003
1.85211181640625,2.028
1.84783935546875,2.0281000000000002
1.5087890625,2.0282
1.92230224609375,2.0283
2.00439453125,2.0284
1.51580810546875,2.0285
2.027587890625,2.0286
1.383056640625,2.0287
2.01629638671875,2.0288
1.86279296875,2.0289
1.58050537109375,2.029
2.04559326171875,2.0291
1.6107177734375,2.0292
1.61651611328125,2.0293
1.59210205078125,2.0294
1.98883056640625,2.0295
1.87744140625,2.0296
1.7333984375,2.0297
1.88018798828125,2.0298000000000003
1.6143798828125,2.0299
1.75140380859375,2.0300000000000002
1.7108154296875,2.0301
1.590576171875,2.0302000000000002
1.8792724609375,2.0303
1.82861328125,2.0304
1.89178466796875,2.0305
1.81915283203125,2.0306
1.8267822265625,2.0307
1.614990234375,2.0308
1.68792724609375,2.0309
1.95465087890625,2.031
1.81549072265625,2.0311
1.84356689453125,2.0312
1.97113037109375,2.0313
1.36322021484375,2.0314
2.08770751953125,2.0315
1.36474609375,2.0316
1.7938232421875,2.0317
1.81884765625,2.0318
1.4581298828125,2.0319000000000003
1.4776611328125,2.032
1.35223388671875,2.0321000000000002
1.87286376953125,2.0322
1.5032958984375,2.0323
2.0672607421875,2.0324
1.61376953125,2.0325
1.61529541015625,2.0326
1.67266845703125,2.0327
1.27197265625,2.0328
1.58843994140625,2.0329
1.6717529296875,2.033
1.6326904296875,2.0331
1.5399169921875,2.0332
1.20513916015625,2.0333
1.42852783203125,2.0334
1.9305419921875,2.0335
1.4910888671875,2.0336
1.6815185546875,2.0337
1.57196044921875,2.0338000000000003
1.6729736328125,2.0339
1.79473876953125,2.0340000000000003
1.48040771484375,2.0341
1.71417236328125,2.0342000000000002
1.31378173828125,2.0343
1.395263671875,2.0344
1.23504638671875,2.0345
1.5484619140625,2.0346
1.947021484375,2.0347
1.4190673828125,2.0348
1.55120849609375,2.0349
1.522216796875,2.035
1.4276123046875,2.0351
1.47705078125,2.0352
1.5594482421875,2.0353
1.58660888671875,2.0354
1.69097900390625,2.0355
1.5228271484375,2.0356
1.1065673828125,2.0357
1.99859619140625,2.0358
1.74072265625,2.0359000000000003
1.51824951171875,2.036
1.60736083984375,2.0361000000000002
1.44500732421875,2.0362
1.25274658203125,2.0363
1.400146484375,2.0364
1.09222412109375,2.0365
1.5283203125,2.0366
1.56707763671875,2.0367
1.45660400390625,2.0368
1.4007568359375,2.0369
1.67083740234375,2.037
1.89056396484375,2.0371
1.56463623046875,2.0372
1.66778564453125,2.0373
1.45721435546875,2.0374
1.5069580078125,2.0375
1.6937255859375,2.0376
1.32568359375,2.0377
1.7694091796875,2.0378
1.58355712890625,2.0379
1.129150390625,2.0380000000000003
1.57806396484375,2.0381
1.83502197265625,2.0382000000000002
1.71722412109375,2.0383
1.85394287109375,2.0384
1.77337646484375,2.0385
1.31805419921875,2.0386
1.71356201171875,2.0387
1.19720458984375,2.0388
1.6021728515625,2.0389
1.92108154296875,2.039
1.744384765625,2.0391
1.51153564453125,2.0392
1.0504150390625,2.0393
1.27410888671875,2.0394
1.31988525390625,2.0395
1.97509765625,2.0396
1.58172607421875,2.0397
1.6900634765625,2.0398
1.96258544921875,2.0399000000000003
1.439208984375,2.04
1.387939453125,2.0401000000000002
1.7730712890625,2.0402
1.944580078125,2.0403000000000002
1.6473388671875,2.0404
1.383056640625,2.0405
1.44989013671875,2.0406
1.552734375,2.0407
1.66595458984375,2.0408
1.387939453125,2.0409
1.4910888671875,2.041
1.6973876953125,2.0411
1.3873291015625,2.0412
1.48162841796875,2.0413
1.6973876953125,2.0414
1.67083740234375,2.0415
1.69158935546875,2.0416
0.94085693359375,2.0417
1.42913818359375,2.0418
1.3385009765625,2.0419
1.65069580078125,2.0420000000000003
1.60614013671875,2.0421
1.3763427734375,2.0422000000000002
1.5234375,2.0423
1.02783203125,2.0424
1.60400390625,2.0425
1.61865234375,2.0426
1.72637939453125,2.0427
1.56463623046875,2.0428
0.74554443359375,2.0429
1.36474609375,2.043
1.35162353515625,2.0431
1.73370361328125,2.0432
1.8389892578125,2.0433
1.1407470703125,2.0434
1.47369384765625,2.0435
1.13739013671875,2.0436
1.031494140625,2.0437
1.53045654296875,2.0438
1.64642333984375,2.0439000000000003
1.49322509765625,2.044
1.0028076171875,2.0441000000000003
1.03912353515625,2.0442
1.36016845703125,2.0443000000000002
1.21185302734375,2.0444
1.522216796875,2.0445
1.20330810546875,2.0446
1.53839111328125,2.0447
1.298828125,2.0448
1.4495849609375,2.0449
1.67999267578125,2.045
1.53961181640625,2.0451
1.26495361328125,2.0452
1.21063232421875,2.0453
1.0052490234375,2.0454
1.36199951171875,2.0455
1.44805908203125,2.0456
1.63330078125,2.0457
1.063232421875,2.0458
1.37969970703125,2.0459
1.0546875,2.0460000000000003
1.1566162109375,2.0461
1.708984375,2.0462000000000002
1.38427734375,2.0463
1.28326416015625,2.0464
1.2835693359375,2.0465
0.8685302734375,2.0466
1.1737060546875,2.0467
1.69525146484375,2.0468
1.689453125,2.0469
1.34765625,2.047
1.29669189453125,2.0471
1.22039794921875,2.0472
1.07330322265625,2.0473
1.47613525390625,2.0474
1.6033935546875,2.0475
1.414794921875,2.0476
1.12518310546875,2.0477
0.7806396484375,2.0478
1.36322021484375,2.0479000000000003
1.27044677734375,2.048
1.4373779296875,2.0481000000000003
1.536865234375,2.0482
1.370849609375,2.0483000000000002
1.3812255859375,2.0484
1.0400390625,2.0485
1.5673828125,2.0486
1.52130126953125,2.0487
1.3958740234375,2.0488
1.24359130859375,2.0489
1.357421875,2.049
1.60125732421875,2.0491
1.4569091796875,2.0492
1.32293701171875,2.0493
1.38275146484375,2.0494
1.16180419921875,2.0495
1.03912353515625,2.0496
1.42822265625,2.0497
1.5655517578125,2.0498
1.82403564453125,2.0499
1.74163818359375,2.0500000000000003
1.22344970703125,2.0501000000000005
1.31134033203125,2.0502000000000002
1.18560791015625,2.0503000000000005
1.5350341796875,2.0504000000000002
1.62994384765625,2.0505000000000004
1.55059814453125,2.0506
1.319580078125,2.0507000000000004
1.1358642578125,2.0508
1.02783203125,2.0509000000000004
1.24908447265625,2.051
1.507568359375,2.0511000000000004
1.60400390625,2.0512
1.4031982421875,2.0513000000000003
1.32598876953125,2.0514
1.55853271484375,2.0515000000000003
1.36688232421875,2.0516
1.458740234375,2.0517000000000003
1.34490966796875,2.0518
1.63238525390625,2.0519000000000003
0.96923828125,2.052
1.13037109375,2.0521000000000003
1.3983154296875,2.0522000000000005
1.41143798828125,2.0523000000000002
1.49169921875,2.0524000000000004
0.86395263671875,2.0525
1.4154052734375,2.0526000000000004
1.1309814453125,2.0527
1.2213134765625,2.0528000000000004
1.50482177734375,2.0529
1.370849609375,2.0530000000000004
1.690673828125,2.0531
0.92193603515625,2.0532000000000004
1.48651123046875,2.0533
1.60064697265625,2.0534000000000003
1.5374755859375,2.0535
1.80511474609375,2.0536000000000003
1.0546875,2.0537
1.23199462890625,2.0538000000000003
1.00555419921875,2.0539
1.21063232421875,2.0540000000000003
1.668701171875,2.0541000000000005
1.402587890625,2.0542000000000002
1.396484375,2.0543000000000005
1.151123046875,2.0544000000000002
1.13311767578125,2.0545000000000004
1.55487060546875,2.0546
1.502685546875,2.0547000000000004
1.5777587890625,2.0548
1.43829345703125,2.0549000000000004
1.5338134765625,2.055
1.3385009765625,2.0551000000000004
1.209716796875,2.0552
1.46881103515625,2.0553000000000003
1.06658935546875,2.0554
1.6082763671875,2.0555000000000003
1.49505615234375,2.0556
1.00128173828125,2.0557000000000003
1.578369140625,2.0558
1.50238037109375,2.0559000000000003
1.744384765625,2.056
1.25244140625,2.0561000000000003
1.6448974609375,2.0562000000000005
1.25030517578125,2.0563000000000002
1.44317626953125,2.0564000000000004
1.37542724609375,2.0565
1.51031494140625,2.0566000000000004
1.78985595703125,2.0567
1.27593994140625,2.0568000000000004
1.3568115234375,2.0569
1.2664794921875,2.0570000000000004
1.4678955078125,2.0571
1.134033203125,2.0572000000000004
1.64215087890625,2.0573
1.6436767578125,2.0574000000000003
1.47491455078125,2.0575
1.4727783203125,2.0576000000000003
1.33880615234375,2.0577
1.46881103515625,2.0578000000000003
1.60186767578125,2.0579
1.7669677734375,2.0580000000000003
1.30950927734375,2.0581000000000005
1.56463623046875,2.0582000000000003
1.4776611328125,2.0583000000000005
1.4459228515625,2.0584000000000002
1.55670166015625,2.0585000000000004
1.5167236328125,2.0586
1.6339111328125,2.0587000000000004
1.52679443359375,2.0588
1.21917724609375,2.0589000000000004
1.66900634765625,2.059
1.79290771484375,2.0591000000000004
1.54632568359375,2.0592
1.634521484375,2.0593000000000004
1.38641357421875,2.0594
1.64031982421875,2.0595000000000003
1.54541015625,2.0596
1.39251708984375,2.0597000000000003
1.7950439453125,2.0598
1.3421630859375,2.0599000000000003
1.68182373046875,2.06
1.48101806640625,2.0601000000000003
1.47796630859375,2.0602000000000005
1.82708740234375,2.0603000000000002
1.116943359375,2.0604000000000005
1.61956787109375,2.0605
1.383056640625,2.0606000000000004
1.78375244140625,2.0607
1.6790771484375,2.0608000000000004
1.4996337890625,2.0609
1.8072509765625,2.0610000000000004
1.59210205078125,2.0611
1.4215087890625,2.0612000000000004
1.414794921875,2.0613
1.4422607421875,2.0614000000000003
1.68304443359375,2.0615
1.96929931640625,2.0616000000000003
1.61468505859375,2.0617
1.37115478515625,2.0618000000000003
1.42425537109375,2.0619
1.59820556640625,2.0620000000000003
1.23504638671875,2.0621000000000005
1.70196533203125,2.0622000000000003
1.6607666015625,2.0623000000000005
1.62811279296875,2.0624000000000002
1.42059326171875,2.0625000000000004
0.9991455078125,2.0626
1.6351318359375,2.0627000000000004
1.26739501953125,2.0628
1.68426513671875,2.0629000000000004
1.56829833984375,2.063
1.72454833984375,2.0631000000000004
1.62811279296875,2.0632
1.361083984375,2.0633000000000004
1.9085693359375,2.0634
1.43524169921875,2.0635000000000003
1.65771484375,2.0636
1.3055419921875,2.0637000000000003
1.30279541015625,2.0638
1.8402099609375,2.0639000000000003
1.19873046875,2.064
1.57318115234375,2.0641000000000003
1.466064453125,2.0642000000000005
1.42547607421875,2.0643000000000002
1.668701171875,2.0644000000000005
1.81610107421875,2.0645000000000002
1.44744873046875,2.0646000000000004
1.4508056640625,2.0647
1.58355712890625,2.0648000000000004
1.50360107421875,2.0649
1.53778076171875,2.0650000000000004
2.0880126953125,2.0651
1.66961669921875,2.0652000000000004
1.49383544921875,2.0653
1.52496337890625,2.0654000000000003
1.16302490234375,2.0655
1.64581298828125,2.0656000000000003
1.75323486328125,2.0657
1.38397216796875,2.0658000000000003
1.50299072265625,2.0659
1.8011474609375,2.0660000000000003
1.590576171875,2.0661
1.6668701171875,2.0662000000000003
1.8353271484375,2.0663000000000005
1.48712158203125,2.0664000000000002
1.69403076171875,2.0665000000000004
1.6375732421875,2.0666
1.77947998046875,2.0667000000000004
1.9610595703125,2.0668
1.24267578125,2.0669000000000004
1.20208740234375,2.067
1.20269775390625,2.0671000000000004
1.45477294921875,2.0672
1.55792236328125,2.0673000000000004
1.79229736328125,2.0674
1.57135009765625,2.0675000000000003
1.36505126953125,2.0676
1.7193603515625,2.0677000000000003
1.37969970703125,2.0678
1.6436767578125,2.0679000000000003
1.97418212890625,2.068
1.65924072265625,2.0681000000000003
1.53656005859375,2.0682000000000005
1.29791259765625,2.0683000000000002
1.49139404296875,2.0684000000000005
1.5936279296875,2.0685000000000002
1.84661865234375,2.0686000000000004
1.22894287109375,2.0687
1.58538818359375,2.0688000000000004
1.56402587890625,2.0689
1.23443603515625,2.0690000000000004
1.8988037109375,2.0691
1.702880859375,2.0692000000000004
1.85150146484375,2.0693
1.5936279296875,2.0694000000000004
1.5093994140625,2.0695
1.80267333984375,2.0696000000000003
1.60614013671875,2.0697
1.829833984375,2.0698000000000003
1.5521240234375,2.0699
1.78619384765625,2.0700000000000003
1.36260986328125,2.0701
1.62811279296875,2.0702000000000003
1.763916015625,2.0703000000000005
1.593017578125,2.0704000000000002
1.56280517578125,2.0705000000000005
1.73614501953125,2.0706
1.27838134765625,2.0707000000000004
1.9647216796875,2.0708
1.66595458984375,2.0709000000000004
1.67083740234375,2.071
1.8231201171875,2.0711000000000004
1.55303955078125,2.0712
1.62017822265625,2.0713000000000004
1.54205322265625,2.0714
1.7742919921875,2.0715000000000003
1.43646240234375,2.0716
1.65283203125,2.0717000000000003
1.5704345703125,2.0718
0.97686767578125,2.0719000000000003
1.52587890625,2.072
1.551513671875,2.0721000000000003
1.72882080078125,2.0722000000000005
1.58599853515625,2.0723000000000003
1.28936767578125,2.0724000000000005
1.611328125,2.0725000000000002
1.649169921875,2.0726000000000004
1.79046630859375,2.0727
1.73095703125,2.0728000000000004
1.76971435546875,2.0729
1.1712646484375,2.0730000000000004
1.239013671875,2.0731
1.650390625,2.0732000000000004
1.22894287109375,2.0733
1.900634765625,2.0734000000000004
1.575927734375,2.0735
1.3531494140625,2.0736000000000003
1.55487060546875,2.0737
1.41326904296875,2.0738000000000003
1.66778564453125,2.0739
1.5277099609375,2.0740000000000003
1.39251708984375,2.0741
1.3970947265625,2.0742000000000003
1.2115478515625,2.0743000000000005
1.54327392578125,2.0744000000000002
1.492919921875,2.0745000000000005
1.4764404296875,2.0746
1.69158935546875,2.0747000000000004
1.17767333984375,2.0748
1.44012451171875,2.0749000000000004
1.38092041015625,2.075
1.60888671875,2.0751000000000004
1.85943603515625,2.0752
1.20269775390625,2.0753000000000004
1.36810302734375,2.0754
0.99609375,2.0755000000000003
1.180419921875,2.0756
1.59271240234375,2.0757000000000003
1.56097412109375,2.0758000000000005
1.86492919921875,2.0759000000000003
1.53167724609375,2.0760000000000005
1.58050537109375,2.0761000000000003
1.17401123046875,2.0762000000000005
1.34124755859375,2.0763000000000003
1.1065673828125,2.0764000000000005
1.32232666015625,2.0765000000000002
1.22528076171875,2.0766000000000004
1.30828857421875,2.0767
1.45721435546875,2.0768000000000004
1.39068603515625,2.0769
0.916748046875,2.0770000000000004
1.4678955078125,2.0771
1.52252197265625,2.0772000000000004
1.48193359375,2.0773
1.58538818359375,2.0774000000000004
1.5203857421875,2.0775
1.531982421875,2.0776000000000003
1.1798095703125,2.0777
1.64642333984375,2.0778000000000003
1.3507080078125,2.0779000000000005
1.6082763671875,2.0780000000000003
1.49017333984375,2.0781000000000005
1.199951171875,2.0782000000000003
1.88140869140625,2.0783000000000005
1.13739013671875,2.0784000000000002
1.4501953125,2.0785000000000005
1.40045166015625,2.0786000000000002
1.160888671875,2.0787000000000004
1.3702392578125,2.0788
1.51458740234375,2.0789000000000004
1.36871337890625,2.079
1.53411865234375,2.0791000000000004
1.5692138671875,2.0792
1.32843017578125,2.0793000000000004
1.61407470703125,2.0794
1.8572998046875,2.0795000000000003
1.60919189453125,2.0796
1.639404296875,2.0797000000000003
1.522216796875,2.0798000000000005
1.08001708984375,2.0799000000000003
1.37908935546875,2.0800000000000005
1.7413330078125,2.0801000000000003
1.28082275390625,2.0802000000000005
1.4849853515625,2.0803000000000003
1.7938232421875,2.0804000000000005
1.20330810546875,2.0805000000000002
1.64703369140625,2.0806000000000004
1.40655517578125,2.0807
1.624755859375,2.0808000000000004
1.9775390625,2.0809
1.473388671875,2.0810000000000004
1.48284912109375,2.0811
1.73004150390625,2.0812000000000004
1.45050048828125,2.0813
1.15234375,2.0814000000000004
1.300048828125,2.0815
1.6314697265625,2.0816000000000003
1.605224609375,2.0817
1.57501220703125,2.0818000000000003
1.32781982421875,2.0819000000000005
1.37664794921875,2.0820000000000003
1.7218017578125,2.0821000000000005
1.290283203125,2.0822000000000003
1.43798828125,2.0823000000000005
1.65618896484375,2.0824000000000003
1.5850830078125,2.0825000000000005
1.7242431640625,2.0826000000000002
1.4581298828125,2.0827000000000004
1.43646240234375,2.0828
1.21826171875,2.0829000000000004
1.5777587890625,2.083
1.21917724609375,2.0831000000000004
1.44439697265625,2.0832
1.81396484375,2.0833000000000004
1.13006591796875,2.0834
1.45904541015625,2.0835000000000004
1.357421875,2.0836
1.47613525390625,2.0837000000000003
1.58935546875,2.0838000000000005
1.66229248046875,2.0839000000000003
1.85394287109375,2.0840000000000005
1.5185546875,2.0841000000000003
1.43157958984375,2.0842000000000005
1.25396728515625,2.0843000000000003
1.62200927734375,2.0844000000000005
1.890869140625,2.0845000000000002
1.57135009765625,2.0846000000000005
1.5106201171875,2.0847
1.01104736328125,2.0848000000000004
1.3201904296875,2.0849
1.6778564453125,2.0850000000000004
1.52984619140625,2.0851
2.056884765625,2.0852000000000004
1.62200927734375,2.0853
1.04949951171875,2.0854000000000004
1.494140625,2.0855
1.35650634765625,2.0856000000000003
1.7620849609375,2.0857
1.6552734375,2.0858000000000003
1.70318603515625,2.0859000000000005
1.5283203125,2.0860000000000003
1.1138916015625,2.0861000000000005
1.52099609375,2.0862000000000003
1.40106201171875,2.0863000000000005
1.68426513671875,2.0864000000000003
1.6265869140625,2.0865000000000005
1.48773193359375,2.0866000000000002
1.41357421875,2.0867000000000004
1.397705078125,2.0868
1.86737060546875,2.0869000000000004
1.95831298828125,2.087
1.63116455078125,2.0871000000000004
1.624755859375,2.0872
1.34033203125,2.0873000000000004
1.60858154296875,2.0874
1.5264892578125,2.0875000000000004
1.6558837890625,2.0876
1.6253662109375,2.0877000000000003
1.18988037109375,2.0878
1.50360107421875,2.0879000000000003
1.04156494140625,2.0880000000000005
1.77734375,2.0881000000000003
1.7230224609375,2.0882000000000005
1.55609130859375,2.0883000000000003
1.94427490234375,2.0884000000000005
1.36932373046875,2.0885000000000002
1.6888427734375,2.0886000000000005
1.40716552734375,2.0887000000000002
1.59088134765625,2.0888000000000004
1.69921875,2.0889
1.53839111328125,2.0890000000000004
1.5875244140625,2.0891
1.45172119140625,2.0892000000000004
1.52618408203125,2.0893
1.64886474609375,2.0894000000000004
1.80328369140625,2.0895
1.92626953125,2.0896000000000003
1.73004150390625,2.0897
1.85394287109375,2.0898000000000003
1.59423828125,2.0899000000000005
1.649169921875,2.0900000000000003
1.67205810546875,2.0901000000000005
1.87591552734375,2.0902000000000003
1.80023193359375,2.0903000000000005
1.85546875,2.0904000000000003
1.73065185546875,2.0905000000000005
1.6143798828125,2.0906000000000002
1.90185546875,2.0907000000000004
1.53045654296875,2.0908
1.6876220703125,2.0909000000000004
1.773681640625,2.091
1.83746337890625,2.0911000000000004
1.663818359375,2.0912
1.97998046875,2.0913000000000004
1.7144775390625,2.0914
1.53778076171875,2.0915000000000004
1.5130615234375,2.0916
1.79779052734375,2.0917000000000003
1.9268798828125,2.0918
1.834716796875,2.0919000000000003
1.7596435546875,2.0920000000000005
1.38916015625,2.0921000000000003
1.66839599609375,2.0922000000000005
1.52496337890625,2.0923000000000003
1.80877685546875,2.0924000000000005
1.67022705078125,2.0925000000000002
1.89483642578125,2.0926000000000005
1.7822265625,2.0927000000000002
1.3165283203125,2.0928000000000004
1.55853271484375,2.0929
1.50604248046875,2.0930000000000004
1.71630859375,2.0931
1.5704345703125,2.0932000000000004
1.75048828125,2.0933
1.6680908203125,2.0934000000000004
1.629638671875,2.0935
1.888427734375,2.0936000000000003
1.45538330078125,2.0937
1.9744873046875,2.0938000000000003
1.885986328125,2.0939000000000005
1.954345703125,2.0940000000000003
1.59088134765625,2.0941000000000005
1.20269775390625,2.0942000000000003
1.8182373046875,2.0943000000000005
1.3873291015625,2.0944000000000003
1.82861328125,2.0945000000000005
1.80908203125,2.0946000000000002
1.48529052734375,2.0947000000000005
1.71600341796875,2.0948
1.4007568359375,2.0949000000000004
1.6351318359375,2.095
2.07183837890625,2.0951000000000004
1.43707275390625,2.0952
1.78466796875,2.0953000000000004
1.65313720703125,2.0954
1.6717529296875,2.0955000000000004
1.31591796875,2.0956
1.571044921875,2.0957000000000003
1.93817138671875,2.0958
1.7401123046875,2.0959000000000003
1.8560791015625,2.0960000000000005
1.85272216796875,2.0961000000000003
1.60125732421875,2.0962000000000005
2.02178955078125,2.0963000000000003
1.83258056640625,2.0964000000000005
1.4959716796875,2.0965000000000003
1.32843017578125,2.0966000000000005
1.33880615234375,2.0967000000000002
1.8743896484375,2.0968000000000004
1.671142578125,2.0969
1.94427490234375,2.0970000000000004
1.6802978515625,2.0971
1.78192138671875,2.0972000000000004
1.641845703125,2.0973
1.6741943359375,2.0974000000000004
2.109375,2.0975
1.74346923828125,2.0976000000000004
1.8206787109375,2.0977
1.7242431640625,2.0978000000000003
1.55731201171875,2.0979000000000005
1.8218994140625,2.0980000000000003
1.60858154296875,2.0981000000000005
1.968994140625,2.0982000000000003
2.04986572265625,2.0983000000000005
1.99005126953125,2.0984000000000003
1.6424560546875,2.0985000000000005
1.4935302734375,2.0986000000000002
2.4310302734375,2.0987000000000005
2.078857421875,2.0988
1.9146728515625,2.0989000000000004
1.9287109375,2.099
1.3623046875,2.0991000000000004
1.90277099609375,2.0992
1.34979248046875,2.0993000000000004
2.1343994140625,2.0994
2.11395263671875,2.0995000000000004
1.77093505859375,2.0996
1.86309814453125,2.0997000000000003
1.4605712890625,2.0998
2.09869384765625,2.0999000000000003
1.881103515625,2.1
2.11669921875,2.1001000000000003
2.03155517578125,2.1002
1.87469482421875,2.1003000000000003
1.98699951171875,2.1004
1.66351318359375,2.1005000000000003
1.86187744140625,2.1006
1.80328369140625,2.1007000000000002
2.10479736328125,2.1008
1.7352294921875,2.1009
1.85699462890625,2.101
1.802978515625,2.1011
2.02911376953125,2.1012
2.14080810546875,2.1013
1.798095703125,2.1014
1.68182373046875,2.1015
1.8560791015625,2.1016
1.85150146484375,2.1017
2.242431640625,2.1018
2.08221435546875,2.1019
1.900634765625,2.102
1.7919921875,2.1021
1.4788818359375,2.1022000000000003
1.7510986328125,2.1023
1.82525634765625,2.1024000000000003
1.89788818359375,2.1025
2.078857421875,2.1026000000000002
1.78253173828125,2.1027
1.49627685546875,2.1028000000000002
1.50970458984375,2.1029
2.0635986328125,2.103
2.14813232421875,2.1031
2.178955078125,2.1032
1.86187744140625,2.1033
1.52008056640625,2.1034
1.74652099609375,2.1035
1.8511962890625,2.1036
2.05718994140625,2.1037
2.09136962890625,2.1038
2.01080322265625,2.1039
1.5423583984375,2.104
1.826171875,2.1041000000000003
1.72271728515625,2.1042
1.36260986328125,2.1043000000000003
2.2344970703125,2.1044
1.7620849609375,2.1045000000000003
1.89239501953125,2.1046
1.92291259765625,2.1047000000000002
2.03155517578125,2.1048
2.0550537109375,2.1049
1.7431640625,2.105
2.08831787109375,2.1051
1.732177734375,2.1052
1.74102783203125,2.1053
1.81427001953125,2.1054
1.9659423828125,2.1055
1.93023681640625,2.1056
1.51763916015625,2.1057
1.66656494140625,2.1058
1.9439697265625,2.1059
1.67755126953125,2.106
2.0941162109375,2.1061
2.28057861328125,2.1062000000000003
1.82373046875,2.1063
1.79779052734375,2.1064000000000003
1.67816162109375,2.1065
1.57440185546875,2.1066000000000003
1.9635009765625,2.1067
2.191162109375,2.1068000000000002
1.7718505859375,2.1069
1.8341064453125,2.107
1.8560791015625,2.1071
1.39129638671875,2.1072
2.03948974609375,2.1073
1.97174072265625,2.1074
1.904296875,2.1075
1.795654296875,2.1076
1.59210205078125,2.1077
1.93878173828125,2.1078
1.9757080078125,2.1079
2.13287353515625,2.108
1.60491943359375,2.1081000000000003
2.0184326171875,2.1082
1.91650390625,2.1083000000000003
1.7138671875,2.1084
1.96563720703125,2.1085000000000003
1.82403564453125,2.1086
1.77032470703125,2.1087000000000002
1.80633544921875,2.1088
1.2774658203125,2.1089
1.8658447265625,2.109
1.89117431640625,2.1091
1.846923828125,2.1092
1.904296875,2.1093
1.45416259765625,2.1094
2.0526123046875,2.1095
1.763916015625,2.1096
1.8804931640625,2.1097
2.03582763671875,2.1098
1.78375244140625,2.1099
1.92596435546875,2.11
1.343994140625,2.1101
1.80938720703125,2.1102000000000003
1.74224853515625,2.1103
1.9464111328125,2.1104000000000003
2.1435546875,2.1105
1.62933349609375,2.1106000000000003
2.120361328125,2.1107
1.77978515625,2.1108000000000002
1.673583984375,2.1109
1.5460205078125,2.111
1.7681884765625,2.1111
1.9659423828125,2.1112
1.51153564453125,2.1113
1.912841796875,2.1114
1.5704345703125,2.1115
1.9134521484375,2.1116
1.763916015625,2.1117
1.6265869140625,2.1118
2.0660400390625,2.1119
1.83074951171875,2.112
1.47674560546875,2.1121000000000003
1.97418212890625,2.1122
1.407470703125,2.1123000000000003
1.66015625,2.1124
1.24267578125,2.1125000000000003
1.5557861328125,2.1126
1.77001953125,2.1127000000000002
1.85302734375,2.1128
1.796875,2.1129000000000002
1.25762939453125,2.113
1.73187255859375,2.1131
1.37298583984375,2.1132
1.7041015625,2.1133
1.8670654296875,2.1134
1.13189697265625,2.1135
1.47003173828125,2.1136
1.12762451171875,2.1137
1.44775390625,2.1138
1.58966064453125,2.1139
1.5960693359375,2.114
1.59027099609375,2.1141
1.422119140625,2.1142000000000003
1.3983154296875,2.1143
1.4630126953125,2.1144000000000003
1.89178466796875,2.1145
1.6357421875,2.1146000000000003
1.761474609375,2.1147
1.373291015625,2.1148000000000002
1.282958984375,2.1149
1.33453369140625,2.115
1.524658203125,2.1151
1.76483154296875,2.1152
1.53961181640625,2.1153
1.71630859375,2.1154
1.3153076171875,2.1155
1.64031982421875,2.1156
1.75018310546875,2.1157
1.32415771484375,2.1158
1.65802001953125,2.1159
1.34368896484375,2.116
1.36810302734375,2.1161
2.0208740234375,2.1162
1.895751953125,2.1163000000000003
1.527099609375,2.1164
1.7523193359375,2.1165000000000003
1.4520263671875,2.1166
1.20208740234375,2.1167000000000002
1.40594482421875,2.1168
1.759033203125,2.1169000000000002
1.78466796875,2.117
1.56585693359375,2.1171
1.1419677734375,2.1172
1.3250732421875,2.1173
1.87957763671875,2.1174
1.7584228515625,2.1175
2.0416259765625,2.1176
1.94366455078125,2.1177
1.5777587890625,2.1178
1.5570068359375,2.1179
1.65985107421875,2.118
1.93267822265625,2.1181
1.68121337890625,2.1182000000000003
1.87408447265625,2.1183
1.28662109375,2.1184000000000003
1.500244140625,2.1185
1.72393798828125,2.1186000000000003
1.2396240234375,2.1187
1.983642578125,2.1188000000000002
1.6485595703125,2.1189
1.4239501953125,2.119
1.87164306640625,2.1191
1.68731689453125,2.1192
1.9195556640625,2.1193
1.856689453125,2.1194
1.6839599609375,2.1195
1.51824951171875,2.1196
1.59637451171875,2.1197
2.02362060546875,2.1198
1.8603515625,2.1199
1.95404052734375,2.12
1.47857666015625,2.1201
1.43280029296875,2.1202
1.88323974609375,2.1203000000000003
1.595458984375,2.1204
2.00103759765625,2.1205000000000003
2.3175048828125,2.1206
1.4984130859375,2.1207000000000003
1.72119140625,2.1208
1.3751220703125,2.1209000000000002
2.1136474609375,2.121
2.10205078125,2.1211
1.8609619140625,2.1212
1.93817138671875,2.1213
1.55181884765625,2.1214
2.0013427734375,2.1215
1.57318115234375,2.1216
1.85302734375,2.1217
1.88507080078125,2.1218
1.85150146484375,2.1219
1.90887451171875,2.122
1.74591064453125,2.1221
2.1380615234375,2.1222000000000003
1.94976806640625,2.1223
1.99951171875,2.1224000000000003
1.41571044921875,2.1225
1.6033935546875,2.1226000000000003
2.0074462890625,2.1227
2.025146484375,2.1228000000000002
2.02545166015625,2.1229
1.728515625,2.123
1.6046142578125,2.1231
1.6790771484375,2.1232
1.5289306640625,2.1233
2.14263916015625,2.1234
2.11578369140625,2.1235
1.80694580078125,2.1236
1.5521240234375,2.1237
1.4385986328125,2.1238
2.2381591796875,2.1239
1.9390869140625,2.124
1.695556640625,2.1241
1.954345703125,2.1242
1.74468994140625,2.1243000000000003
1.62933349609375,2.1244
1.31103515625,2.1245000000000003
2.25982666015625,2.1246
1.96990966796875,2.1247000000000003
1.76422119140625,2.1248
1.6571044921875,2.1249000000000002
1.55181884765625,2.125
1.99493408203125,2.1251
1.90948486328125,2.1252
1.8463134765625,2.1253
1.773681640625,2.1254
1.75811767578125,2.1255
1.62933349609375,2.1256
1.85699462890625,2.1257
2.0074462890625,2.1258000000000004
1.67999267578125,2.1259
2.06451416015625,2.1260000000000003
1.4508056640625,2.1261
2.0123291015625,2.1262000000000003
2.1197509765625,2.1263
2.09686279296875,2.1264000000000003
1.90765380859375,2.1265
1.392822265625,2.1266000000000003
1.82098388671875,2.1267
1.2164306640625,2.1268000000000002
1.90155029296875,2.1269
2.03094482421875,2.1270000000000002
2.05535888671875,2.1271
1.98394775390625,2.1272
1.18560791015625,2.1273
1.6790771484375,2.1274
2.21466064453125,2.1275
1.97265625,2.1276
2.04345703125,2.1277
1.83807373046875,2.1278
1.7120361328125,2.1279000000000003
1.63421630859375,2.128
1.53076171875,2.1281000000000003
2.04193115234375,2.1282
2.2216796875,2.1283000000000003
2.3382568359375,2.1284
1.79718017578125,2.1285000000000003
1.48162841796875,2.1286
1.9708251953125,2.1287000000000003
2.01690673828125,2.1288
2.31903076171875,2.1289000000000002
1.8951416015625,2.129
2.083740234375,2.1291
1.5521240234375,2.1292
1.80328369140625,2.1293
1.97845458984375,2.1294
1.93878173828125,2.1295
2.5244140625,2.1296
1.988525390625,2.1297
2.1832275390625,2.1298000000000004
1.944580078125,2.1299
2.0550537109375,2.1300000000000003
2.15087890625,2.1301
1.61865234375,2.1302000000000003
1.87469482421875,2.1303
2.142333984375,2.1304000000000003
1.650390625,2.1305
2.20703125,2.1306000000000003
2.21435546875,2.1307
2.22259521484375,2.1308000000000002
2.30072021484375,2.1309
1.69036865234375,2.1310000000000002
2.32574462890625,2.1311
2.059326171875,2.1312
2.33612060546875,2.1313
2.21221923828125,2.1314
1.97784423828125,2.1315
2.17926025390625,2.1316
1.66168212890625,2.1317
1.81304931640625,2.1318
1.94488525390625,2.1319000000000004
2.36328125,2.132
2.53204345703125,2.1321000000000003
2.0294189453125,2.1322
2.4066162109375,2.1323000000000003
1.99462890625,2.1324
2.05902099609375,2.1325000000000003
2.22137451171875,2.1326
2.28607177734375,2.1327000000000003
2.22869873046875,2.1328
1.88201904296875,2.1329000000000002
1.98272705078125,2.133
1.91680908203125,2.1331
2.0361328125,2.1332
2.2113037109375,2.1333
2.08953857421875,2.1334
2.08526611328125,2.1335
1.97052001953125,2.1336
2.36053466796875,2.1337
2.2705078125,2.1338000000000004
1.7144775390625,2.1339
2.49908447265625,2.1340000000000003
1.9598388671875,2.1341
2.05291748046875,2.1342000000000003
2.0904541015625,2.1343
1.79534912109375,2.1344000000000003
2.37518310546875,2.1345
1.634521484375,2.1346000000000003
2.16278076171875,2.1347
1.90765380859375,2.1348000000000003
1.89361572265625,2.1349
2.13623046875,2.1350000000000002
1.8975830078125,2.1351
2.357177734375,2.1352
2.1044921875,2.1353
2.26715087890625,2.1354
2.23602294921875,2.1355
1.85150146484375,2.1356
2.4560546875,2.1357
2.23236083984375,2.1358
2.2247314453125,2.1359000000000004
1.92291259765625,2.136
1.77215576171875,2.1361000000000003
2.32879638671875,2.1362
2.34893798828125,2.1363000000000003
1.88446044921875,2.1364
2.2088623046875,2.1365000000000003
2.115478515625,2.1366
1.96441650390625,2.1367000000000003
2.00439453125,2.1368
2.156982421875,2.1369000000000002
2.27020263671875,2.137
2.65716552734375,2.1371
2.16400146484375,2.1372
1.82098388671875,2.1373
2.25921630859375,2.1374
2.14996337890625,2.1375
2.07122802734375,2.1376
2.43927001953125,2.1377
2.15606689453125,2.1378
2.171630859375,2.1379
1.97235107421875,2.1380000000000003
2.00897216796875,2.1381
2.26348876953125,2.1382000000000003
2.55889892578125,2.1383
2.60162353515625,2.1384000000000003
2.430419921875,2.1385
2.43804931640625,2.1386000000000003
2.09503173828125,2.1387
2.22198486328125,2.1388000000000003
2.5555419921875,2.1389
2.244873046875,2.1390000000000002
2.4298095703125,2.1391
1.99066162109375,2.1392
1.61529541015625,2.1393
2.294921875,2.1394
2.3223876953125,2.1395
2.24822998046875,2.1396
2.6690673828125,2.1397
2.31201171875,2.1398
2.239990234375,2.1399000000000004
2.24609375,2.14
2.3297119140625,2.1401000000000003
2.34649658203125,2.1402
2.53936767578125,2.1403000000000003
2.1917724609375,2.1404
2.06634521484375,2.1405000000000003
2.43316650390625,2.1406
2.50457763671875,2.1407000000000003
2.122802734375,2.1408
2.17803955078125,2.1409000000000002
2.26898193359375,2.141
2.3089599609375,2.1411000000000002
2.3394775390625,2.1412
2.288818359375,2.1413
2.2027587890625,2.1414
2.6519775390625,2.1415
1.91986083984375,2.1416
1.8646240234375,2.1417
2.0892333984375,2.1418
2.16094970703125,2.1419
2.48687744140625,2.1420000000000003
2.1527099609375,2.1421
2.0849609375,2.1422000000000003
2.16888427734375,2.1423
1.9903564453125,2.1424000000000003
1.82708740234375,2.1425
2.3065185546875,2.1426000000000003
2.27813720703125,2.1427
2.481689453125,2.1428000000000003
1.97906494140625,2.1429
1.78466796875,2.1430000000000002
2.08038330078125,2.1431
2.26531982421875,2.1432
1.52435302734375,2.1433
2.2265625,2.1434
2.09716796875,2.1435
2.1490478515625,2.1436
1.8511962890625,2.1437
1.93695068359375,2.1438
2.14630126953125,2.1439000000000004
2.07733154296875,2.144
2.3663330078125,2.1441000000000003
2.159423828125,2.1442
2.11578369140625,2.1443000000000003
1.89422607421875,2.1444
1.34124755859375,2.1445000000000003
1.96014404296875,2.1446
2.16827392578125,2.1447000000000003
2.61077880859375,2.1448
2.17071533203125,2.1449000000000003
1.9451904296875,2.145
1.86309814453125,2.1451000000000002
1.85760498046875,2.1452
1.81243896484375,2.1453
2.26898193359375,2.1454
2.5909423828125,2.1455
1.8988037109375,2.1456
2.06298828125,2.1457
1.8988037109375,2.1458
1.9451904296875,2.1459
2.30987548828125,2.1460000000000004
2.10357666015625,2.1461
1.8927001953125,2.1462000000000003
2.14111328125,2.1463
2.2735595703125,2.1464000000000003
2.1173095703125,2.1465
2.14447021484375,2.1466000000000003
2.46612548828125,2.1467
2.1929931640625,2.1468000000000003
1.95587158203125,2.1469
1.88232421875,2.1470000000000002
1.82861328125,2.1471
2.381591796875,2.1472
2.1148681640625,2.1473
1.84967041015625,2.1474
2.257080078125,2.1475
2.03460693359375,2.1476
1.92108154296875,2.1477
2.2283935546875,2.1478
2.4822998046875,2.1479000000000004
2.239990234375,2.148
2.28118896484375,2.1481000000000003
1.9195556640625,2.1482
2.10205078125,2.1483000000000003
2.4517822265625,2.1484
2.2711181640625,2.1485000000000003
2.344970703125,2.1486
1.8243408203125,2.1487000000000003
1.8603515625,2.1488
1.91009521484375,2.1489000000000003
2.32177734375,2.149
1.8792724609375,2.1491000000000002
2.412109375,2.1492
2.547607421875,2.1493
1.69769287109375,2.1494
2.2613525390625,2.1495
2.1868896484375,2.1496
2.259521484375,2.1497
2.635498046875,2.1498
2.41058349609375,2.1499
2.33978271484375,2.15
2.24273681640625,2.1501
2.06695556640625,2.1502
1.82098388671875,2.1503
2.3187255859375,2.1504
2.03399658203125,2.1505
2.13836669921875,2.1506
2.437744140625,2.1507
2.22686767578125,2.1508
2.01812744140625,2.1509
1.81427001953125,2.151
2.04986572265625,2.1511
2.28973388671875,2.1512
2.508544921875,2.1513
2.13623046875,2.1513999999999998
2.31109619140625,2.1515
2.13287353515625,2.1515999999999997
1.62445068359375,2.1517
1.88720703125,2.1517999999999997
2.2015380859375,2.1519
2.303466796875,2.1519999999999997
2.17041015625,2.1521
1.91558837890625,2.1522
1.53656005859375,2.1523
2.42095947265625,2.1524
2.413330078125,2.1525
2.423095703125,2.1526
1.93145751953125,2.1527
2.0001220703125,2.1528
1.80999755859375,2.1529
1.7523193359375,2.153
1.95404052734375,2.1531
2.025146484375,2.1532
2.21923828125,2.1532999999999998
1.59820556640625,2.1534
1.4459228515625,2.1534999999999997
2.04620361328125,2.1536
2.19635009765625,2.1536999999999997
2.1917724609375,2.1538
2.23480224609375,2.1538999999999997
1.864013671875,2.154
1.8798828125,2.1541
2.39013671875,2.1542
2.13165283203125,2.1543
2.31536865234375,2.1544
1.91253662109375,2.1545
1.30767822265625,2.1546
1.70257568359375,2.1547
2.08343505859375,2.1548
2.04681396484375,2.1549
2.16156005859375,2.155
1.83013916015625,2.1551
1.7999267578125,2.1552
2.05291748046875,2.1553
1.85150146484375,2.1553999999999998
2.159423828125,2.1555
2.43896484375,2.1555999999999997
1.8853759765625,2.1557
1.86798095703125,2.1557999999999997
1.680908203125,2.1559
2.0233154296875,2.1559999999999997
2.23297119140625,2.1561
2.53570556640625,2.1562
1.8438720703125,2.1563
1.8438720703125,2.1564
2.2747802734375,2.1565
1.72515869140625,2.1566
2.16583251953125,2.1567
2.630615234375,2.1568
2.19573974609375,2.1569
2.2515869140625,2.157
1.717529296875,2.1571
1.72760009765625,2.1572
2.525634765625,2.1572999999999998
2.33551025390625,2.1574
2.04681396484375,2.1574999999999998
2.216796875,2.1576
2.12799072265625,2.1576999999999997
1.6253662109375,2.1578
1.8341064453125,2.1578999999999997
1.96441650390625,2.158
2.2247314453125,2.1581
2.5213623046875,2.1582
1.69769287109375,2.1583
2.19390869140625,2.1584
2.5128173828125,2.1585
2.1710205078125,2.1586
2.26409912109375,2.1587
1.96807861328125,2.1588
2.32696533203125,2.1589
1.9573974609375,2.159
2.0745849609375,2.1591
2.07550048828125,2.1592
2.1942138671875,2.1593
2.5286865234375,2.1593999999999998
1.58355712890625,2.1595
2.17437744140625,2.1595999999999997
2.37091064453125,2.1597
1.7950439453125,2.1597999999999997
2.43438720703125,2.1599
2.0343017578125,2.1599999999999997
2.24212646484375,2.1601
2.064208984375,2.1602
2.16339111328125,2.1603
2.1368408203125,2.1604
2.2613525390625,2.1605
2.40692138671875,2.1606
1.6229248046875,2.1607
1.87042236328125,2.1608
2.14935302734375,2.1609
2.081298828125,2.161
2.17132568359375,2.1611
1.9671630859375,2.1612
1.978759765625,2.1612999999999998
2.1044921875,2.1614
1.8133544921875,2.1614999999999998
2.147216796875,2.1616
2.32666015625,2.1616999999999997
2.1502685546875,2.1618
1.8170166015625,2.1618999999999997
1.88873291015625,2.162
1.77947998046875,2.1621
1.86859130859375,2.1622
2.183837890625,2.1623
1.65283203125,2.1624
1.8902587890625,2.1625
2.01263427734375,2.1626
1.18194580078125,2.1627
1.7120361328125,2.1628
1.85516357421875,2.1629
1.95068359375,2.163
1.62628173828125,2.1631
1.57012939453125,2.1632
1.85546875,2.1633
1.8975830078125,2.1633999999999998
1.6375732421875,2.1635
1.0748291015625,2.1635999999999997
1.8359375,2.1637
1.65924072265625,2.1637999999999997
1.5667724609375,2.1639
1.6424560546875,2.1639999999999997
1.11053466796875,2.1641
1.68182373046875,2.1642
1.907958984375,2.1643
1.1480712890625,2.1644
1.6693115234375,2.1645
1.646728515625,2.1646
1.4544677734375,2.1647
1.51397705078125,2.1648
1.2872314453125,2.1649
1.62567138671875,2.165
1.42669677734375,2.1651
1.4617919921875,2.1652
1.2677001953125,2.1653
1.5191650390625,2.1654
1.6668701171875,2.1654999999999998
1.3531494140625,2.1656
1.41082763671875,2.1656999999999997
1.201171875,2.1658
1.4599609375,2.1658999999999997
1.56158447265625,2.166
1.63726806640625,2.1660999999999997
1.8280029296875,2.1662
1.370849609375,2.1663
1.48468017578125,2.1664
0.85693359375,2.1665
1.38885498046875,2.1666
1.64398193359375,2.1667
1.42913818359375,2.1668
1.86248779296875,2.1669
1.07818603515625,2.167
1.34185791015625,2.1671
0.9857177734375,2.1672
1.0308837890625,2.1673
1.776123046875,2.1673999999999998
1.602783203125,2.1675
1.495361328125,2.1675999999999997
1.3275146484375,2.1677
1.43524169921875,2.1677999999999997
1.54693603515625,2.1679
1.18499755859375,2.1679999999999997
1.5191650390625,2.1681
1.53656005859375,2.1682
1.70623779296875,2.1683
1.041259765625,2.1684
1.05865478515625,2.1685
1.82373046875,2.1686
1.29669189453125,2.1687
1.5460205078125,2.1688
1.46209716796875,2.1689
1.2225341796875,2.169
1.5032958984375,2.1691
1.6693115234375,2.1692
1.7462158203125,2.1693
1.3751220703125,2.1694
1.71417236328125,2.1694999999999998
1.1322021484375,2.1696
1.22314453125,2.1696999999999997
1.50787353515625,2.1698
1.20941162109375,2.1698999999999997
1.929931640625,2.17
1.27838134765625,2.1700999999999997
1.22802734375,2.1702
1.51123046875,2.1703
1.5753173828125,2.1704
1.4483642578125,2.1705
1.3897705078125,2.1706
1.67816162109375,2.1707
1.38946533203125,2.1708
1.30096435546875,2.1709
1.39862060546875,2.171
1.53350830078125,2.1711
1.69342041015625,2.1712
1.19964599609375,2.1713
1.324462890625,2.1713999999999998
1.50360107421875,2.1715
1.06597900390625,2.1715999999999998
1.56158447265625,2.1717
1.70989990234375,2.1717999999999997
1.22894287109375,2.1719
1.50726318359375,2.1719999999999997
1.395263671875,2.1721
1.322021484375,2.1722
1.34765625,2.1723
1.31622314453125,2.1724
1.414794921875,2.1725
1.52862548828125,2.1726
1.512451171875,2.1727
1.01043701171875,2.1728
1.2799072265625,2.1729
1.392822265625,2.173
1.4239501953125,2.1731
1.3763427734375,2.1732
1.08734130859375,2.1733
1.519775390625,2.1734
1.619873046875,2.1734999999999998
1.4093017578125,2.1736
1.33880615234375,2.1736999999999997
1.5631103515625,2.1738
1.614990234375,2.1738999999999997
1.49200439453125,2.174
1.35986328125,2.1740999999999997
1.3873291015625,2.1742
2.025146484375,2.1743
1.72698974609375,2.1744
1.09771728515625,2.1745
1.3714599609375,2.1746
1.88873291015625,2.1747
1.6082763671875,2.1748
1.5740966796875,2.1749
1.6497802734375,2.175
1.6912841796875,2.1751
1.68548583984375,2.1752
1.49566650390625,2.1753
2.04437255859375,2.1754
1.77459716796875,2.1755
2.034912109375,2.1755999999999998
1.60308837890625,2.1757
1.6986083984375,2.1758
2.042236328125,2.1759
2.1112060546875,2.176
2.26287841796875,2.1761
2.0068359375,2.1762
2.05322265625,2.1763
1.9903564453125,2.1764
1.76483154296875,2.1765
2.0355224609375,2.1766
2.4981689453125,2.1767
2.19940185546875,2.1768
2.08038330078125,2.1769
1.93115234375,2.177
2.24578857421875,2.1771
2.6043701171875,2.1772
1.91986083984375,2.1773
2.2381591796875,2.1774
2.22686767578125,2.1774999999999998
2.384033203125,2.1776
2.03582763671875,2.1776999999999997
2.33612060546875,2.1778
2.57049560546875,2.1779
1.89361572265625,2.178
2.098388671875,2.1781
1.7584228515625,2.1782
2.5079345703125,2.1783
2.72369384765625,2.1784
2.27325439453125,2.1785
2.50030517578125,2.1786
2.3956298828125,2.1787
2.18475341796875,2.1788
2.23175048828125,2.1789
2.46826171875,2.179
2.62939453125,2.1791
2.3065185546875,2.1792
2.205810546875,2.1793
1.9427490234375,2.1794
2.55950927734375,2.1795
2.64617919921875,2.1795999999999998
2.23602294921875,2.1797
2.59368896484375,2.1798
2.34893798828125,2.1799
2.5103759765625,2.18
2.72857666015625,2.1801
1.9805908203125,2.1802
2.8582763671875,2.1803
2.59857177734375,2.1804
2.40570068359375,2.1805
2.076416015625,2.1806
2.19268798828125,2.1807
2.58819580078125,2.1808
1.8914794921875,2.1809
2.66357421875,2.181
2.0281982421875,2.1811
2.37213134765625,2.1812
2.33489990234375,2.1813
1.690673828125,2.1814
2.56683349609375,2.1814999999999998
2.41302490234375,2.1816
2.19573974609375,2.1816999999999998
2.3345947265625,2.1818
2.2540283203125,2.1819
2.4920654296875,2.182
2.27569580078125,2.1821
2.41485595703125,2.1822
1.934814453125,2.1823
2.1612548828125,2.1824
1.90887451171875,2.1825
2.1307373046875,2.1826
2.65655517578125,2.1827
2.05535888671875,2.1828
2.0501708984375,2.1829
1.756591796875,2.183
1.5960693359375,2.1831
2.04376220703125,2.1832
2.17254638671875,2.1833
2.27325439453125,2.1834
2.13470458984375,2.1835
2.03277587890625,2.1835999999999998
1.8084716796875,2.1837
1.59759521484375,2.1838
2.47802734375,2.1839
2.20184326171875,2.184
1.84173583984375,2.1841
1.76544189453125,2.1842
1.5740966796875,2.1843
2.25311279296875,2.1844
1.97509765625,2.1845
2.13470458984375,2.1846
2.01263427734375,2.1847
2.1588134765625,2.1848
1.7926025390625,2.1849
1.62506103515625,2.185
2.22320556640625,2.1851
2.1661376953125,2.1852
2.28515625,2.1853
1.6119384765625,2.1854
1.69189453125,2.1854999999999998
2.22564697265625,2.1856
2.0782470703125,2.1856999999999998
2.0745849609375,2.1858
2.28515625,2.1859
2.03155517578125,2.186
1.80084228515625,2.1861
2.42584228515625,2.1862
2.4468994140625,2.1863
2.62908935546875,2.1864
2.6361083984375,2.1865
1.98272705078125,2.1866
2.2711181640625,2.1867
2.2723388671875,2.1868
2.8143310546875,2.1869
3.0401611328125,2.187
2.71453857421875,2.1871
2.46246337890625,2.1872
2.152099609375,2.1873
2.26898193359375,2.1874
2.35687255859375,2.1875
2.940673828125,2.1875999999999998
2.7972412109375,2.1877
2.6611328125,2.1877999999999997
2.56591796875,2.1879
2.58148193359375,2.188
2.843017578125,2.1881
3.121337890625,2.1882
3.128662109375,2.1883
2.87933349609375,2.1884
2.7459716796875,2.1885
2.90985107421875,2.1886
2.87017822265625,2.1887
2.97821044921875,2.1888
2.625732421875,2.1889
2.591552734375,2.189
2.5701904296875,2.1891
2.4456787109375,2.1892
3.26904296875,2.1893
3.05328369140625,2.1894
2.8582763671875,2.1895
3.07952880859375,2.1896
2.4017333984375,2.1896999999999998
2.7032470703125,2.1898
2.72186279296875,2.1899
2.92510986328125,2.19
2.83111572265625,2.1901
2.07550048828125,2.1902
2.408447265625,2.1903
2.00469970703125,2.1904
2.67364501953125,2.1905
2.5616455078125,2.1906
2.37030029296875,2.1907
2.59979248046875,2.1908
2.24090576171875,2.1909
2.09075927734375,2.191
2.2967529296875,2.1911
2.484130859375,2.1912
2.49908447265625,2.1913
2.03948974609375,2.1914
1.634521484375,2.1915
1.85577392578125,2.1915999999999998
1.842041015625,2.1917
1.6119384765625,2.1917999999999997
1.80389404296875,2.1919
1.99951171875,2.192
1.48651123046875,2.1921
1.6571044921875,2.1922
1.6314697265625,2.1923
1.62017822265625,2.1924
1.67510986328125,2.1925
0.85693359375,2.1926
1.2933349609375,2.1927
1.51092529296875,2.1928
1.65069580078125,2.1929
1.48406982421875,2.193
1.048583984375,2.1931
1.11602783203125,2.1932
0.91827392578125,2.1933
0.89447021484375,2.1934
1.01531982421875,2.1935
1.08306884765625,2.1936
0.94879150390625,2.1936999999999998
0.67596435546875,2.1938
0.74127197265625,2.1939
0.89630126953125,2.194
1.077880859375,2.1941
1.03485107421875,2.1942
0.7049560546875,2.1943
1.05255126953125,2.1944
0.5889892578125,2.1945
0.916748046875,2.1946
0.814208984375,2.1947
0.50933837890625,2.1948
0.994873046875,2.1949
0.5389404296875,2.195
0.52154541015625,2.1951
0.84228515625,2.1952
0.914306640625,2.1953
1.009521484375,2.1954
0.765380859375,2.1955
0.849609375,2.1955999999999998
0.84014892578125,2.1957
0.95489501953125,2.1957999999999998
0.999755859375,2.1959
0.89874267578125,2.196
1.07330322265625,2.1961
0.7781982421875,2.1962
0.75958251953125,2.1963
0.8709716796875,2.1964
0.87005615234375,2.1965
1.1346435546875,2.1966
0.84503173828125,2.1967
0.8197021484375,2.1968
0.9014892578125,2.1969
1.1920166015625,2.197
1.365966796875,2.1971
0.95367431640625,2.1972
1.392822265625,2.1973
0.78369140625,2.1974
0.95062255859375,2.1975
1.06781005859375,2.1976
1.23016357421875,2.1976999999999998
1.6796875,2.1978
1.34124755859375,2.1979
1.11480712890625,2.198
1.1126708984375,2.1981
1.4532470703125,2.1982
1.67083740234375,2.1983
1.44805908203125,2.1984
1.466064453125,2.1985
1.2835693359375,2.1986
1.6876220703125,2.1987
1.47735595703125,2.1988
1.7193603515625,2.1989
1.80023193359375,2.199
1.94366455078125,2.1991
1.5625,2.1992
1.59423828125,2.1993
1.9219970703125,2.1994
1.7431640625,2.1995
1.9573974609375,2.1995999999999998
1.52191162109375,2.1997
1.7633056640625,2.1997999999999998
2.06024169921875,2.1999
2.0135498046875,2.2
1.91009521484375,2.2001000000000004
1.97845458984375,2.2002
1.94061279296875,2.2003000000000004
1.83013916015625,2.2004
1.86553955078125,2.2005000000000003
2.4298095703125,2.2006
2.1875,2.2007000000000003
1.83349609375,2.2008
1.28509521484375,2.2009000000000003
1.6375732421875,2.201
2.13226318359375,2.2011000000000003
1.69708251953125,2.2012
2.337646484375,2.2013000000000003
2.12738037109375,2.2014
1.9384765625,2.2015000000000002
1.837158203125,2.2016
1.37939453125,2.2017
2.00592041015625,2.2018
1.690673828125,2.2019
1.96746826171875,2.202
1.56219482421875,2.2021
1.71783447265625,2.2022000000000004
1.8829345703125,2.2023
1.59637451171875,2.2024000000000004
1.56890869140625,2.2025
1.4105224609375,2.2026000000000003
2.0330810546875,2.2027
1.351318359375,2.2028000000000003
1.63330078125,2.2029
1.96258544921875,2.2030000000000003
1.204833984375,2.2031
1.5869140625,2.2032000000000003
0.76263427734375,2.2033
1.0430908203125,2.2034000000000002
1.40411376953125,2.2035
1.07391357421875,2.2036000000000002
1.3140869140625,2.2037
1.28509521484375,2.2038
1.12030029296875,2.2039
0.88470458984375,2.204
0.89874267578125,2.2041000000000004
1.39373779296875,2.2042
1.08795166015625,2.2043000000000004
1.171875,2.2044
0.709228515625,2.2045000000000003
0.64666748046875,2.2046
0.91827392578125,2.2047000000000003
0.62530517578125,2.2048
0.921630859375,2.2049000000000003
0.931396484375,2.205
0.8282470703125,2.2051000000000003
0.67535400390625,2.2052
0.50140380859375,2.2053000000000003
0.8428955078125,2.2054
0.48614501953125,2.2055000000000002
0.62835693359375,2.2056
0.43212890625,2.2057
0.49346923828125,2.2058
0.57830810546875,2.2059
0.419921875,2.206
0.52459716796875,2.2061
0.43975830078125,2.2062000000000004
0.41351318359375,2.2063
0.4254150390625,2.2064000000000004
0.42572021484375,2.2065
0.42083740234375,2.2066000000000003
0.42449951171875,2.2067
0.428466796875,2.2068000000000003
0.386962890625,2.2069
0.42327880859375,2.2070000000000003
0.4150390625,2.2071
0.38726806640625,2.2072000000000003
0.38726806640625,2.2073
0.391845703125,2.2074000000000003
0.3375244140625,2.2075
0.25787353515625,2.2076000000000002
0.2459716796875,2.2077
-0.084228515625,2.2078
0.33203125,2.2079
0.035400390625,2.208
0.37841796875,2.2081000000000004
0.33294677734375,2.2082
0.11199951171875,2.2083000000000004
0.22216796875,2.2084
0.36376953125,2.2085000000000004
0.35552978515625,2.2086
0.1995849609375,2.2087000000000003
0.32684326171875,2.2088
0.155029296875,2.2089000000000003
0.24810791015625,2.209
0.3240966796875,2.2091000000000003
0.02105712890625,2.2092
0.1953125,2.2093000000000003
0.28289794921875,2.2094
0.16448974609375,2.2095000000000002
0.23834228515625,2.2096
0.08209228515625,2.2097
0.28045654296875,2.2098
0.394287109375,2.2099
0.206298828125,2.21
0.34210205078125,2.2101
0.01007080078125,2.2102000000000004
0.3741455078125,2.2103
0.19622802734375,2.2104000000000004
0.40283203125,2.2105
0.39306640625,2.2106000000000003
0.35980224609375,2.2107
0.37109375,2.2108000000000003
-0.02899169921875,2.2109
0.33050537109375,2.2110000000000003
0.343017578125,2.2111
0.35491943359375,2.2112000000000003
0.3741455078125,2.2113
0.4095458984375,2.2114000000000003
0.4107666015625,2.2115
0.42144775390625,2.2116000000000002
0.42572021484375,2.2117
0.430908203125,2.2118
0.4296875,2.2119
0.58135986328125,2.212
0.42633056640625,2.2121000000000004
0.596923828125,2.2122
0.4156494140625,2.2123000000000004
0.41839599609375,2.2124
0.5889892578125,2.2125000000000004
0.63232421875,2.2126
0.44281005859375,2.2127000000000003
0.78887939453125,2.2128
0.638427734375,2.2129000000000003
0.58990478515625,2.213
0.71990966796875,2.2131000000000003
0.72662353515625,2.2132
0.6671142578125,2.2133000000000003
0.76263427734375,2.2134
0.78460693359375,2.2135000000000002
0.45623779296875,2.2136
0.47882080078125,2.2137000000000002
0.50811767578125,2.2138
0.62164306640625,2.2139
0.7867431640625,2.214
0.42388916015625,2.2141
0.69915771484375,2.2142000000000004
0.650634765625,2.2143
0.48187255859375,2.2144000000000004
0.63568115234375,2.2145
0.926513671875,2.2146000000000003
0.63934326171875,2.2147
0.93994140625,2.2148000000000003
0.58685302734375,2.2149
0.61065673828125,2.2150000000000003
0.8380126953125,2.2151
0.6329345703125,2.2152000000000003
0.74859619140625,2.2153
0.59295654296875,2.2154000000000003
0.57647705078125,2.2155
0.41412353515625,2.2156000000000002
0.61187744140625,2.2157
0.51788330078125,2.2158
0.5645751953125,2.2159
0.7452392578125,2.216
0.42999267578125,2.2161
0.4779052734375,2.2162
0.4290771484375,2.2163000000000004
0.46966552734375,2.2164
0.40771484375,2.2165000000000004
0.43182373046875,2.2166
0.37841796875,2.2167000000000003
-0.00091552734375,2.2168
0.3643798828125,2.2169000000000003
0.17242431640625,2.217
0.25054931640625,2.2171000000000003
0.3851318359375,2.2172
0.08697509765625,2.2173000000000003
-0.21148681640625,2.2174
-0.030517578125,2.2175000000000002
-0.28594970703125,2.2176
0.230712890625,2.2177000000000002
0.09674072265625,2.2178
-0.02166748046875,2.2179
-0.262451171875,2.218
-0.24993896484375,2.2181
-0.0262451171875,2.2182000000000004
-0.27313232421875,2.2183
0.06591796875,2.2184000000000004
-0.4937744140625,2.2185
-0.43212890625,2.2186000000000003
-0.43701171875,2.2187
-0.4071044921875,2.2188000000000003
-0.00885009765625,2.2189
-0.498046875,2.2190000000000003
-0.2490234375,2.2191
-0.45501708984375,2.2192000000000003
-0.6854248046875,2.2193
-0.4656982421875,2.2194000000000003
-0.45440673828125,2.2195
-0.36407470703125,2.2196000000000002
-0.65948486328125,2.2197
-0.6866455078125,2.2198
-0.76934814453125,2.2199
-0.404052734375,2.22
-0.47882080078125,2.2201
-0.59112548828125,2.2202
-0.5572509765625,2.2203000000000004
-1.0833740234375,2.2204
-1.1456298828125,2.2205000000000004
-0.60516357421875,2.2206
-0.8563232421875,2.2207000000000003
-0.68389892578125,2.2208
-0.6878662109375,2.2209000000000003
-1.1004638671875,2.221
-1.14654541015625,2.2211000000000003
-1.22772216796875,2.2212
-0.83709716796875,2.2213000000000003
-0.84136962890625,2.2214
-0.8172607421875,2.2215000000000003
-0.88287353515625,2.2216
-0.81939697265625,2.2217000000000002
-1.024169921875,2.2218
-1.043701171875,2.2219
-0.79742431640625,2.222
-0.885009765625,2.2221
-0.97259521484375,2.2222000000000004
-1.0675048828125,2.2223
-1.00311279296875,2.2224000000000004
-1.0357666015625,2.2225
-0.94696044921875,2.2226000000000004
-1.09588623046875,2.2227
-1.16668701171875,2.2228000000000003
-0.80596923828125,2.2229
-0.8929443359375,2.2230000000000003
-1.02813720703125,2.2231
-0.75286865234375,2.2232000000000003
-0.9674072265625,2.2233
-0.712890625,2.2234000000000003
-1.38031005859375,2.2235
-1.1578369140625,2.2236000000000002
-1.19903564453125,2.2237
-0.93170166015625,2.2238
-0.9979248046875,2.2239
-1.2249755859375,2.224
-0.79498291015625,2.2241
-1.220703125,2.2242
-1.1004638671875,2.2243000000000004
-1.009521484375,2.2244
-1.1859130859375,2.2245000000000004
-0.6683349609375,2.2246
-0.960693359375,2.2247000000000003
-1.09344482421875,2.2248
-0.787353515625,2.2249000000000003
-0.78125,2.225
-0.7659912109375,2.2251000000000003
-0.85052490234375,2.2252
-0.62713623046875,2.2253000000000003
-0.9814453125,2.2254
-1.02294921875,2.2255000000000003
-0.85052490234375,2.2256
-0.90576171875,2.2257000000000002
-0.61676025390625,2.2258000000000004
-0.89996337890625,2.2259
-0.83953857421875,2.2260000000000004
-0.42236328125,2.2261
-0.6378173828125,2.2262000000000004
-0.55084228515625,2.2263
-0.65460205078125,2.2264000000000004
-0.46356201171875,2.2265
-0.47210693359375,2.2266000000000004
-0.41961669921875,2.2267
-0.35003662109375,2.2268000000000003
-0.179443359375,2.2269
-0.478515625,2.2270000000000003
-0.54168701171875,2.2271
-0.4736328125,2.2272000000000003
-0.21392822265625,2.2273
-0.3375244140625,2.2274000000000003
0.042724609375,2.2275
-0.4327392578125,2.2276000000000002
-0.27862548828125,2.2277
-0.10345458984375,2.2278000000000002
-0.0811767578125,2.2279000000000004
-0.01251220703125,2.228
0.1947021484375,2.2281000000000004
0.07293701171875,2.2282
-0.01129150390625,2.2283000000000004
-0.0048828125,2.2284
-0.0189208984375,2.2285000000000004
0.21636962890625,2.2286
0.179443359375,2.2287000000000003
-0.09674072265625,2.2288
0.1617431640625,2.2289000000000003
0.3643798828125,2.229
0.36773681640625,2.2291000000000003
0.36712646484375,2.2292
0.41168212890625,2.2293000000000003
0.40374755859375,2.2294
0.4083251953125,2.2295000000000003
0.40130615234375,2.2296
0.42266845703125,2.2297000000000002
0.660400390625,2.2298000000000004
0.423583984375,2.2299
0.6817626953125,2.2300000000000004
0.43426513671875,2.2301
0.8197021484375,2.2302000000000004
0.42266845703125,2.2303
0.5621337890625,2.2304000000000004
0.88623046875,2.2305
0.69976806640625,2.2306000000000004
0.78369140625,2.2307
0.7861328125,2.2308000000000003
0.84716796875,2.2309
1.3140869140625,2.2310000000000003
0.81939697265625,2.2311
0.87158203125,2.2312000000000003
1.1407470703125,2.2313
1.05255126953125,2.2314000000000003
1.16363525390625,2.2315
1.11724853515625,2.2316000000000003
1.42791748046875,2.2317
1.1376953125,2.2318000000000002
1.10260009765625,2.2319000000000004
0.84014892578125,2.232
0.98907470703125,2.2321000000000004
1.314697265625,2.2322
1.02294921875,2.2323000000000004
1.36322021484375,2.2324
1.1181640625,2.2325000000000004
1.1041259765625,2.2326
1.28173828125,2.2327000000000004
0.70404052734375,2.2328
1.3421630859375,2.2329000000000003
1.2158203125,2.233
1.23077392578125,2.2331000000000003
1.1114501953125,2.2332
1.00830078125,2.2333000000000003
1.50726318359375,2.2334
0.58929443359375,2.2335000000000003
0.92132568359375,2.2336
0.9014892578125,2.2337000000000002
1.1260986328125,2.2338000000000005
1.2017822265625,2.2339
0.570068359375,2.2340000000000004
0.8612060546875,2.2341
0.5560302734375,2.2342000000000004
0.88714599609375,2.2343
0.7965087890625,2.2344000000000004
0.72174072265625,2.2345
0.966796875,2.2346000000000004
0.76324462890625,2.2347
0.46966552734375,2.2348000000000003
0.595703125,2.2349
0.92254638671875,2.2350000000000003
0.794677734375,2.2351
0.61920166015625,2.2352000000000003
0.41961669921875,2.2353
0.428466796875,2.2354000000000003
0.4248046875,2.2355
0.42816162109375,2.2356000000000003
0.40863037109375,2.2357
0.41717529296875,2.2358000000000002
0.38116455078125,2.2359000000000004
0.21728515625,2.236
0.28656005859375,2.2361000000000004
0.3289794921875,2.2362
0.135498046875,2.2363000000000004
-0.04302978515625,2.2364
-0.06927490234375,2.2365000000000004
-0.2490234375,2.2366
0.21514892578125,2.2367000000000004
0.21209716796875,2.2368
0.0494384765625,2.2369000000000003
-0.01251220703125,2.237
-0.48431396484375,2.2371000000000003
-0.43853759765625,2.2372
-0.3271484375,2.2373000000000003
-0.142822265625,2.2374
-0.3448486328125,2.2375000000000003
-0.440673828125,2.2376
-0.58929443359375,2.2377000000000002
-0.49072265625,2.2378
-0.38970947265625,2.2379000000000002
-0.60577392578125,2.2380000000000004
-0.24932861328125,2.2381
-0.489501953125,2.2382000000000004
-0.55389404296875,2.2383
-0.640869140625,2.2384000000000004
-0.61767578125,2.2385
-0.44708251953125,2.2386000000000004
-0.61798095703125,2.2387
-0.5279541015625,2.2388000000000003
-0.9454345703125,2.2389
-0.67474365234375,2.2390000000000003
-0.45684814453125,2.2391
-0.87860107421875,2.2392000000000003
-0.54351806640625,2.2393
-0.66619873046875,2.2394000000000003
-0.62744140625,2.2395
-0.5450439453125,2.2396000000000003
-0.777587890625,2.2397
-0.43365478515625,2.2398000000000002
-0.4541015625,2.2399000000000004
-0.6158447265625,2.24
-0.71380615234375,2.2401000000000004
-0.8319091796875,2.2402
-0.45379638671875,2.2403000000000004
-0.5853271484375,2.2404
-0.76019287109375,2.2405000000000004
-0.6451416015625,2.2406
-0.87921142578125,2.2407000000000004
-0.487060546875,2.2408
-0.721435546875,2.2409000000000003
-0.44769287109375,2.241
-0.15380859375,2.2411000000000003
-0.650634765625,2.2412
-0.5718994140625,2.2413000000000003
-0.79193115234375,2.2414
-0.3839111328125,2.2415000000000003
-0.3778076171875,2.2416
-0.32257080078125,2.2417000000000002
-0.42999267578125,2.2418
-0.59417724609375,2.2419000000000002
-0.3411865234375,2.2420000000000004
-0.57159423828125,2.2421
-0.36712646484375,2.2422000000000004
-0.35400390625,2.2423
-0.43182373046875,2.2424000000000004
-0.4888916015625,2.2425
-0.49530029296875,2.2426000000000004
-0.30487060546875,2.2427
-0.16204833984375,2.2428000000000003
-0.23651123046875,2.2429
-0.26519775390625,2.2430000000000003
-0.17852783203125,2.2431
0.02838134765625,2.2432000000000003
-0.2301025390625,2.2433
-0.174560546875,2.2434000000000003
0.1220703125,2.2435
-0.31280517578125,2.2436000000000003
-0.4962158203125,2.2437
-0.4522705078125,2.2438000000000002
-0.31341552734375,2.2439000000000004
-0.01190185546875,2.244
-0.31829833984375,2.2441000000000004
0.04364013671875,2.2442
-0.41656494140625,2.2443000000000004
-0.04638671875,2.2444
-0.1458740234375,2.2445000000000004
-0.09613037109375,2.2446
0.1617431640625,2.2447000000000004
-0.0872802734375,2.2448
-0.26763916015625,2.2449000000000003
-0.460205078125,2.245
-0.460205078125,2.2451000000000003
-0.0360107421875,2.2452
-0.0909423828125,2.2453000000000003
0.2044677734375,2.2454
-0.1824951171875,2.2455000000000003
0.03326416015625,2.2456
-0.33294677734375,2.2457000000000003
-0.0128173828125,2.2458
0.03082275390625,2.2459000000000002
0.21881103515625,2.2460000000000004
0.0152587890625,2.2461
-0.17242431640625,2.2462000000000004
-0.38177490234375,2.2463
-0.35186767578125,2.2464000000000004
0.1776123046875,2.2465
-0.2447509765625,2.2466000000000004
-0.0897216796875,2.2467
0.006103515625,2.2468000000000004
-0.1580810546875,2.2469
0.01708984375,2.2470000000000003
-0.2606201171875,2.2471
-0.1165771484375,2.2472000000000003
-0.50079345703125,2.2473
-0.45257568359375,2.2474000000000003
-0.29296875,2.2475
-0.17333984375,2.2476000000000003
-0.068359375,2.2477
-0.24932861328125,2.2478000000000002
-0.45013427734375,2.2479000000000005
-0.35797119140625,2.248
-0.4400634765625,2.2481000000000004
-0.1947021484375,2.2482
-0.24078369140625,2.2483000000000004
-0.0775146484375,2.2484
-0.39642333984375,2.2485000000000004
-0.419921875,2.2486
-0.533447265625,2.2487000000000004
-0.38909912109375,2.2488
-0.15350341796875,2.2489000000000003
-0.401611328125,2.249
-0.34393310546875,2.2491000000000003
-0.16754150390625,2.2492
-0.3656005859375,2.2493000000000003
-0.43975830078125,2.2494
-0.703125,2.2495000000000003
-0.0531005859375,2.2496
-0.4229736328125,2.2497000000000003
-0.49591064453125,2.2498
-0.4510498046875,2.2499000000000002
-0.8843994140625,2.25
-0.43121337890625,2.2501
-1.0540771484375,2.2502
-0.5078125,2.2503
-0.47149658203125,2.2504
-0.51971435546875,2.2505
-0.5267333984375,2.2506
-1.024169921875,2.2507
-0.67047119140625,2.2508
-0.49102783203125,2.2509
-0.94482421875,2.251
-0.70953369140625,2.2511
-0.83526611328125,2.2512
-0.8087158203125,2.2513
-1.12823486328125,2.2514
-1.08428955078125,2.2515
-0.96435546875,2.2516
-0.88958740234375,2.2517
-1.0369873046875,2.2518
-1.15234375,2.2519
-1.3427734375,2.252
-1.0565185546875,2.2521
-0.95703125,2.2522
-1.3458251953125,2.2523
-1.683349609375,2.2524
-1.22344970703125,2.2525
-1.2908935546875,2.2526
-1.551513671875,2.2527
-1.40625,2.2528
-1.42486572265625,2.2529
-1.50177001953125,2.253
-1.76116943359375,2.2531
-2.05322265625,2.2532
-1.6094970703125,2.2533
-1.83837890625,2.2534
-1.688232421875,2.2535
-1.76727294921875,2.2536
-2.12371826171875,2.2537
-1.873779296875,2.2538
-2.032470703125,2.2539
-2.1533203125,2.254
-2.01568603515625,2.2541
-2.041015625,2.2542
-2.10662841796875,2.2543
-2.0928955078125,2.2544
-2.06024169921875,2.2545
-2.10235595703125,2.2546
-2.08740234375,2.2547
-1.97998046875,2.2548
-2.43743896484375,2.2549
-2.3114013671875,2.255
-2.3883056640625,2.2551
-2.1856689453125,2.2552
-1.9085693359375,2.2553
-2.37945556640625,2.2554
-2.1380615234375,2.2555
-2.0452880859375,2.2556
-2.0404052734375,2.2557
-2.03765869140625,2.2558
-1.756591796875,2.2559
-1.74102783203125,2.256
-1.6619873046875,2.2561
-1.90673828125,2.2562
-2.0062255859375,2.2563
-1.86737060546875,2.2564
-1.71295166015625,2.2565
-1.73492431640625,2.2566
-1.820068359375,2.2567
-1.4056396484375,2.2568
-1.51824951171875,2.2569
-1.431884765625,2.257
-1.44561767578125,2.2571
-1.1505126953125,2.2572
-1.06201171875,2.2573
-1.25885009765625,2.2574
-1.44683837890625,2.2575
-1.16455078125,2.2576
-0.84014892578125,2.2577
-0.92803955078125,2.2578
-0.7513427734375,2.2579
-0.65673828125,2.258
-1.1590576171875,2.2581
-0.8575439453125,2.2582
-0.82611083984375,2.2583
-0.76995849609375,2.2584
-0.4931640625,2.2585
-0.58349609375,2.2586
-0.62774658203125,2.2587
-0.44219970703125,2.2588
-0.42083740234375,2.2589
-0.6146240234375,2.259
-0.41015625,2.2591
-0.4827880859375,2.2592
-0.50994873046875,2.2593
-0.4864501953125,2.2594
-0.8612060546875,2.2595
-0.4510498046875,2.2596
-0.4302978515625,2.2597
-1.00067138671875,2.2598
-0.5419921875,2.2599
-0.76690673828125,2.26
-0.89996337890625,2.2601
-0.556640625,2.2602
-1.08184814453125,2.2603
-0.68389892578125,2.2604
-0.7452392578125,2.2605
-1.0162353515625,2.2606
-1.19049072265625,2.2607
-1.00067138671875,2.2608
-0.902099609375,2.2609
-1.14013671875,2.261
-1.13189697265625,2.2611
-1.40167236328125,2.2612
-1.3629150390625,2.2613
-1.572265625,2.2614
-1.79779052734375,2.2615
-1.4947509765625,2.2616
-1.63543701171875,2.2617
-1.57073974609375,2.2618
-1.72607421875,2.2619
-1.71142578125,2.262
-1.87652587890625,2.2621
-1.7364501953125,2.2622
-1.66229248046875,2.2623
-1.9781494140625,2.2624
-1.93450927734375,2.2625
-2.1221923828125,2.2626
-1.96502685546875,2.2627
-2.28271484375,2.2628
-2.269287109375,2.2629
-2.09930419921875,2.263
-2.17559814453125,2.2631
-2.33612060546875,2.2632
-2.39166259765625,2.2633
-2.203369140625,2.2634
-2.30499267578125,2.2635
-2.435302734375,2.2636
-2.12982177734375,2.2637
-2.3529052734375,2.2638
-2.49755859375,2.2639
-2.53204345703125,2.264
-2.49481201171875,2.2641
-2.59002685546875,2.2642
-2.6202392578125,2.2643
-2.3382568359375,2.2644
-2.5927734375,2.2645
-2.2698974609375,2.2646
-2.3614501953125,2.2647
-2.33978271484375,2.2648
-2.06634521484375,2.2649
-2.3052978515625,2.265
-2.20794677734375,2.2651
-2.31658935546875,2.2652
-2.171630859375,2.2653
-2.061767578125,2.2654
-2.2357177734375,2.2655
-1.9873046875,2.2656
-2.001953125,2.2657
-2.03125,2.2658
-2.29461669921875,2.2659
-1.74530029296875,2.266
-1.66168212890625,2.2661
-1.8719482421875,2.2662
-1.84112548828125,2.2663
-2.07550048828125,2.2664
-1.99615478515625,2.2665
-1.73980712890625,2.2666
-1.8841552734375,2.2667
-1.6998291015625,2.2668
-1.5838623046875,2.2669
-1.5081787109375,2.267
-1.7724609375,2.2671
-1.846923828125,2.2672
-1.455078125,2.2673
-1.60369873046875,2.2674
-1.392822265625,2.2675
-1.60888671875,2.2676
-1.5167236328125,2.2677
-1.3983154296875,2.2678
-1.605224609375,2.2679
-1.38336181640625,2.268
-1.20361328125,2.2681
-1.18865966796875,2.2682
-1.11907958984375,2.2683
-1.30584716796875,2.2684
-1.064453125,2.2685
-1.33758544921875,2.2686
-1.1151123046875,2.2687
-1.08642578125,2.2688
-1.07421875,2.2689
-0.95367431640625,2.269
-1.14593505859375,2.2691
-0.9375,2.2692
-0.894775390625,2.2693
-0.90789794921875,2.2694
-0.71746826171875,2.2695
-0.88531494140625,2.2696
-0.718994140625,2.2697
-0.45135498046875,2.2698
-0.46905517578125,2.2699
-0.2874755859375,2.27
-0.4888916015625,2.2701
-0.445556640625,2.2702
-0.430908203125,2.2703
-0.3143310546875,2.2704
-0.2154541015625,2.2705
0.146484375,2.2706
0.29022216796875,2.2707
0.0970458984375,2.2708
0.1129150390625,2.2709
-0.10711669921875,2.271
0.17791748046875,2.2711
0.3485107421875,2.2712
0.390625,2.2713
0.43212890625,2.2714
0.4254150390625,2.2715
0.41412353515625,2.2716
0.4241943359375,2.2717
0.8038330078125,2.2718
0.81695556640625,2.2719
1.15997314453125,2.272
1.1724853515625,2.2721
0.87799072265625,2.2722
1.0479736328125,2.2723
0.97808837890625,2.2724
1.14013671875,2.2725
1.15386962890625,2.2726
1.52252197265625,2.2727
0.9881591796875,2.2728
1.11541748046875,2.2729
1.329345703125,2.273
1.25030517578125,2.2731
1.7138671875,2.2732
1.285400390625,2.2733
1.617431640625,2.2734
1.91314697265625,2.2735
1.422119140625,2.2736
1.72882080078125,2.2737
1.9219970703125,2.2738
1.50634765625,2.2739
1.45294189453125,2.274
1.0845947265625,2.2741
1.2152099609375,2.2742
1.456298828125,2.2743
1.4459228515625,2.2744
1.56158447265625,2.2745
1.22344970703125,2.2746
1.83746337890625,2.2747
1.2152099609375,2.2748
1.4752197265625,2.2749
1.60797119140625,2.275
1.427001953125,2.2751
1.61346435546875,2.2752
1.229248046875,2.2753
1.441650390625,2.2754
1.119384765625,2.2755
1.37542724609375,2.2756
1.30523681640625,2.2757
1.1395263671875,2.2758000000000003
1.6162109375,2.2759
0.93597412109375,2.2760000000000002
1.16302490234375,2.2761
1.02996826171875,2.2762000000000002
1.10107421875,2.2763
1.60003662109375,2.2764
1.23321533203125,2.2765
1.21978759765625,2.2766
0.7440185546875,2.2767
0.947265625,2.2768
0.69366455078125,2.2769
1.19415283203125,2.277
1.1395263671875,2.2771
0.94970703125,2.2772
0.83770751953125,2.2773
0.4779052734375,2.2774
0.7196044921875,2.2775
1.08856201171875,2.2776
0.4541015625,2.2777
0.8648681640625,2.2778
0.91888427734375,2.2779000000000003
0.65155029296875,2.278
0.6158447265625,2.2781000000000002
0.5078125,2.2782
0.9228515625,2.2783
0.79986572265625,2.2784
0.71563720703125,2.2785
0.4498291015625,2.2786
0.42877197265625,2.2787
0.58746337890625,2.2788
0.40985107421875,2.2789
0.63201904296875,2.279
0.44921875,2.2791
0.49285888671875,2.2792
0.4107666015625,2.2793
0.4541015625,2.2794
0.660400390625,2.2795
0.4119873046875,2.2796
0.595703125,2.2797
0.42633056640625,2.2798000000000003
0.4144287109375,2.2799
0.62713623046875,2.2800000000000002
0.4327392578125,2.2801
0.41534423828125,2.2802000000000002
0.41839599609375,2.2803
0.42449951171875,2.2804
0.4254150390625,2.2805
0.4339599609375,2.2806
0.421142578125,2.2807
0.43487548828125,2.2808
0.421142578125,2.2809
0.42144775390625,2.281
0.40863037109375,2.2811
0.58319091796875,2.2812
0.41900634765625,2.2813
0.5706787109375,2.2814
0.7659912109375,2.2815
0.428466796875,2.2816
0.69915771484375,2.2817
0.4156494140625,2.2818
0.43426513671875,2.2819000000000003
0.556640625,2.282
0.66162109375,2.2821000000000002
0.93475341796875,2.2822
0.692138671875,2.2823
0.74066162109375,2.2824
0.75347900390625,2.2825
0.73211669921875,2.2826
0.66253662109375,2.2827
1.0247802734375,2.2828
0.8795166015625,2.2829
0.75714111328125,2.283
0.66741943359375,2.2831
0.85174560546875,2.2832
0.8343505859375,2.2833
0.71014404296875,2.2834
0.9661865234375,2.2835
1.146240234375,2.2836
0.855712890625,2.2837
0.8966064453125,2.2838000000000003
0.99456787109375,2.2839
0.87646484375,2.2840000000000003
1.11541748046875,2.2841
0.6866455078125,2.2842000000000002
0.57861328125,2.2843
0.872802734375,2.2844
0.841064453125,2.2845
0.858154296875,2.2846
0.63873291015625,2.2847
0.96710205078125,2.2848
0.90362548828125,2.2849
0.93170166015625,2.285
0.91461181640625,2.2851
1.07574462890625,2.2852
0.96893310546875,2.2853
0.5975341796875,2.2854
0.7098388671875,2.2855
0.79742431640625,2.2856
1.031494140625,2.2857
1.01104736328125,2.2858
0.97991943359375,2.2859000000000003
0.93292236328125,2.286
0.877685546875,2.2861000000000002
0.94085693359375,2.2862
0.6512451171875,2.2863
1.2506103515625,2.2864
0.4510498046875,2.2865
0.62835693359375,2.2866
0.9063720703125,2.2867
0.43304443359375,2.2868
0.872802734375,2.2869
0.4327392578125,2.287
0.703125,2.2871
0.78704833984375,2.2872
0.4302978515625,2.2873
0.88226318359375,2.2874
0.5548095703125,2.2875
0.5450439453125,2.2876
0.42205810546875,2.2877
0.43426513671875,2.2878
0.39825439453125,2.2879
0.3265380859375,2.2880000000000003
0.39947509765625,2.2881
0.3125,2.2882000000000002
0.1702880859375,2.2883
0.03082275390625,2.2884
-0.213623046875,2.2885
0.13671875,2.2886
-0.1123046875,2.2887
0.06317138671875,2.2888
0.02777099609375,2.2889
-0.35980224609375,2.289
-0.445556640625,2.2891
-0.43914794921875,2.2892
-0.09429931640625,2.2893
-0.26580810546875,2.2894
-0.384521484375,2.2895
-0.4327392578125,2.2896
-0.83526611328125,2.2897
-0.43914794921875,2.2898
-0.87493896484375,2.2899000000000003
-0.50384521484375,2.29
-0.58990478515625,2.2901000000000002
-0.770263671875,2.2902
-1.11785888671875,2.2903000000000002
-1.2396240234375,2.2904
-0.716552734375,2.2905
-0.931396484375,2.2906
-1.0260009765625,2.2907
-0.8758544921875,2.2908
-1.1724853515625,2.2909
-1.02264404296875,2.291
-1.356201171875,2.2911
-1.3543701171875,2.2912
-0.90057373046875,2.2913
-1.12823486328125,2.2914
-1.11114501953125,2.2915
-1.19873046875,2.2916
-1.70806884765625,2.2917
-1.47674560546875,2.2918
-1.6229248046875,2.2919
-1.56219482421875,2.2920000000000003
-1.50054931640625,2.2921
-1.446533203125,2.2922000000000002
-1.36016845703125,2.2923
-1.4166259765625,2.2924
-1.4495849609375,2.2925
-1.30157470703125,2.2926
-1.5936279296875,2.2927
-1.551513671875,2.2928
-1.72454833984375,2.2929
-1.241455078125,2.293
-1.59423828125,2.2931
-1.46209716796875,2.2932
-1.49566650390625,2.2933
-1.8951416015625,2.2934
-1.95159912109375,2.2935
-1.63238525390625,2.2936
-1.6131591796875,2.2937
-1.514892578125,2.2938
-1.60858154296875,2.2939000000000003
-1.73431396484375,2.294
-1.8218994140625,2.2941000000000003
-1.8609619140625,2.2942
-1.7755126953125,2.2943000000000002
-1.4605712890625,2.2944
-1.6107177734375,2.2945
-1.81732177734375,2.2946
-1.8389892578125,2.2947
-1.88018798828125,2.2948
-1.94091796875,2.2949
-1.6998291015625,2.295
-2.0172119140625,2.2951
-1.66259765625,2.2952
-1.95404052734375,2.2953
-2.156982421875,2.2954
-1.98822021484375,2.2955
-1.41387939453125,2.2956
-1.75506591796875,2.2957
-1.680908203125,2.2958
-1.72088623046875,2.2959
-1.80419921875,2.2960000000000003
-1.7498779296875,2.2961
-1.62933349609375,2.2962000000000002
-1.88262939453125,2.2963
-1.75689697265625,2.2964
-1.7327880859375,2.2965
-1.8035888671875,2.2966
-1.72698974609375,2.2967
-1.52099609375,2.2968
-1.7138671875,2.2969
-1.4404296875,2.297
-1.8865966796875,2.2971
-1.63909912109375,2.2972
-1.56982421875,2.2973
-1.5167236328125,2.2974
-1.46514892578125,2.2975
-1.5557861328125,2.2976
-1.444091796875,2.2977
-1.71722412109375,2.2978
-1.75201416015625,2.2979000000000003
-1.46575927734375,2.298
-1.41510009765625,2.2981000000000003
-1.13433837890625,2.2982
-1.53411865234375,2.2983000000000002
-1.47918701171875,2.2984
-1.31439208984375,2.2985
-1.71875,2.2986
-1.4141845703125,2.2987
-1.241455078125,2.2988
-1.20758056640625,2.2989
-1.42120361328125,2.299
-1.45599365234375,2.2991
-1.30035400390625,2.2992
-1.24969482421875,2.2993
-1.007080078125,2.2994
-1.319580078125,2.2995
-1.21612548828125,2.2996
-1.0498046875,2.2997
-1.51153564453125,2.2998
-1.0150146484375,2.2999
-1.47308349609375,2.3000000000000003
-0.99609375,2.3001000000000005
-1.24786376953125,2.3002000000000002
-1.46240234375,2.3003000000000005
-1.3128662109375,2.3004000000000002
-1.19720458984375,2.3005000000000004
-0.946044921875,2.3006
-1.27227783203125,2.3007000000000004
-1.226806640625,2.3008
-1.1846923828125,2.3009000000000004
-1.3372802734375,2.301
-1.11358642578125,2.3011000000000004
-1.51275634765625,2.3012
-1.107177734375,2.3013000000000003
-1.3067626953125,2.3014
-1.36444091796875,2.3015000000000003
-1.346435546875,2.3016
-1.187744140625,2.3017000000000003
-1.29547119140625,2.3018
-1.53564453125,2.3019000000000003
-1.41204833984375,2.302
-1.3800048828125,2.3021000000000003
-1.68212890625,2.3022000000000005
-1.4178466796875,2.3023000000000002
-1.24481201171875,2.3024000000000004
-1.40899658203125,2.3025
-1.177978515625,2.3026000000000004
-1.49261474609375,2.3027
-1.6632080078125,2.3028000000000004
-1.4642333984375,2.3029
-1.62261962890625,2.3030000000000004
-1.35833740234375,2.3031
-1.54327392578125,2.3032000000000004
-1.31378173828125,2.3033
-1.3629150390625,2.3034000000000003
-1.73095703125,2.3035
-1.7364501953125,2.3036000000000003
-1.2017822265625,2.3037
-1.4447021484375,2.3038000000000003
-1.54541015625,2.3039
-1.502685546875,2.3040000000000003
-1.546630859375,2.3041000000000005
-1.453857421875,2.3042000000000002
-1.51275634765625,2.3043000000000005
-1.33514404296875,2.3044000000000002
-1.35589599609375,2.3045000000000004
-1.2835693359375,2.3046
-1.74560546875,2.3047000000000004
-1.4837646484375,2.3048
-1.38824462890625,2.3049000000000004
-1.34796142578125,2.305
-1.131591796875,2.3051000000000004
-1.84539794921875,2.3052
-1.217041015625,2.3053000000000003
-1.26800537109375,2.3054
-1.39892578125,2.3055000000000003
-1.38397216796875,2.3056
-1.04949951171875,2.3057000000000003
-1.029052734375,2.3058
-1.151123046875,2.3059000000000003
-1.168212890625,2.306
-1.3311767578125,2.3061000000000003
-0.849609375,2.3062000000000005
-0.88775634765625,2.3063000000000002
-1.4129638671875,2.3064000000000004
-1.0418701171875,2.3065
-0.97991943359375,2.3066000000000004
-0.7110595703125,2.3067
-0.80810546875,2.3068000000000004
-1.06903076171875,2.3069
-0.59906005859375,2.3070000000000004
-0.74249267578125,2.3071
-1.12030029296875,2.3072000000000004
-0.806884765625,2.3073
-0.53955078125,2.3074000000000003
-0.48065185546875,2.3075
-0.706787109375,2.3076000000000003
-1.00341796875,2.3077
-0.765380859375,2.3078000000000003
-1.0919189453125,2.3079
-0.79193115234375,2.3080000000000003
-0.74432373046875,2.3081000000000005
-0.7232666015625,2.3082000000000003
-0.66162109375,2.3083000000000005
-0.97381591796875,2.3084000000000002
-0.9228515625,2.3085000000000004
-0.67230224609375,2.3086
-0.8953857421875,2.3087000000000004
-0.86395263671875,2.3088
-0.76263427734375,2.3089000000000004
-0.88653564453125,2.309
-1.06536865234375,2.3091000000000004
-0.845947265625,2.3092
-1.14593505859375,2.3093000000000004
-0.75775146484375,2.3094
-1.0052490234375,2.3095000000000003
-1.57745361328125,2.3096
-1.28814697265625,2.3097000000000003
-0.96527099609375,2.3098
-1.55426025390625,2.3099000000000003
-1.0125732421875,2.31
-1.53289794921875,2.3101000000000003
-1.21795654296875,2.3102000000000005
-1.39007568359375,2.3103000000000002
-1.6546630859375,2.3104000000000005
-1.47247314453125,2.3105
-1.392822265625,2.3106000000000004
-1.30279541015625,2.3107
-1.90093994140625,2.3108000000000004
-1.72515869140625,2.3109
-1.65435791015625,2.3110000000000004
-1.6900634765625,2.3111
-1.78924560546875,2.3112000000000004
-2.0855712890625,2.3113
-1.65283203125,2.3114000000000003
-2.01995849609375,2.3115
-2.06390380859375,2.3116000000000003
-2.0452880859375,2.3117
-1.85699462890625,2.3118000000000003
-2.04437255859375,2.3119
-2.20062255859375,2.3120000000000003
-2.28607177734375,2.3121000000000005
-2.13714599609375,2.3122000000000003
-2.286376953125,2.3123000000000005
-2.232666015625,2.3124000000000002
-2.156982421875,2.3125000000000004
-2.35443115234375,2.3126
-2.42340087890625,2.3127000000000004
-2.54852294921875,2.3128
-2.789306640625,2.3129000000000004
-2.56103515625,2.313
-2.68310546875,2.3131000000000004
-2.43499755859375,2.3132
-2.41607666015625,2.3133000000000004
-2.5860595703125,2.3134
-2.4462890625,2.3135000000000003
-2.540283203125,2.3136
-2.62603759765625,2.3137000000000003
-2.56866455078125,2.3138
-2.6434326171875,2.3139000000000003
-2.799072265625,2.314
-2.7947998046875,2.3141000000000003
-2.55828857421875,2.3142000000000005
-2.69622802734375,2.3143000000000002
-2.689208984375,2.3144000000000005
-2.655029296875,2.3145000000000002
-2.7484130859375,2.3146000000000004
-2.58544921875,2.3147
-2.965087890625,2.3148000000000004
-2.5335693359375,2.3149
-2.33673095703125,2.3150000000000004
-2.567138671875,2.3151
-2.48626708984375,2.3152000000000004
-2.8302001953125,2.3153
-2.489013671875,2.3154000000000003
-2.628173828125,2.3155
-2.48992919921875,2.3156000000000003
-2.42462158203125,2.3157
-2.1575927734375,2.3158000000000003
-2.1258544921875,2.3159
-2.5872802734375,2.3160000000000003
-2.220458984375,2.3161
-2.31536865234375,2.3162000000000003
-1.9622802734375,2.3163000000000005
-1.97052001953125,2.3164000000000002
-2.43988037109375,2.3165000000000004
-1.9244384765625,2.3166
-2.05841064453125,2.3167000000000004
-1.700439453125,2.3168
-1.71722412109375,2.3169000000000004
-2.091064453125,2.317
-1.56280517578125,2.3171000000000004
-1.63482666015625,2.3172
-2.11181640625,2.3173000000000004
-1.86279296875,2.3174
-1.4990234375,2.3175000000000003
-1.49383544921875,2.3176
-1.47491455078125,2.3177000000000003
-1.72637939453125,2.3178
-1.6845703125,2.3179000000000003
-1.76239013671875,2.318
-1.507568359375,2.3181000000000003
-1.513671875,2.3182000000000005
-1.2811279296875,2.3183000000000002
-1.4337158203125,2.3184000000000005
-1.49383544921875,2.3185000000000002
-1.5216064453125,2.3186000000000004
-1.28082275390625,2.3187
-1.23016357421875,2.3188000000000004
-1.27685546875,2.3189
-1.195068359375,2.3190000000000004
-1.2701416015625,2.3191
-1.6400146484375,2.3192000000000004
-1.38641357421875,2.3193
-1.33209228515625,2.3194000000000004
-1.165771484375,2.3195
-1.57501220703125,2.3196000000000003
-1.44073486328125,2.3197
-1.339111328125,2.3198000000000003
-1.30035400390625,2.3199
-1.32598876953125,2.3200000000000003
-1.1138916015625,2.3201
-1.41845703125,2.3202000000000003
-1.36962890625,2.3203000000000005
-1.67510986328125,2.3204000000000002
-1.595458984375,2.3205000000000005
-1.5338134765625,2.3206
-1.429443359375,2.3207000000000004
-1.38824462890625,2.3208
-1.54510498046875,2.3209000000000004
-1.552734375,2.321
-1.75872802734375,2.3211000000000004
-1.6290283203125,2.3212
-1.622314453125,2.3213000000000004
-1.84173583984375,2.3214
-1.646728515625,2.3215000000000003
-1.65008544921875,2.3216
-1.97509765625,2.3217000000000003
-1.91497802734375,2.3218
-1.6778564453125,2.3219000000000003
-1.86798095703125,2.322
-1.8939208984375,2.3221000000000003
-1.88629150390625,2.3222000000000005
-2.021484375,2.3223000000000003
-1.97357177734375,2.3224000000000005
-2.10296630859375,2.3225000000000002
-2.14263916015625,2.3226000000000004
-2.0458984375,2.3227
-2.1124267578125,2.3228000000000004
-2.21435546875,2.3229
-2.37030029296875,2.3230000000000004
-2.38037109375,2.3231
-2.32879638671875,2.3232000000000004
-2.19482421875,2.3233
-2.20123291015625,2.3234000000000004
-2.24578857421875,2.3235
-2.1441650390625,2.3236000000000003
-2.47100830078125,2.3237
-2.41455078125,2.3238000000000003
-2.65167236328125,2.3239
-2.62542724609375,2.3240000000000003
-2.623291015625,2.3241
-2.567138671875,2.3242000000000003
-2.64801025390625,2.3243000000000005
-2.7130126953125,2.3244000000000002
-2.80517578125,2.3245000000000005
-2.796630859375,2.3246
-2.9803466796875,2.3247000000000004
-2.7716064453125,2.3248
-2.86834716796875,2.3249000000000004
-2.93701171875,2.325
-2.8985595703125,2.3251000000000004
-3.0438232421875,2.3252
-3.07342529296875,2.3253000000000004
-3.16070556640625,2.3254
-2.9736328125,2.3255000000000003
-3.1103515625,2.3256
-3.13812255859375,2.3257000000000003
-3.19915771484375,2.3258000000000005
-3.38531494140625,2.3259000000000003
-3.20831298828125,2.3260000000000005
-3.6602783203125,2.3261000000000003
-3.284912109375,2.3262000000000005
-3.37799072265625,2.3263000000000003
-3.504638671875,2.3264000000000005
-3.5528564453125,2.3265000000000002
-3.82904052734375,2.3266000000000004
-3.4521484375,2.3267
-3.51806640625,2.3268000000000004
-3.46771240234375,2.3269
-3.50738525390625,2.3270000000000004
-3.83209228515625,2.3271
-3.75762939453125,2.3272000000000004
-3.87908935546875,2.3273
-3.90045166015625,2.3274000000000004
-3.86993408203125,2.3275
-3.74053955078125,2.3276000000000003
-3.8238525390625,2.3277
-4.05120849609375,2.3278000000000003
-3.8018798828125,2.3279000000000005
-3.924560546875,2.3280000000000003
-3.856201171875,2.3281000000000005
-3.7921142578125,2.3282000000000003
-4.1351318359375,2.3283000000000005
-3.99017333984375,2.3284000000000002
-4.01275634765625,2.3285000000000005
-3.59649658203125,2.3286000000000002
-3.8031005859375,2.3287000000000004
-3.97003173828125,2.3288
-3.9642333984375,2.3289000000000004
-3.74786376953125,2.329
-4.10736083984375,2.3291000000000004
-3.98956298828125,2.3292
-3.72467041015625,2.3293000000000004
-3.7799072265625,2.3294
-3.78021240234375,2.3295000000000003
-3.86566162109375,2.3296
-3.9862060546875,2.3297000000000003
-3.62823486328125,2.3298000000000005
-3.5296630859375,2.3299000000000003
-3.66241455078125,2.3300000000000005
-3.65386962890625,2.3301000000000003
-3.6346435546875,2.3302000000000005
-3.68743896484375,2.3303000000000003
-3.62548828125,2.3304000000000005
-3.4613037109375,2.3305000000000002
-3.2818603515625,2.3306000000000004
-3.31024169921875,2.3307
-3.40087890625,2.3308000000000004
-3.306884765625,2.3309
-3.43475341796875,2.3310000000000004
-3.09234619140625,2.3311
-2.8497314453125,2.3312000000000004
-3.135986328125,2.3313
-3.0303955078125,2.3314000000000004
-3.2073974609375,2.3315
-2.752685546875,2.3316000000000003
-2.6800537109375,2.3317
-2.80487060546875,2.3318000000000003
-2.574462890625,2.3319000000000005
-2.425537109375,2.3320000000000003
-2.5408935546875,2.3321000000000005
-2.85797119140625,2.3322000000000003
-2.3681640625,2.3323000000000005
-2.56378173828125,2.3324000000000003
-2.1588134765625,2.3325000000000005
-2.33551025390625,2.3326000000000002
-2.1685791015625,2.3327000000000004
-1.96990966796875,2.3328
-2.03125,2.3329000000000004
-2.01324462890625,2.333
-1.9769287109375,2.3331000000000004
-2.09686279296875,2.3332
-1.7926025390625,2.3333000000000004
-1.64306640625,2.3334
-1.5618896484375,2.3335000000000004
-1.3427734375,2.3336
-1.31317138671875,2.3337000000000003
-1.485595703125,2.3338000000000005
-1.4410400390625,2.3339000000000003
-1.47369384765625,2.3340000000000005
-1.43310546875,2.3341000000000003
-1.18438720703125,2.3342000000000005
-0.9942626953125,2.3343000000000003
-1.107177734375,2.3344000000000005
-1.2908935546875,2.3345000000000002
-1.3427734375,2.3346000000000005
-0.93719482421875,2.3347
-1.00738525390625,2.3348000000000004
-0.80780029296875,2.3349
-0.6201171875,2.3350000000000004
-0.926513671875,2.3351
-0.66650390625,2.3352000000000004
-0.6536865234375,2.3353
-0.55328369140625,2.3354000000000004
-0.42083740234375,2.3355
-0.2593994140625,2.3356000000000003
-0.59112548828125,2.3357
-0.406494140625,2.3358000000000003
-0.447998046875,2.3359000000000005
-0.350341796875,2.3360000000000003
-0.0823974609375,2.3361000000000005
-0.43304443359375,2.3362000000000003
-0.02899169921875,2.3363000000000005
-0.04974365234375,2.3364000000000003
-0.234375,2.3365000000000005
-0.1214599609375,2.3366000000000002
-0.0494384765625,2.3367000000000004
0.2880859375,2.3368
0.042724609375,2.3369000000000004
0.17669677734375,2.337
-0.13427734375,2.3371000000000004
0.25421142578125,2.3372
0.28656005859375,2.3373000000000004
0.03692626953125,2.3374
0.13916015625,2.3375000000000004
0.07720947265625,2.3376
0.24169921875,2.3377000000000003
0.19287109375,2.3378
0.16693115234375,2.3379000000000003
0.379638671875,2.3380000000000005
0.35919189453125,2.3381000000000003
0.03570556640625,2.3382000000000005
0.23406982421875,2.3383000000000003
0.25299072265625,2.3384000000000005
0.341796875,2.3385000000000002
0.308837890625,2.3386000000000005
0.3619384765625,2.3387000000000002
0.27587890625,2.3388000000000004
0.101318359375,2.3389
-0.130615234375,2.3390000000000004
-0.157470703125,2.3391
0.25604248046875,2.3392000000000004
0.2166748046875,2.3393
-0.07598876953125,2.3394000000000004
0.14251708984375,2.3395
0.12176513671875,2.3396000000000003
-0.01373291015625,2.3397
-0.3741455078125,2.3398000000000003
0.04150390625,2.3399000000000005
0.0128173828125,2.3400000000000003
-0.15655517578125,2.3401000000000005
-0.19378662109375,2.3402000000000003
-0.46417236328125,2.3403000000000005
0.01861572265625,2.3404000000000003
-0.22857666015625,2.3405000000000005
-0.5584716796875,2.3406000000000002
-0.2581787109375,2.3407000000000004
-0.5047607421875,2.3408
-0.64300537109375,2.3409000000000004
-0.22186279296875,2.341
-0.46112060546875,2.3411000000000004
-0.2215576171875,2.3412
-0.52459716796875,2.3413000000000004
-0.71533203125,2.3414
-0.7037353515625,2.3415000000000004
-0.40313720703125,2.3416
-0.482177734375,2.3417000000000003
-0.81756591796875,2.3418
-0.49224853515625,2.3419000000000003
-0.648193359375,2.3420000000000005
-0.65185546875,2.3421000000000003
-0.699462890625,2.3422000000000005
-0.960693359375,2.3423000000000003
-0.46478271484375,2.3424000000000005
-0.59356689453125,2.3425000000000002
-0.78399658203125,2.3426000000000005
-0.5328369140625,2.3427000000000002
-0.58258056640625,2.3428000000000004
-0.552978515625,2.3429
-0.57586669921875,2.3430000000000004
-0.61309814453125,2.3431
-0.44586181640625,2.3432000000000004
-0.46356201171875,2.3433
-0.467529296875,2.3434000000000004
-0.39825439453125,2.3435
-0.07965087890625,2.3436000000000003
-0.13031005859375,2.3437
-0.49041748046875,2.3438000000000003
-0.40985107421875,2.3439000000000005
-0.3240966796875,2.3440000000000003
-0.225830078125,2.3441000000000005
-0.24017333984375,2.3442000000000003
-0.1287841796875,2.3443000000000005
0.25665283203125,2.3444000000000003
-0.01495361328125,2.3445000000000005
0.042724609375,2.3446000000000002
-0.13763427734375,2.3447000000000005
0.36407470703125,2.3448
0.3326416015625,2.3449000000000004
0.37872314453125,2.345
0.369873046875,2.3451000000000004
0.064697265625,2.3452
0.4119873046875,2.3453000000000004
0.4278564453125,2.3454
0.69244384765625,2.3455000000000004
0.74310302734375,2.3456
1.0125732421875,2.3457000000000003
0.84991455078125,2.3458
0.49774169921875,2.3459000000000003
0.8587646484375,2.3460000000000005
1.085205078125,2.3461000000000003
1.2109375,2.3462000000000005
0.89202880859375,2.3463000000000003
1.56280517578125,2.3464000000000005
1.1053466796875,2.3465000000000003
1.1407470703125,2.3466000000000005
1.009521484375,2.3467000000000002
1.346435546875,2.3468000000000004
1.96136474609375,2.3469
1.61895751953125,2.3470000000000004
1.67205810546875,2.3471
1.4422607421875,2.3472000000000004
1.845703125,2.3473
1.8206787109375,2.3474000000000004
1.1724853515625,2.3475
1.72943115234375,2.3476000000000004
1.89117431640625,2.3477
1.768798828125,2.3478000000000003
1.66259765625,2.3479000000000005
1.79840087890625,2.3480000000000003
1.986083984375,2.3481000000000005
2.4310302734375,2.3482000000000003
1.7138671875,2.3483000000000005
2.09564208984375,2.3484000000000003
2.40264892578125,2.3485000000000005
2.073974609375,2.3486000000000002
1.98272705078125,2.3487000000000005
2.745361328125,2.3488
2.303466796875,2.3489000000000004
2.0257568359375,2.349
1.88812255859375,2.3491000000000004
1.6937255859375,2.3492
2.373046875,2.3493000000000004
2.26654052734375,2.3494
2.451171875,2.3495000000000004
2.62481689453125,2.3496
2.708740234375,2.3497000000000003
2.14630126953125,2.3498
1.83685302734375,2.3499000000000003
2.344970703125,2.35
2.45452880859375,2.3501000000000003
2.7142333984375,2.3502
2.576904296875,2.3503000000000003
2.0721435546875,2.3504
2.55126953125,2.3505000000000003
2.04925537109375,2.3506
2.0135498046875,2.3507000000000002
2.78350830078125,2.3508
2.47711181640625,2.3509
2.6275634765625,2.351
2.6654052734375,2.3511
2.1832275390625,2.3512
2.6171875,2.3513
2.3126220703125,2.3514
2.735595703125,2.3515
2.39166259765625,2.3516
2.81036376953125,2.3517
2.3681640625,2.3518
2.16094970703125,2.3519
2.6348876953125,2.352
1.96563720703125,2.3521
2.63763427734375,2.3522000000000003
2.3712158203125,2.3523
1.63604736328125,2.3524000000000003
2.53448486328125,2.3525
2.45025634765625,2.3526000000000002
2.22015380859375,2.3527
2.2576904296875,2.3528000000000002
2.568359375,2.3529
1.97174072265625,2.353
1.73797607421875,2.3531
2.0367431640625,2.3532
1.68670654296875,2.3533
2.14019775390625,2.3534
1.65802001953125,2.3535
1.40167236328125,2.3536
1.876220703125,2.3537
1.4697265625,2.3538
1.339111328125,2.3539
1.5643310546875,2.354
1.67694091796875,2.3541000000000003
1.5576171875,2.3542
1.10504150390625,2.3543000000000003
1.33514404296875,2.3544
0.933837890625,2.3545000000000003
1.4678955078125,2.3546
1.0748291015625,2.3547000000000002
0.9368896484375,2.3548
1.14959716796875,2.3549
0.667724609375,2.355
0.64666748046875,2.3551
0.54351806640625,2.3552
0.41229248046875,2.3553
0.59326171875,2.3554
0.7403564453125,2.3555
0.40130615234375,2.3556
0.41412353515625,2.3557
0.42694091796875,2.3558
0.39703369140625,2.3559
0.3399658203125,2.356
0.22308349609375,2.3561
0.238037109375,2.3562000000000003
0.09735107421875,2.3563
-0.32501220703125,2.3564000000000003
-0.38482666015625,2.3565
-0.38482666015625,2.3566000000000003
-0.46875,2.3567
-0.4644775390625,2.3568000000000002
-0.28778076171875,2.3569
-0.43487548828125,2.357
-0.4669189453125,2.3571
-0.4742431640625,2.3572
-0.499267578125,2.3573
-0.48309326171875,2.3574
-0.65887451171875,2.3575
-0.7342529296875,2.3576
-0.85723876953125,2.3577
-0.77850341796875,2.3578
-0.81817626953125,2.3579
-0.64727783203125,2.358
-0.75042724609375,2.3581000000000003
-1.026611328125,2.3582
-1.07208251953125,2.3583000000000003
-1.151123046875,2.3584
-1.1175537109375,2.3585000000000003
-1.03973388671875,2.3586
-0.84503173828125,2.3587000000000002
-1.22528076171875,2.3588
-0.95306396484375,2.3589
-1.229248046875,2.359
-1.05133056640625,2.3591
-1.03302001953125,2.3592
-1.26922607421875,2.3593
-0.9130859375,2.3594
-1.33148193359375,2.3595
-1.2841796875,2.3596
-1.4300537109375,2.3597
-1.09100341796875,2.3598
-0.9625244140625,2.3599
-1.22039794921875,2.36
-1.1273193359375,2.3601
-1.23199462890625,2.3602000000000003
-0.98968505859375,2.3603
-1.13861083984375,2.3604000000000003
-1.1199951171875,2.3605
-0.8935546875,2.3606000000000003
-1.1187744140625,2.3607
-1.297607421875,2.3608000000000002
-1.03424072265625,2.3609
-1.39801025390625,2.361
-1.19873046875,2.3611
-0.89324951171875,2.3612
-0.921630859375,2.3613
-0.86212158203125,2.3614
-1.01776123046875,2.3615
-0.89752197265625,2.3616
-1.2225341796875,2.3617
-0.958251953125,2.3618
-1.2060546875,2.3619
-0.8941650390625,2.362
-0.8831787109375,2.3621000000000003
-1.00860595703125,2.3622
-0.90301513671875,2.3623000000000003
-1.17156982421875,2.3624
-0.8563232421875,2.3625000000000003
-0.8941650390625,2.3626
-0.59326171875,2.3627000000000002
-0.81268310546875,2.3628
-0.87615966796875,2.3629000000000002
-0.85968017578125,2.363
-0.81298828125,2.3631
-0.95428466796875,2.3632
-0.5853271484375,2.3633
-1.068115234375,2.3634
-0.59906005859375,2.3635
-0.90240478515625,2.3636
-1.1737060546875,2.3637
-0.57220458984375,2.3638
-0.5926513671875,2.3639
-0.5224609375,2.364
-0.66375732421875,2.3641
-0.73333740234375,2.3642000000000003
-0.63507080078125,2.3643
-0.6280517578125,2.3644000000000003
-0.62469482421875,2.3645
-0.880126953125,2.3646000000000003
-0.65460205078125,2.3647
-0.7061767578125,2.3648000000000002
-0.6689453125,2.3649
-0.50048828125,2.365
-0.8966064453125,2.3651
-0.4833984375,2.3652
-0.49072265625,2.3653
-1.01226806640625,2.3654
-0.69732666015625,2.3655
-0.08575439453125,2.3656
-0.48797607421875,2.3657
-0.33905029296875,2.3658
-0.4986572265625,2.3659
-0.80078125,2.366
-0.40618896484375,2.3661
-0.46539306640625,2.3662
-0.3021240234375,2.3663000000000003
-0.1031494140625,2.3664
-0.4327392578125,2.3665000000000003
-0.45928955078125,2.3666
-0.48980712890625,2.3667000000000002
-0.3131103515625,2.3668
-0.47271728515625,2.3669000000000002
-0.18951416015625,2.367
-0.46478271484375,2.3671
-0.4400634765625,2.3672
-0.2740478515625,2.3673
-0.421142578125,2.3674
-0.2020263671875,2.3675
-0.30914306640625,2.3676
-0.2264404296875,2.3677
-0.48095703125,2.3678
-0.3631591796875,2.3679
-0.2069091796875,2.368
-0.37200927734375,2.3681
-0.2655029296875,2.3682000000000003
-0.60546875,2.3683
-0.37841796875,2.3684000000000003
-0.31036376953125,2.3685
-0.46722412109375,2.3686000000000003
-0.21209716796875,2.3687
-0.12054443359375,2.3688000000000002
-0.40130615234375,2.3689
-0.423583984375,2.369
-0.4595947265625,2.3691
0.020751953125,2.3692
-0.17852783203125,2.3693
-0.35675048828125,2.3694
-0.43487548828125,2.3695
-0.75225830078125,2.3696
-0.48187255859375,2.3697
-0.8538818359375,2.3698
-0.028076171875,2.3699
-0.50384521484375,2.37
-0.4388427734375,2.3701
-0.3704833984375,2.3702
-0.7757568359375,2.3703000000000003
-0.12664794921875,2.3704
-0.2728271484375,2.3705000000000003
-0.423583984375,2.3706
-0.48919677734375,2.3707000000000003
-0.62530517578125,2.3708
-0.46783447265625,2.3709000000000002
-0.45196533203125,2.371
-0.42083740234375,2.3711
-0.68572998046875,2.3712
-0.49957275390625,2.3713
-0.516357421875,2.3714
-0.7513427734375,2.3715
-0.4327392578125,2.3716
-0.47454833984375,2.3717
-0.45379638671875,2.3718
-0.487060546875,2.3719
-0.89508056640625,2.372
-0.54534912109375,2.3721
-0.7000732421875,2.3722000000000003
-0.4608154296875,2.3723
-0.44647216796875,2.3724000000000003
-0.6475830078125,2.3725
-0.635986328125,2.3726000000000003
-0.57525634765625,2.3727
-0.4931640625,2.3728000000000002
-0.5572509765625,2.3729
-0.5438232421875,2.373
-0.45013427734375,2.3731
-0.7635498046875,2.3732
-0.70526123046875,2.3733
-0.75958251953125,2.3734
-0.543212890625,2.3735
-0.50506591796875,2.3736
-0.633544921875,2.3737
-0.68145751953125,2.3738
-0.9527587890625,2.3739
-0.70159912109375,2.374
-0.81787109375,2.3741
-0.59326171875,2.3742
-0.63720703125,2.3743000000000003
-0.848388671875,2.3744
-0.93017578125,2.3745000000000003
-1.0357666015625,2.3746
-1.09283447265625,2.3747000000000003
-0.963134765625,2.3748
-0.57708740234375,2.3749000000000002
-0.97930908203125,2.375
-1.1041259765625,2.3751
-1.10015869140625,2.3752
-0.8319091796875,2.3753
-0.71075439453125,2.3754
-1.031494140625,2.3755
-0.9197998046875,2.3756
-0.714111328125,2.3757
-1.0540771484375,2.3758000000000004
-1.0626220703125,2.3759
-0.74676513671875,2.3760000000000003
-0.94940185546875,2.3761
-0.84747314453125,2.3762000000000003
-1.085205078125,2.3763
-1.2127685546875,2.3764000000000003
-0.982666015625,2.3765
-0.8148193359375,2.3766000000000003
-1.0040283203125,2.3767
-0.97015380859375,2.3768000000000002
-1.08642578125,2.3769
-0.99456787109375,2.3770000000000002
-0.8740234375,2.3771
-1.17584228515625,2.3772
-1.009521484375,2.3773
-0.745849609375,2.3774
-1.30157470703125,2.3775
-1.0882568359375,2.3776
-1.08734130859375,2.3777
-0.89752197265625,2.3778
-0.9063720703125,2.3779000000000003
-0.8251953125,2.378
-1.39923095703125,2.3781000000000003
-1.1993408203125,2.3782
-1.08612060546875,2.3783000000000003
-0.74462890625,2.3784
-0.79559326171875,2.3785000000000003
-1.02996826171875,2.3786
-0.94329833984375,2.3787000000000003
-1.082763671875,2.3788
-1.3818359375,2.3789000000000002
-1.0821533203125,2.379
-0.8685302734375,2.3791
-0.78216552734375,2.3792
-0.76171875,2.3793
-1.28814697265625,2.3794
-1.3262939453125,2.3795
-1.0870361328125,2.3796
-1.08367919921875,2.3797
-1.09344482421875,2.3798000000000004
-1.2481689453125,2.3799
-0.97930908203125,2.3800000000000003
-1.04522705078125,2.3801
-1.07391357421875,2.3802000000000003
-0.85845947265625,2.3803
-1.0675048828125,2.3804000000000003
-1.00341796875,2.3805
-1.207275390625,2.3806000000000003
-1.21978759765625,2.3807
-1.01776123046875,2.3808000000000002
-0.95947265625,2.3809
-0.81207275390625,2.3810000000000002
-1.27227783203125,2.3811
-1.2762451171875,2.3812
-1.495361328125,2.3813
-1.12274169921875,2.3814
-1.26922607421875,2.3815
-1.45233154296875,2.3816
-0.94451904296875,2.3817
-1.27685546875,2.3818
-1.1993408203125,2.3819000000000004
-1.34307861328125,2.382
-1.351318359375,2.3821000000000003
-1.0882568359375,2.3822
-1.08062744140625,2.3823000000000003
-1.2969970703125,2.3824
-1.3818359375,2.3825000000000003
-1.12579345703125,2.3826
-1.0357666015625,2.3827000000000003
-1.21002197265625,2.3828
-1.0467529296875,2.3829000000000002
-1.79962158203125,2.383
-1.302490234375,2.3831
-1.4111328125,2.3832
-1.43829345703125,2.3833
-1.07513427734375,2.3834
-1.4013671875,2.3835
-1.181640625,2.3836
-1.2469482421875,2.3837
-1.59271240234375,2.3838000000000004
-1.4801025390625,2.3839
-1.70501708984375,2.3840000000000003
-1.30126953125,2.3841
-1.634521484375,2.3842000000000003
-1.30462646484375,2.3843
-1.38153076171875,2.3844000000000003
-1.42120361328125,2.3845
-1.61956787109375,2.3846000000000003
-1.82830810546875,2.3847
-1.448974609375,2.3848000000000003
-1.488037109375,2.3849
-1.56463623046875,2.3850000000000002
-1.46392822265625,2.3851
-1.82098388671875,2.3852
-1.466064453125,2.3853
-1.67144775390625,2.3854
-1.646728515625,2.3855
-1.64031982421875,2.3856
-1.4007568359375,2.3857
-1.39434814453125,2.3858
-1.70562744140625,2.3859000000000004
-1.6851806640625,2.386
-1.56036376953125,2.3861000000000003
-1.3360595703125,2.3862
-1.85821533203125,2.3863000000000003
-1.83197021484375,2.3864
-1.553955078125,2.3865000000000003
-1.84661865234375,2.3866
-1.30828857421875,2.3867000000000003
-1.66961669921875,2.3868
-1.534423828125,2.3869000000000002
-1.48223876953125,2.387
-1.52801513671875,2.3871
-1.57257080078125,2.3872
-1.52862548828125,2.3873
-1.497802734375,2.3874
-1.4727783203125,2.3875
-1.58905029296875,2.3876
-1.412353515625,2.3877
-1.29119873046875,2.3878
-1.304931640625,2.3879
-1.3983154296875,2.3880000000000003
-1.34368896484375,2.3881
-1.7962646484375,2.3882000000000003
-1.33544921875,2.3883
-1.15936279296875,2.3884000000000003
-1.26068115234375,2.3885
-1.2249755859375,2.3886000000000003
-1.50177001953125,2.3887
-1.27410888671875,2.3888000000000003
-1.1663818359375,2.3889
-1.44012451171875,2.3890000000000002
-1.1871337890625,2.3891
-1.29425048828125,2.3892
-1.060791015625,2.3893
-1.3873291015625,2.3894
-0.92620849609375,2.3895
-0.9539794921875,2.3896
-1.177978515625,2.3897
-1.10595703125,2.3898
-1.53656005859375,2.3899000000000004
-1.1541748046875,2.39
-0.7379150390625,2.3901000000000003
-0.7952880859375,2.3902
-0.7818603515625,2.3903000000000003
-1.34185791015625,2.3904
-0.92010498046875,2.3905000000000003
-0.953369140625,2.3906
-1.0430908203125,2.3907000000000003
-0.69366455078125,2.3908
-0.7647705078125,2.3909000000000002
-0.8282470703125,2.391
-1.05438232421875,2.3911000000000002
-1.1199951171875,2.3912
-0.79925537109375,2.3913
-0.68939208984375,2.3914
-0.63079833984375,2.3915
-1.21368408203125,2.3916
-0.8392333984375,2.3917
-0.61553955078125,2.3918
-0.57464599609375,2.3919
-0.65338134765625,2.3920000000000003
-0.52947998046875,2.3921
-0.50445556640625,2.3922000000000003
-0.88623046875,2.3923
-0.75225830078125,2.3924000000000003
-0.296630859375,2.3925
-0.47607421875,2.3926000000000003
-0.48980712890625,2.3927
-0.5511474609375,2.3928000000000003
-0.5828857421875,2.3929
-0.4644775390625,2.3930000000000002
-0.79376220703125,2.3931
-0.28778076171875,2.3932
-0.60791015625,2.3933
-0.46112060546875,2.3934
-0.5694580078125,2.3935
-0.4656982421875,2.3936
-0.135498046875,2.3937
-0.15838623046875,2.3938
-0.3289794921875,2.3939000000000004
-0.41107177734375,2.394
-0.42022705078125,2.3941000000000003
-0.21453857421875,2.3942
-0.43853759765625,2.3943000000000003
-0.40863037109375,2.3944
-0.513916015625,2.3945000000000003
-0.460205078125,2.3946
-0.4638671875,2.3947000000000003
-0.4010009765625,2.3948
0.01129150390625,2.3949000000000003
-0.05889892578125,2.395
-0.27435302734375,2.3951000000000002
-0.31707763671875,2.3952
-0.5877685546875,2.3953
-0.31036376953125,2.3954
-0.4071044921875,2.3955
-0.2862548828125,2.3956
-0.14190673828125,2.3957
-0.52215576171875,2.3958
-0.4595947265625,2.3959
-0.4461669921875,2.3960000000000004
-0.0787353515625,2.3961
-0.18646240234375,2.3962000000000003
-0.13763427734375,2.3963
-0.443115234375,2.3964000000000003
-0.41473388671875,2.3965
-0.48583984375,2.3966000000000003
-0.3369140625,2.3967
0.0994873046875,2.3968000000000003
-0.10650634765625,2.3969
-0.1129150390625,2.3970000000000002
-0.5908203125,2.3971
-0.28717041015625,2.3972
-0.36285400390625,2.3973
-0.230712890625,2.3974
-0.14801025390625,2.3975
-0.1715087890625,2.3976
-0.3192138671875,2.3977
-0.46661376953125,2.3978
-0.16021728515625,2.3979000000000004
0.1177978515625,2.398
-0.24810791015625,2.3981000000000003
-0.206298828125,2.3982
-0.44189453125,2.3983000000000003
-0.3082275390625,2.3984
-0.0738525390625,2.3985000000000003
0.015869140625,2.3986
-0.013427734375,2.3987000000000003
-0.1055908203125,2.3988
-0.0262451171875,2.3989000000000003
-0.3265380859375,2.399
-0.20294189453125,2.3991000000000002
-0.12542724609375,2.3992
-0.0079345703125,2.3993
0.04058837890625,2.3994
-0.4620361328125,2.3995
-0.108642578125,2.3996
-0.1416015625,2.3997
-0.01251220703125,2.3998
-0.08575439453125,2.3999
-0.27130126953125,2.4
0.2130126953125,2.4001
0.18829345703125,2.4002
0.09796142578125,2.4003
0.3515625,2.4004
0.12664794921875,2.4005
0.22552490234375,2.4006
-0.4425048828125,2.4007
0.0897216796875,2.4008
0.27740478515625,2.4009
0.302734375,2.401
0.3167724609375,2.4011
-0.2203369140625,2.4012
0.24658203125,2.4013
-0.10284423828125,2.4013999999999998
0.19256591796875,2.4015
0.35980224609375,2.4015999999999997
0.0421142578125,2.4017
0.2777099609375,2.4017999999999997
0.16510009765625,2.4019
0.37933349609375,2.4019999999999997
0.37017822265625,2.4021
0.25177001953125,2.4022
0.396728515625,2.4023
0.4022216796875,2.4024
0.38604736328125,2.4025
0.3973388671875,2.4026
0.3985595703125,2.4027
0.42083740234375,2.4028
0.384521484375,2.4029
0.40252685546875,2.403
0.39459228515625,2.4031
0.40252685546875,2.4032
0.41534423828125,2.4032999999999998
0.42999267578125,2.4034
0.43212890625,2.4034999999999997
0.43060302734375,2.4036
0.7550048828125,2.4036999999999997
0.45928955078125,2.4038
0.611572265625,2.4038999999999997
0.82977294921875,2.404
0.7781982421875,2.4041
0.6982421875,2.4042
0.45013427734375,2.4043
0.47332763671875,2.4044
0.8538818359375,2.4045
0.8251953125,2.4046
0.52459716796875,2.4047
0.71319580078125,2.4048
0.75897216796875,2.4049
0.5841064453125,2.405
0.63690185546875,2.4051
1.09130859375,2.4052
1.3214111328125,2.4053
0.78094482421875,2.4053999999999998
0.5609130859375,2.4055
0.58502197265625,2.4055999999999997
1.14471435546875,2.4057
0.908203125,2.4057999999999997
0.57708740234375,2.4059
0.9930419921875,2.4059999999999997
0.5780029296875,2.4061
0.9588623046875,2.4062
1.22467041015625,2.4063
0.6683349609375,2.4064
1.2420654296875,2.4065
0.83404541015625,2.4066
0.45013427734375,2.4067
0.94146728515625,2.4068
1.3800048828125,2.4069
1.27716064453125,2.407
0.989990234375,2.4071
1.05010986328125,2.4072
0.75103759765625,2.4072999999999998
0.71746826171875,2.4074
0.919189453125,2.4074999999999998
1.04156494140625,2.4076
1.10260009765625,2.4076999999999997
0.94573974609375,2.4078
0.5657958984375,2.4078999999999997
0.86090087890625,2.408
1.21978759765625,2.4081
1.30645751953125,2.4082
0.92803955078125,2.4083
0.93109130859375,2.4084
1.201171875,2.4085
0.8868408203125,2.4086
1.0455322265625,2.4087
1.103515625,2.4088
1.466064453125,2.4089
1.06658935546875,2.409
0.48736572265625,2.4091
0.8685302734375,2.4092
1.219482421875,2.4093
1.046142578125,2.4093999999999998
1.3201904296875,2.4095
0.96099853515625,2.4095999999999997
1.02935791015625,2.4097
0.82763671875,2.4097999999999997
0.906982421875,2.4099
1.00616455078125,2.4099999999999997
1.177978515625,2.4101
0.97137451171875,2.4102
0.78521728515625,2.4103
1.16790771484375,2.4104
1.1944580078125,2.4105
1.20819091796875,2.4106
1.09893798828125,2.4107
0.53070068359375,2.4108
1.10992431640625,2.4109
0.682373046875,2.411
1.26739501953125,2.4111
1.42547607421875,2.4112
0.76751708984375,2.4112999999999998
0.892333984375,2.4114
0.50140380859375,2.4114999999999998
1.0089111328125,2.4116
1.3720703125,2.4116999999999997
1.217041015625,2.4118
1.10565185546875,2.4118999999999997
1.01715087890625,2.412
1.13861083984375,2.4121
0.9417724609375,2.4122
1.162109375,2.4123
1.27838134765625,2.4124
0.8697509765625,2.4125
1.20208740234375,2.4126
0.9564208984375,2.4127
1.08062744140625,2.4128
1.204833984375,2.4129
1.1187744140625,2.413
1.0247802734375,2.4131
0.819091796875,2.4132
1.18408203125,2.4133
0.90118408203125,2.4133999999999998
1.00921630859375,2.4135
1.19476318359375,2.4135999999999997
0.9716796875,2.4137
0.94390869140625,2.4137999999999997
1.002197265625,2.4139
1.14593505859375,2.4139999999999997
1.5020751953125,2.4141
1.08673095703125,2.4142
1.11236572265625,2.4143
0.90606689453125,2.4144
0.97991943359375,2.4145
1.22039794921875,2.4146
1.0638427734375,2.4147
0.78460693359375,2.4148
0.897216796875,2.4149
0.76751708984375,2.415
0.97412109375,2.4151
1.334228515625,2.4152
1.40350341796875,2.4153
1.0577392578125,2.4154
1.09375,2.4154999999999998
0.98114013671875,2.4156
1.2396240234375,2.4156999999999997
0.99334716796875,2.4158
0.97076416015625,2.4158999999999997
0.9393310546875,2.416
1.07452392578125,2.4160999999999997
1.0394287109375,2.4162
1.02874755859375,2.4163
1.44500732421875,2.4164
1.23260498046875,2.4165
1.25640869140625,2.4166
1.12762451171875,2.4167
1.0595703125,2.4168
1.3092041015625,2.4169
1.5728759765625,2.417
1.17218017578125,2.4171
1.1614990234375,2.4172
1.39312744140625,2.4173
0.8056640625,2.4173999999999998
1.099853515625,2.4175
1.1663818359375,2.4175999999999997
1.197509765625,2.4177
1.33148193359375,2.4177999999999997
0.94085693359375,2.4179
1.380615234375,2.4179999999999997
1.51275634765625,2.4181
1.224365234375,2.4182
1.44805908203125,2.4183
1.27166748046875,2.4184
1.26678466796875,2.4185
1.429443359375,2.4186
1.6455078125,2.4187
1.68243408203125,2.4188
1.53839111328125,2.4189
1.47125244140625,2.419
1.0430908203125,2.4191
1.0260009765625,2.4192
1.24786376953125,2.4193
1.478271484375,2.4194
1.56341552734375,2.4194999999999998
1.22955322265625,2.4196
1.317138671875,2.4196999999999997
1.478271484375,2.4198
1.2677001953125,2.4198999999999997
1.58905029296875,2.42
1.654052734375,2.4200999999999997
1.67633056640625,2.4202
1.44989013671875,2.4203
1.5380859375,2.4204
1.76849365234375,2.4205
1.478271484375,2.4206
1.5399169921875,2.4207
1.33819580078125,2.4208
1.41998291015625,2.4209
1.669921875,2.421
1.43707275390625,2.4211
1.70318603515625,2.4212
1.7474365234375,2.4213
1.470947265625,2.4213999999999998
1.29119873046875,2.4215
1.48223876953125,2.4215999999999998
1.7376708984375,2.4217
2.008056640625,2.4217999999999997
1.983642578125,2.4219
1.3043212890625,2.4219999999999997
1.729736328125,2.4221
1.5667724609375,2.4222
1.57806396484375,2.4223
1.9189453125,2.4224
1.85516357421875,2.4225
1.42059326171875,2.4226
1.7388916015625,2.4227
1.31134033203125,2.4228
1.93878173828125,2.4229
1.9732666015625,2.423
1.8743896484375,2.4231
1.62933349609375,2.4232
1.6387939453125,2.4233
1.96075439453125,2.4234
1.38885498046875,2.4234999999999998
2.03826904296875,2.4236
1.87835693359375,2.4236999999999997
1.74468994140625,2.4238
1.66290283203125,2.4238999999999997
1.4837646484375,2.424
2.0709228515625,2.4240999999999997
1.90399169921875,2.4242
1.43280029296875,2.4243
1.68853759765625,2.4244
1.8182373046875,2.4245
1.878662109375,2.4246
1.9403076171875,2.4247
1.81884765625,2.4248
1.53961181640625,2.4249
1.7864990234375,2.425
1.424560546875,2.4251
1.722412109375,2.4252
2.16033935546875,2.4253
2.060546875,2.4254
1.7529296875,2.4255
1.336669921875,2.4255999999999998
1.319580078125,2.4257
1.6851806640625,2.4258
1.90673828125,2.4259
1.7254638671875,2.426
1.88690185546875,2.4261
1.82098388671875,2.4262
1.55548095703125,2.4263
1.5509033203125,2.4264
1.79351806640625,2.4265
2.059326171875,2.4266
1.5924072265625,2.4267
1.4520263671875,2.4268
1.56463623046875,2.4269
2.0208740234375,2.427
1.9000244140625,2.4271
1.781005859375,2.4272
1.650390625,2.4273
1.78497314453125,2.4274
1.4404296875,2.4274999999999998
1.67144775390625,2.4276
1.90582275390625,2.4276999999999997
1.85028076171875,2.4278
1.74224853515625,2.4279
1.33819580078125,2.428
1.8603515625,2.4281
1.84051513671875,2.4282
1.75933837890625,2.4283
1.57379150390625,2.4284
1.76025390625,2.4285
1.89971923828125,2.4286
1.3543701171875,2.4287
1.951904296875,2.4288
1.8743896484375,2.4289
2.15972900390625,2.429
1.71600341796875,2.4291
0.8770751953125,2.4292
1.72607421875,2.4293
1.673583984375,2.4294
2.14599609375,2.4295
2.05047607421875,2.4295999999999998
1.28692626953125,2.4297
1.90460205078125,2.4298
1.6265869140625,2.4299
1.534423828125,2.43
1.6839599609375,2.4301
2.12158203125,2.4302
1.66168212890625,2.4303
1.4263916015625,2.4304
1.68426513671875,2.4305
1.6119384765625,2.4306
1.7181396484375,2.4307
1.9775390625,2.4308
1.673583984375,2.4309
1.7706298828125,2.431
1.55181884765625,2.4311
1.90032958984375,2.4312
1.82647705078125,2.4313
1.91650390625,2.4314
1.6265869140625,2.4314999999999998
1.41876220703125,2.4316
1.50634765625,2.4316999999999998
1.50054931640625,2.4318
2.0819091796875,2.4319
2.0587158203125,2.432
1.62017822265625,2.4321
1.92047119140625,2.4322
1.34521484375,2.4323
1.45416259765625,2.4324
1.85699462890625,2.4325
1.56463623046875,2.4326
2.0501708984375,2.4327
1.74896240234375,2.4328
1.3653564453125,2.4329
1.43829345703125,2.433
2.23236083984375,2.4331
2.215576171875,2.4332
2.0068359375,2.4333
1.993408203125,2.4334
1.48223876953125,2.4335
1.669921875,2.4335999999999998
1.827392578125,2.4337
1.93756103515625,2.4338
1.87103271484375,2.4339
1.728515625,2.434
1.158447265625,2.4341
1.5789794921875,2.4342
1.7840576171875,2.4343
1.38824462890625,2.4344
2.1343994140625,2.4345
1.63726806640625,2.4346
1.8231201171875,2.4347
1.66595458984375,2.4348
1.8719482421875,2.4349
1.73004150390625,2.435
1.749267578125,2.4351
1.62811279296875,2.4352
1.27288818359375,2.4353
1.54876708984375,2.4354
1.6845703125,2.4354999999999998
1.8194580078125,2.4356
1.767578125,2.4356999999999998
1.23626708984375,2.4358
1.31072998046875,2.4359
1.58843994140625,2.436
1.43463134765625,2.4361
1.92779541015625,2.4362
1.9195556640625,2.4363
1.21978759765625,2.4364
1.3336181640625,2.4365
1.36627197265625,2.4366
1.558837890625,2.4367
2.00714111328125,2.4368
1.90673828125,2.4369
1.3336181640625,2.437
1.268310546875,2.4371
1.37481689453125,2.4372
1.33819580078125,2.4373
1.8902587890625,2.4374
1.737060546875,2.4375
1.46942138671875,2.4375999999999998
1.33758544921875,2.4377
1.53289794921875,2.4377999999999997
1.91986083984375,2.4379
1.65283203125,2.438
1.795654296875,2.4381
1.39404296875,2.4382
1.4105224609375,2.4383
1.47369384765625,2.4384
1.5863037109375,2.4385
1.78466796875,2.4386
1.15509033203125,2.4387
1.40594482421875,2.4388
1.47308349609375,2.4389
1.17645263671875,2.439
1.92962646484375,2.4391
1.95220947265625,2.4392
1.77490234375,2.4393
1.38671875,2.4394
1.06781005859375,2.4395
1.76849365234375,2.4396
1.71722412109375,2.4396999999999998
1.59423828125,2.4398
1.71783447265625,2.4399
1.1767578125,2.44
1.3140869140625,2.4401
0.83038330078125,2.4402
1.67877197265625,2.4403
1.64337158203125,2.4404
1.624755859375,2.4405
1.68701171875,2.4406
1.18560791015625,2.4407
1.7608642578125,2.4408
1.7498779296875,2.4409
1.73828125,2.441
1.634521484375,2.4411
1.531982421875,2.4412
1.64581298828125,2.4413
1.49627685546875,2.4414
1.8658447265625,2.4415
1.636962890625,2.4415999999999998
1.61865234375,2.4417
1.10137939453125,2.4417999999999997
1.42547607421875,2.4419
1.5899658203125,2.442
1.75537109375,2.4421
1.6094970703125,2.4422
1.7498779296875,2.4423
1.50360107421875,2.4424
1.30615234375,2.4425
1.23809814453125,2.4426
1.53778076171875,2.4427
1.91650390625,2.4428
1.7132568359375,2.4429
1.5576171875,2.443
1.14410400390625,2.4431
1.47979736328125,2.4432
1.552734375,2.4433
1.55517578125,2.4434
1.470947265625,2.4435
1.40167236328125,2.4436
1.38580322265625,2.4436999999999998
1.16424560546875,2.4438
1.70379638671875,2.4439
1.83746337890625,2.444
1.84967041015625,2.4441
1.4306640625,2.4442
1.490478515625,2.4443
1.46026611328125,2.4444
1.60888671875,2.4445
1.64031982421875,2.4446
1.4459228515625,2.4447
1.70684814453125,2.4448
1.32171630859375,2.4449
1.29119873046875,2.445
1.29730224609375,2.4451
1.387939453125,2.4452
1.7431640625,2.4453
0.9857177734375,2.4454
1.58447265625,2.4455
1.546630859375,2.4455999999999998
1.60858154296875,2.4457
1.61529541015625,2.4457999999999998
0.9112548828125,2.4459
1.54510498046875,2.446
1.1212158203125,2.4461
1.46636962890625,2.4462
1.75323486328125,2.4463
1.4300537109375,2.4464
1.58966064453125,2.4465
1.0223388671875,2.4466
1.32781982421875,2.4467
1.60308837890625,2.4468
1.4630126953125,2.4469
1.39739990234375,2.447
1.41204833984375,2.4471
1.4263916015625,2.4472
1.20025634765625,2.4473
1.26312255859375,2.4474
1.55181884765625,2.4475
1.4508056640625,2.4476
1.36322021484375,2.4476999999999998
1.2689208984375,2.4478
1.46575927734375,2.4479
1.739501953125,2.448
1.4044189453125,2.4481
1.48193359375,2.4482
1.05255126953125,2.4483
1.21063232421875,2.4484
1.37420654296875,2.4485
1.25457763671875,2.4486
1.5985107421875,2.4487
1.16485595703125,2.4488
1.2359619140625,2.4489
1.03424072265625,2.449
1.3250732421875,2.4491
1.77459716796875,2.4492
1.46240234375,2.4493
1.24176025390625,2.4494
0.94024658203125,2.4495
1.55609130859375,2.4495999999999998
1.41845703125,2.4497
1.75506591796875,2.4497999999999998
1.52496337890625,2.4499
1.5350341796875,2.45
1.1663818359375,2.4501000000000004
1.07025146484375,2.4502
1.33331298828125,2.4503000000000004
1.50726318359375,2.4504
1.2237548828125,2.4505000000000003
0.93109130859375,2.4506
1.36077880859375,2.4507000000000003
1.34979248046875,2.4508
1.42669677734375,2.4509000000000003
1.34552001953125,2.451
1.51641845703125,2.4511000000000003
1.57135009765625,2.4512
1.0821533203125,2.4513000000000003
1.59637451171875,2.4514
1.72760009765625,2.4515000000000002
1.619873046875,2.4516
1.3323974609375,2.4517
0.68939208984375,2.4518
1.09893798828125,2.4519
1.22039794921875,2.452
1.48284912109375,2.4521
1.6729736328125,2.4522000000000004
1.37115478515625,2.4523
1.38458251953125,2.4524000000000004
1.33880615234375,2.4525
0.96710205078125,2.4526000000000003
1.55548095703125,2.4527
1.73370361328125,2.4528000000000003
1.4898681640625,2.4529
1.173095703125,2.4530000000000003
1.50390625,2.4531
1.505126953125,2.4532000000000003
1.136474609375,2.4533
1.2689208984375,2.4534000000000002
1.1138916015625,2.4535
1.57318115234375,2.4536000000000002
1.34033203125,2.4537
1.07421875,2.4538
1.72119140625,2.4539
1.69830322265625,2.454
1.49322509765625,2.4541000000000004
1.02569580078125,2.4542
1.5008544921875,2.4543000000000004
1.51214599609375,2.4544
1.4111328125,2.4545000000000003
1.35284423828125,2.4546
1.22314453125,2.4547000000000003
1.35711669921875,2.4548
1.05621337890625,2.4549000000000003
1.190185546875,2.455
1.65283203125,2.4551000000000003
1.31683349609375,2.4552
1.131591796875,2.4553000000000003
1.22711181640625,2.4554
1.1785888671875,2.4555000000000002
1.512451171875,2.4556
1.39556884765625,2.4557
1.5203857421875,2.4558
1.21124267578125,2.4559
1.34674072265625,2.456
1.12823486328125,2.4561
1.19354248046875,2.4562000000000004
1.72637939453125,2.4563
1.3592529296875,2.4564000000000004
1.3134765625,2.4565
1.18743896484375,2.4566000000000003
0.96282958984375,2.4567
1.67144775390625,2.4568000000000003
1.09375,2.4569
1.302490234375,2.4570000000000003
1.3922119140625,2.4571
1.42333984375,2.4572000000000003
1.4630126953125,2.4573
1.3824462890625,2.4574000000000003
1.53076171875,2.4575
1.38427734375,2.4576000000000002
1.15692138671875,2.4577
1.2353515625,2.4578
1.27960205078125,2.4579
1.7669677734375,2.458
1.224365234375,2.4581000000000004
1.21063232421875,2.4582
1.2579345703125,2.4583000000000004
1.21063232421875,2.4584
1.1688232421875,2.4585000000000004
1.46759033203125,2.4586
1.44439697265625,2.4587000000000003
1.4227294921875,2.4588
1.10748291015625,2.4589000000000003
1.444091796875,2.459
1.62689208984375,2.4591000000000003
1.23504638671875,2.4592
1.19659423828125,2.4593000000000003
1.40960693359375,2.4594
1.58447265625,2.4595000000000002
1.33575439453125,2.4596
1.5301513671875,2.4597
1.4324951171875,2.4598
1.219482421875,2.4599
1.234130859375,2.46
1.09588623046875,2.4601
1.36962890625,2.4602000000000004
1.4849853515625,2.4603
1.2139892578125,2.4604000000000004
1.33453369140625,2.4605
1.50115966796875,2.4606000000000003
1.32049560546875,2.4607
1.6033935546875,2.4608000000000003
1.583251953125,2.4609
1.34368896484375,2.4610000000000003
1.56097412109375,2.4611
1.40625,2.4612000000000003
1.21978759765625,2.4613
1.65069580078125,2.4614000000000003
1.827392578125,2.4615
1.4105224609375,2.4616000000000002
1.1651611328125,2.4617
1.3360595703125,2.4618
1.6217041015625,2.4619
1.63330078125,2.462
1.08978271484375,2.4621000000000004
1.77001953125,2.4622
1.3568115234375,2.4623000000000004
1.490478515625,2.4624
1.50421142578125,2.4625000000000004
1.39373779296875,2.4626
1.9024658203125,2.4627000000000003
1.29638671875,2.4628
1.62689208984375,2.4629000000000003
1.38824462890625,2.463
1.84906005859375,2.4631000000000003
1.796875,2.4632
1.5643310546875,2.4633000000000003
1.64337158203125,2.4634
1.36871337890625,2.4635000000000002
1.27197265625,2.4636
1.60614013671875,2.4637000000000002
1.5997314453125,2.4638
1.83837890625,2.4639
1.69097900390625,2.464
1.57073974609375,2.4641
1.41265869140625,2.4642000000000004
1.4398193359375,2.4643
1.71478271484375,2.4644000000000004
1.3897705078125,2.4645
1.7584228515625,2.4646000000000003
1.47308349609375,2.4647
1.46484375,2.4648000000000003
1.46087646484375,2.4649
0.7684326171875,2.4650000000000003
1.85821533203125,2.4651
1.44073486328125,2.4652000000000003
1.3330078125,2.4653
1.4788818359375,2.4654000000000003
1.86279296875,2.4655
1.77825927734375,2.4656000000000002
1.3873291015625,2.4657
1.94000244140625,2.4658
1.20758056640625,2.4659
1.58416748046875,2.466
1.285400390625,2.4661
1.3665771484375,2.4662
2.16583251953125,2.4663000000000004
1.1517333984375,2.4664
1.4190673828125,2.4665000000000004
1.21429443359375,2.4666
1.397705078125,2.4667000000000003
1.59393310546875,2.4668
1.6107177734375,2.4669000000000003
1.69097900390625,2.467
1.475830078125,2.4671000000000003
1.51641845703125,2.4672
1.38092041015625,2.4673000000000003
1.5789794921875,2.4674
1.96807861328125,2.4675000000000002
1.72637939453125,2.4676
1.427001953125,2.4677000000000002
1.41632080078125,2.4678
1.18499755859375,2.4679
1.61041259765625,2.468
1.663818359375,2.4681
1.45965576171875,2.4682000000000004
1.5460205078125,2.4683
1.58599853515625,2.4684000000000004
1.4630126953125,2.4685
1.56829833984375,2.4686000000000003
1.7840576171875,2.4687
1.45294189453125,2.4688000000000003
1.73492431640625,2.4689
1.510009765625,2.4690000000000003
1.43463134765625,2.4691
1.8988037109375,2.4692000000000003
1.49322509765625,2.4693
1.575927734375,2.4694000000000003
1.29119873046875,2.4695
1.37939453125,2.4696000000000002
1.5020751953125,2.4697
1.96380615234375,2.4698
1.93511962890625,2.4699
1.52862548828125,2.47
1.60675048828125,2.4701
1.23504638671875,2.4702
1.64093017578125,2.4703000000000004
1.75872802734375,2.4704
1.83380126953125,2.4705000000000004
1.82098388671875,2.4706
1.558837890625,2.4707000000000003
1.30950927734375,2.4708
1.27197265625,2.4709000000000003
1.57867431640625,2.471
1.17340087890625,2.4711000000000003
1.91162109375,2.4712
1.4239501953125,2.4713000000000003
1.4862060546875,2.4714
1.6876220703125,2.4715000000000003
1.690673828125,2.4716
1.9512939453125,2.4717000000000002
1.3677978515625,2.4718
1.614990234375,2.4719
1.4990234375,2.472
1.79595947265625,2.4721
1.639404296875,2.4722000000000004
1.5606689453125,2.4723
1.53472900390625,2.4724000000000004
1.15875244140625,2.4725
1.5478515625,2.4726000000000004
1.87164306640625,2.4727
1.44989013671875,2.4728000000000003
1.91650390625,2.4729
1.8963623046875,2.4730000000000003
1.50604248046875,2.4731
1.73065185546875,2.4732000000000003
1.64642333984375,2.4733
1.790771484375,2.4734000000000003
1.7926025390625,2.4735
1.72637939453125,2.4736000000000002
1.40411376953125,2.4737
1.48162841796875,2.4738
1.778564453125,2.4739
1.492919921875,2.474
1.898193359375,2.4741
1.60980224609375,2.4742
1.4288330078125,2.4743000000000004
1.67510986328125,2.4744
1.5216064453125,2.4745000000000004
1.8292236328125,2.4746
1.7852783203125,2.4747000000000003
1.71478271484375,2.4748
1.4715576171875,2.4749000000000003
1.5045166015625,2.475
1.51519775390625,2.4751000000000003
1.51397705078125,2.4752
1.94061279296875,2.4753000000000003
1.0302734375,2.4754
1.6424560546875,2.4755000000000003
1.72515869140625,2.4756
1.25762939453125,2.4757000000000002
1.64947509765625,2.4758000000000004
1.7315673828125,2.4759
1.4666748046875,2.4760000000000004
1.40655517578125,2.4761
1.251220703125,2.4762000000000004
1.81243896484375,2.4763
1.7596435546875,2.4764000000000004
1.5496826171875,2.4765
1.597900390625,2.4766000000000004
1.19476318359375,2.4767
1.5576171875,2.4768000000000003
1.10931396484375,2.4769
1.58660888671875,2.4770000000000003
1.8157958984375,2.4771
1.5753173828125,2.4772000000000003
1.7193603515625,2.4773
1.0986328125,2.4774000000000003
1.697998046875,2.4775
1.66046142578125,2.4776000000000002
1.77032470703125,2.4777
1.37237548828125,2.4778000000000002
1.29364013671875,2.4779000000000004
1.66107177734375,2.478
1.25885009765625,2.4781000000000004
1.75872802734375,2.4782
1.47796630859375,2.4783000000000004
1.851806640625,2.4784
1.43218994140625,2.4785000000000004
1.21612548828125,2.4786
1.60888671875,2.4787000000000003
1.59576416015625,2.4788
1.39801025390625,2.4789000000000003
1.32781982421875,2.479
1.39068603515625,2.4791000000000003
1.65924072265625,2.4792
1.42425537109375,2.4793000000000003
1.32537841796875,2.4794
1.55792236328125,2.4795000000000003
1.6021728515625,2.4796
1.50238037109375,2.4797000000000002
1.129150390625,2.4798000000000004
1.68060302734375,2.4799
1.6094970703125,2.4800000000000004
1.3336181640625,2.4801
1.6058349609375,2.4802000000000004
0.87890625,2.4803
1.74072265625,2.4804000000000004
1.24267578125,2.4805
1.70501708984375,2.4806000000000004
1.8426513671875,2.4807
1.60308837890625,2.4808000000000003
1.666259765625,2.4809
1.29547119140625,2.4810000000000003
1.41632080078125,2.4811
1.221923828125,2.4812000000000003
1.61376953125,2.4813
1.5155029296875,2.4814000000000003
1.40960693359375,2.4815
1.4630126953125,2.4816000000000003
1.298828125,2.4817
1.41448974609375,2.4818000000000002
1.28875732421875,2.4819000000000004
1.67724609375,2.482
1.5216064453125,2.4821000000000004
1.47491455078125,2.4822
1.38275146484375,2.4823000000000004
1.7242431640625,2.4824
1.87286376953125,2.4825000000000004
1.2493896484375,2.4826
1.69281005859375,2.4827000000000004
1.65557861328125,2.4828
1.5087890625,2.4829000000000003
1.80633544921875,2.483
1.8133544921875,2.4831000000000003
1.5435791015625,2.4832
1.49383544921875,2.4833000000000003
1.44439697265625,2.4834
1.51641845703125,2.4835000000000003
1.5673828125,2.4836
1.52435302734375,2.4837000000000002
1.6790771484375,2.4838000000000005
1.72821044921875,2.4839
1.41021728515625,2.4840000000000004
1.50787353515625,2.4841
1.6693115234375,2.4842000000000004
1.85791015625,2.4843
1.56646728515625,2.4844000000000004
1.63787841796875,2.4845
1.34674072265625,2.4846000000000004
1.9097900390625,2.4847
1.66412353515625,2.4848000000000003
1.66595458984375,2.4849
1.53350830078125,2.4850000000000003
1.65130615234375,2.4851
1.27960205078125,2.4852000000000003
1.48406982421875,2.4853
1.36505126953125,2.4854000000000003
1.3995361328125,2.4855
1.883544921875,2.4856000000000003
1.43310546875,2.4857
1.5667724609375,2.4858000000000002
1.7242431640625,2.4859000000000004
1.84051513671875,2.486
1.6778564453125,2.4861000000000004
0.63201904296875,2.4862
1.53961181640625,2.4863000000000004
1.455078125,2.4864
1.739501953125,2.4865000000000004
1.3641357421875,2.4866
1.6693115234375,2.4867000000000004
1.52252197265625,2.4868
1.11724853515625,2.4869000000000003
1.51153564453125,2.487
1.85821533203125,2.4871000000000003
1.513671875,2.4872
1.6143798828125,2.4873000000000003
1.4898681640625,2.4874
1.46026611328125,2.4875000000000003
1.7071533203125,2.4876
1.71234130859375,2.4877000000000002
1.57623291015625,2.4878
1.64581298828125,2.4879000000000002
1.58111572265625,2.4880000000000004
1.4697265625,2.4881
1.8463134765625,2.4882000000000004
1.72515869140625,2.4883
1.54449462890625,2.4884000000000004
1.61407470703125,2.4885
0.97564697265625,2.4886000000000004
1.5081787109375,2.4887
2.04803466796875,2.4888000000000003
1.6094970703125,2.4889
1.73370361328125,2.4890000000000003
1.279296875,2.4891
1.59271240234375,2.4892000000000003
1.34246826171875,2.4893
1.81121826171875,2.4894000000000003
1.77215576171875,2.4895
1.58843994140625,2.4896000000000003
1.61773681640625,2.4897
1.14837646484375,2.4898000000000002
1.54388427734375,2.4899000000000004
2.0172119140625,2.49
1.50909423828125,2.4901000000000004
1.7767333984375,2.4902
1.43341064453125,2.4903000000000004
1.6912841796875,2.4904
1.42333984375,2.4905000000000004
1.71630859375,2.4906
2.0391845703125,2.4907000000000004
2.02239990234375,2.4908
1.67877197265625,2.4909000000000003
1.16180419921875,2.491
1.3507080078125,2.4911000000000003
1.895751953125,2.4912
1.4434814453125,2.4913000000000003
1.8048095703125,2.4914
1.5289306640625,2.4915000000000003
1.48284912109375,2.4916
1.600341796875,2.4917000000000002
1.51458740234375,2.4918
1.87255859375,2.4919000000000002
1.75384521484375,2.4920000000000004
1.805419921875,2.4921
1.448974609375,2.4922000000000004
1.50421142578125,2.4923
1.93756103515625,2.4924000000000004
1.88720703125,2.4925
1.942138671875,2.4926000000000004
1.3165283203125,2.4927
1.71295166015625,2.4928000000000003
1.26922607421875,2.4929
1.54510498046875,2.4930000000000003
2.113037109375,2.4931
1.74774169921875,2.4932000000000003
1.8841552734375,2.4933
1.3092041015625,2.4934000000000003
1.6796875,2.4935
1.619873046875,2.4936000000000003
1.9073486328125,2.4937
1.9781494140625,2.4938000000000002
1.86767578125,2.4939000000000004
1.76544189453125,2.494
1.556396484375,2.4941000000000004
1.5673828125,2.4942
2.0855712890625,2.4943000000000004
1.79840087890625,2.4944
1.470947265625,2.4945000000000004
1.5875244140625,2.4946
1.7578125,2.4947000000000004
1.97998046875,2.4948
1.884765625,2.4949000000000003
2.0257568359375,2.495
1.89544677734375,2.4951000000000003
1.59576416015625,2.4952
1.39984130859375,2.4953000000000003
1.81365966796875,2.4954
2.02850341796875,2.4955000000000003
1.38092041015625,2.4956
1.3580322265625,2.4957000000000003
1.34765625,2.4958
1.5899658203125,2.4959000000000002
1.5899658203125,2.4960000000000004
1.62841796875,2.4961
1.751708984375,2.4962000000000004
1.646728515625,2.4963
1.7083740234375,2.4964000000000004
1.43585205078125,2.4965
1.8048095703125,2.4966000000000004
1.8414306640625,2.4967
2.01446533203125,2.4968000000000004
1.61529541015625,2.4969
1.1895751953125,2.4970000000000003
1.9757080078125,2.4971
1.54541015625,2.4972000000000003
2.000732421875,2.4973
1.787109375,2.4974000000000003
1.8292236328125,2.4975
1.55487060546875,2.4976000000000003
1.3006591796875,2.4977
1.87835693359375,2.4978000000000002
1.732177734375,2.4979000000000005
1.7266845703125,2.498
1.35955810546875,2.4981000000000004
1.6973876953125,2.4982
1.98974609375,2.4983000000000004
1.53717041015625,2.4984
1.7596435546875,2.4985000000000004
1.5252685546875,2.4986
1.83319091796875,2.4987000000000004
1.531982421875,2.4988
1.6748046875,2.4989000000000003
2.178955078125,2.499
2.18353271484375,2.4991000000000003
1.663818359375,2.4992
1.28662109375,2.4993000000000003
1.49139404296875,2.4994
1.7889404296875,2.4995000000000003
1.74041748046875,2.4996
1.8084716796875,2.4997000000000003
1.87469482421875,2.4998
1.72882080078125,2.4999000000000002
1.74957275390625,2.5
1.4654541015625,2.5001
2.113037109375,2.5002
2.1405029296875,2.5003
1.93115234375,2.5004
1.81396484375,2.5005
1.38427734375,2.5006
2.07366943359375,2.5007
1.365966796875,2.5008
2.1649169921875,2.5009
1.85546875,2.501
1.8499755859375,2.5011
1.9073486328125,2.5012
1.49658203125,2.5013
1.92138671875,2.5014
2.0556640625,2.5015
1.84295654296875,2.5016
1.82830810546875,2.5017
1.81732177734375,2.5018
1.849365234375,2.5019
1.6455078125,2.502
1.6973876953125,2.5021
1.97723388671875,2.5022
1.9189453125,2.5023
1.78436279296875,2.5024
1.84906005859375,2.5025
2.0697021484375,2.5026
2.1612548828125,2.5027
1.7620849609375,2.5028
1.7596435546875,2.5029
1.4764404296875,2.503
2.001953125,2.5031
2.0166015625,2.5032
1.98699951171875,2.5033
2.2869873046875,2.5034
1.86279296875,2.5035
1.82342529296875,2.5036
1.5496826171875,2.5037
1.983642578125,2.5038
2.0733642578125,2.5039
1.964111328125,2.504
2.05352783203125,2.5041
1.6290283203125,2.5042
1.72088623046875,2.5043
1.5411376953125,2.5044
1.6851806640625,2.5045
2.07855224609375,2.5046
1.9830322265625,2.5047
2.1923828125,2.5048
1.876220703125,2.5049
1.81182861328125,2.505
2.216796875,2.5051
2.0166015625,2.5052
1.890869140625,2.5053
1.9268798828125,2.5054
1.7138671875,2.5055
1.78466796875,2.5056
1.378173828125,2.5057
1.9775390625,2.5058
1.7572021484375,2.5059
1.58355712890625,2.506
1.5875244140625,2.5061
1.85638427734375,2.5062
2.109375,2.5063
1.89605712890625,2.5064
2.340087890625,2.5065
1.96044921875,2.5066
1.8060302734375,2.5067
1.61376953125,2.5068
1.5472412109375,2.5069
2.04437255859375,2.507
1.7742919921875,2.5071
1.83868408203125,2.5072
1.4422607421875,2.5073
1.9586181640625,2.5074
1.71234130859375,2.5075
1.94427490234375,2.5076
2.18017578125,2.5077
2.07611083984375,2.5078
1.97265625,2.5079
1.43310546875,2.508
1.69097900390625,2.5081
2.0257568359375,2.5082
2.264404296875,2.5083
2.0086669921875,2.5084
1.73309326171875,2.5085
1.8707275390625,2.5086
1.673583984375,2.5087
1.83349609375,2.5088
1.59332275390625,2.5089
2.138671875,2.509
1.95404052734375,2.5091
1.57073974609375,2.5092
1.76605224609375,2.5093
2.066650390625,2.5094
2.037353515625,2.5095
1.976318359375,2.5096
1.9573974609375,2.5097
1.9256591796875,2.5098
1.8438720703125,2.5099
1.82342529296875,2.51
1.92352294921875,2.5101
1.84112548828125,2.5102
1.9036865234375,2.5103
1.12518310546875,2.5104
1.7041015625,2.5105
1.990966796875,2.5106
1.934814453125,2.5107
2.2296142578125,2.5108
1.6973876953125,2.5109
2.0867919921875,2.511
1.60003662109375,2.5111
1.90887451171875,2.5112
1.59912109375,2.5113
2.0697021484375,2.5114
1.76666259765625,2.5115
1.5264892578125,2.5116
1.6229248046875,2.5117
1.73095703125,2.5118
1.92779541015625,2.5119
1.849365234375,2.512
1.42730712890625,2.5121
1.87225341796875,2.5122
1.80816650390625,2.5123
1.74530029296875,2.5124
1.8646240234375,2.5125
1.917724609375,2.5126
1.63848876953125,2.5127
1.47064208984375,2.5128
1.6595458984375,2.5129
1.96990966796875,2.513
2.0111083984375,2.5131
1.91650390625,2.5132
1.50604248046875,2.5133
1.978759765625,2.5134
1.7181396484375,2.5135
1.6107177734375,2.5136
1.9451904296875,2.5137
1.57135009765625,2.5138
2.1075439453125,2.5139
1.59423828125,2.514
1.590576171875,2.5141
2.07794189453125,2.5142
2.07366943359375,2.5143
2.08160400390625,2.5144
1.44439697265625,2.5145
1.79107666015625,2.5146
1.77093505859375,2.5147
1.64215087890625,2.5148
2.04803466796875,2.5149
1.75933837890625,2.515
1.9427490234375,2.5151
1.4886474609375,2.5152
1.21795654296875,2.5153
2.0758056640625,2.5154
1.84814453125,2.5155
2.05902099609375,2.5156
1.69647216796875,2.5157
1.57073974609375,2.5158
1.610107421875,2.5159
1.407470703125,2.516
1.66900634765625,2.5161
1.829833984375,2.5162
1.84539794921875,2.5163
1.18316650390625,2.5164
1.31805419921875,2.5165
2.16156005859375,2.5166
1.81182861328125,2.5167
1.75537109375,2.5168
1.60675048828125,2.5169
1.50482177734375,2.517
1.549072265625,2.5171
1.32293701171875,2.5172
1.798095703125,2.5173
1.4508056640625,2.5174
1.75048828125,2.5175
1.28448486328125,2.5176
1.44775390625,2.5177
2.0343017578125,2.5178
1.8499755859375,2.5179
1.96075439453125,2.518
1.3421630859375,2.5181
1.33026123046875,2.5182
1.64398193359375,2.5183
1.56036376953125,2.5184
1.7962646484375,2.5185
1.64886474609375,2.5186
1.4324951171875,2.5187
1.32720947265625,2.5188
1.33026123046875,2.5189
1.74072265625,2.519
1.7413330078125,2.5191
2.04498291015625,2.5192
1.81243896484375,2.5193
1.52008056640625,2.5194
1.55059814453125,2.5195
1.2054443359375,2.5196
1.68426513671875,2.5197
1.7791748046875,2.5198
1.48345947265625,2.5199
1.4599609375,2.52
1.52618408203125,2.5201
1.483154296875,2.5202
1.19537353515625,2.5203
1.43707275390625,2.5204
1.27685546875,2.5205
1.87103271484375,2.5206
1.455078125,2.5207
1.76116943359375,2.5208
1.92230224609375,2.5209
1.84417724609375,2.521
1.9061279296875,2.5211
1.38885498046875,2.5212
1.77093505859375,2.5213
1.6241455078125,2.5214
1.6766357421875,2.5215
1.44989013671875,2.5216
1.85028076171875,2.5217
1.8035888671875,2.5218
1.28997802734375,2.5219
1.654052734375,2.522
1.748046875,2.5221
1.68487548828125,2.5222
1.9647216796875,2.5223
1.98272705078125,2.5224
1.61468505859375,2.5225
1.65283203125,2.5226
1.70684814453125,2.5227
1.48406982421875,2.5228
1.8646240234375,2.5229
2.04132080078125,2.523
1.651611328125,2.5231
1.68792724609375,2.5232
1.6839599609375,2.5233
1.4794921875,2.5234
1.93328857421875,2.5235
1.63482666015625,2.5236
2.00439453125,2.5237
2.02362060546875,2.5238
1.6998291015625,2.5239
1.669921875,2.524
1.81915283203125,2.5241
2.353515625,2.5242
1.634521484375,2.5243
2.08160400390625,2.5244
1.8048095703125,2.5245
1.8389892578125,2.5246
1.96807861328125,2.5247
1.3079833984375,2.5248
2.12158203125,2.5249
1.98333740234375,2.525
1.3665771484375,2.5251
1.7608642578125,2.5252
1.966552734375,2.5253
2.04498291015625,2.5254
1.776123046875,2.5255
1.5545654296875,2.5256
1.85394287109375,2.5257
1.602783203125,2.5258000000000003
1.89971923828125,2.5259
1.9415283203125,2.5260000000000002
1.93603515625,2.5261
1.893310546875,2.5262000000000002
1.278076171875,2.5263
1.485595703125,2.5264
1.5802001953125,2.5265
2.061767578125,2.5266
2.1063232421875,2.5267
1.62872314453125,2.5268
1.976318359375,2.5269
1.57623291015625,2.527
1.6583251953125,2.5271
1.4849853515625,2.5272
2.0361328125,2.5273
2.09991455078125,2.5274
1.59088134765625,2.5275
1.84967041015625,2.5276
1.43646240234375,2.5277
2.2210693359375,2.5278
1.64520263671875,2.5279000000000003
1.54022216796875,2.528
2.159423828125,2.5281000000000002
1.4569091796875,2.5282
1.86859130859375,2.5283
1.93695068359375,2.5284
1.912841796875,2.5285
1.94854736328125,2.5286
1.54998779296875,2.5287
1.55303955078125,2.5288
1.6851806640625,2.5289
2.14263916015625,2.529
1.837158203125,2.5291
1.44989013671875,2.5292
1.9317626953125,2.5293
1.44927978515625,2.5294
1.67816162109375,2.5295
1.8603515625,2.5296
1.7919921875,2.5297
2.11090087890625,2.5298000000000003
1.4935302734375,2.5299
1.8646240234375,2.5300000000000002
1.8359375,2.5301
2.0465087890625,2.5302000000000002
2.00653076171875,2.5303
1.8310546875,2.5304
1.8408203125,2.5305
1.49993896484375,2.5306
1.97265625,2.5307
1.7559814453125,2.5308
2.08740234375,2.5309
2.188720703125,2.531
1.74346923828125,2.5311
1.61834716796875,2.5312
1.563720703125,2.5313
1.84356689453125,2.5314
1.5087890625,2.5315
2.0428466796875,2.5316
1.77734375,2.5317
1.82586669921875,2.5318
1.82708740234375,2.5319000000000003
1.556396484375,2.532
1.97174072265625,2.5321000000000002
2.344970703125,2.5322
1.806640625,2.5323
2.0556640625,2.5324
2.08709716796875,2.5325
1.8310546875,2.5326
2.032470703125,2.5327
1.9671630859375,2.5328
1.92474365234375,2.5329
2.01171875,2.533
1.9580078125,2.5331
2.03643798828125,2.5332
2.376708984375,2.5333
2.03277587890625,2.5334
2.21527099609375,2.5335
2.0849609375,2.5336
2.00714111328125,2.5337
1.96502685546875,2.5338000000000003
1.87042236328125,2.5339
2.04925537109375,2.5340000000000003
2.294921875,2.5341
2.10235595703125,2.5342000000000002
2.01263427734375,2.5343
1.68670654296875,2.5344
2.398681640625,2.5345
1.90673828125,2.5346
2.4200439453125,2.5347
2.26715087890625,2.5348
1.6986083984375,2.5349
2.28668212890625,2.535
2.03582763671875,2.5351
1.962890625,2.5352
2.42889404296875,2.5353
2.5897216796875,2.5354
2.5244140625,2.5355
1.80389404296875,2.5356
2.08221435546875,2.5357
1.8438720703125,2.5358
2.4560546875,2.5359000000000003
1.98883056640625,2.536
2.36480712890625,2.5361000000000002
2.14385986328125,2.5362
1.690673828125,2.5363
1.6241455078125,2.5364
2.255859375,2.5365
2.0770263671875,2.5366
2.42706298828125,2.5367
2.29095458984375,2.5368
1.875,2.5369
2.32666015625,2.537
2.29949951171875,2.5371
2.15911865234375,2.5372
2.06573486328125,2.5373
2.27783203125,2.5374
1.9354248046875,2.5375
1.98089599609375,2.5376
2.28515625,2.5377
1.76177978515625,2.5378
2.633056640625,2.5379
1.8280029296875,2.5380000000000003
1.98822021484375,2.5381
2.342529296875,2.5382000000000002
2.376708984375,2.5383
2.4481201171875,2.5384
2.12921142578125,2.5385
2.31689453125,2.5386
1.767578125,2.5387
1.86431884765625,2.5388
1.9842529296875,2.5389
2.1533203125,2.539
2.57232666015625,2.5391
1.8975830078125,2.5392
1.75201416015625,2.5393
2.42431640625,2.5394
1.73095703125,2.5395
2.2601318359375,2.5396
2.354736328125,2.5397
2.34375,2.5398
2.33734130859375,2.5399000000000003
1.81243896484375,2.54
2.215576171875,2.5401000000000002
2.57354736328125,2.5402
2.554931640625,2.5403000000000002
2.09716796875,2.5404
2.11456298828125,2.5405
2.26776123046875,2.5406
1.590576171875,2.5407
2.28668212890625,2.5408
1.917724609375,2.5409
2.40020751953125,2.541
2.43255615234375,2.5411
1.99188232421875,2.5412
2.27264404296875,2.5413
2.3126220703125,2.5414
2.72918701171875,2.5415
1.99737548828125,2.5416
2.45849609375,2.5417
2.43316650390625,2.5418
2.25799560546875,2.5419
2.61260986328125,2.5420000000000003
2.09259033203125,2.5421
2.474365234375,2.5422000000000002
2.2601318359375,2.5423
1.87591552734375,2.5424
2.13348388671875,2.5425
2.56591796875,2.5426
2.55889892578125,2.5427
2.40692138671875,2.5428
2.208251953125,2.5429
2.32818603515625,2.543
2.28179931640625,2.5431
2.20184326171875,2.5432
2.4163818359375,2.5433
2.58331298828125,2.5434
2.55096435546875,2.5435
1.815185546875,2.5436
1.8994140625,2.5437
2.14752197265625,2.5438
2.24639892578125,2.5439000000000003
2.5396728515625,2.544
1.93878173828125,2.5441000000000003
2.59796142578125,2.5442
2.27783203125,2.5443000000000002
2.3089599609375,2.5444
2.08282470703125,2.5445
2.75115966796875,2.5446
2.59246826171875,2.5447
2.24365234375,2.5448
1.9097900390625,2.5449
1.9091796875,2.545
2.80853271484375,2.5451
2.218017578125,2.5452
2.33551025390625,2.5453
2.1978759765625,2.5454
2.43927001953125,2.5455
1.9970703125,2.5456
1.75933837890625,2.5457
2.04315185546875,2.5458
2.1234130859375,2.5459
2.24029541015625,2.5460000000000003
1.69891357421875,2.5461
2.24212646484375,2.5462000000000002
2.1820068359375,2.5463
1.99371337890625,2.5464
1.973876953125,2.5465
1.96685791015625,2.5466
2.423095703125,2.5467
1.96685791015625,2.5468
2.1246337890625,2.5469
1.961669921875,2.547
2.42919921875,2.5471
2.25555419921875,2.5472
1.82342529296875,2.5473
1.83807373046875,2.5474
2.08099365234375,2.5475
2.10235595703125,2.5476
2.294921875,2.5477
2.05230712890625,2.5478
2.29949951171875,2.5479000000000003
2.05322265625,2.548
1.6278076171875,2.5481000000000003
1.73065185546875,2.5482
2.23663330078125,2.5483000000000002
2.33062744140625,2.5484
2.07763671875,2.5485
1.5802001953125,2.5486
2.14752197265625,2.5487
1.67633056640625,2.5488
2.29278564453125,2.5489
1.910400390625,2.549
2.2235107421875,2.5491
2.3492431640625,2.5492
1.82403564453125,2.5493
1.9378662109375,2.5494
2.27813720703125,2.5495
2.3175048828125,2.5496
1.9696044921875,2.5497
2.09564208984375,2.5498
2.17864990234375,2.5499
1.98394775390625,2.5500000000000003
1.817626953125,2.5501000000000005
2.09014892578125,2.5502000000000002
2.39654541015625,2.5503000000000005
2.36114501953125,2.5504000000000002
2.059326171875,2.5505000000000004
1.8914794921875,2.5506
2.2210693359375,2.5507000000000004
2.09075927734375,2.5508
2.3907470703125,2.5509000000000004
1.849365234375,2.551
2.61688232421875,2.5511000000000004
2.23876953125,2.5512
1.8548583984375,2.5513000000000003
2.15667724609375,2.5514
2.13958740234375,2.5515000000000003
2.67669677734375,2.5516
1.69769287109375,2.5517000000000003
2.31964111328125,2.5518
2.25372314453125,2.5519000000000003
2.19146728515625,2.552
2.445068359375,2.5521000000000003
1.7572021484375,2.5522000000000005
2.4761962890625,2.5523000000000002
2.16278076171875,2.5524000000000004
1.98577880859375,2.5525
2.0098876953125,2.5526000000000004
2.0904541015625,2.5527
2.73834228515625,2.5528000000000004
2.46002197265625,2.5529
2.12615966796875,2.5530000000000004
1.8402099609375,2.5531
2.0135498046875,2.5532000000000004
2.20794677734375,2.5533
2.2686767578125,2.5534000000000003
2.36968994140625,2.5535
2.5018310546875,2.5536000000000003
2.13775634765625,2.5537
1.9696044921875,2.5538000000000003
1.9512939453125,2.5539
2.21954345703125,2.5540000000000003
2.12310791015625,2.5541000000000005
2.493896484375,2.5542000000000002
2.5775146484375,2.5543000000000005
2.041015625,2.5544000000000002
2.3541259765625,2.5545000000000004
2.04345703125,2.5546
2.4969482421875,2.5547000000000004
2.30621337890625,2.5548
2.20367431640625,2.5549000000000004
2.12646484375,2.555
1.986083984375,2.5551000000000004
2.0343017578125,2.5552
2.03033447265625,2.5553000000000003
2.23663330078125,2.5554
2.203369140625,2.5555000000000003
2.3846435546875,2.5556
2.09228515625,2.5557000000000003
1.793212890625,2.5558
2.22015380859375,2.5559000000000003
2.15850830078125,2.556
2.0037841796875,2.5561000000000003
1.97509765625,2.5562000000000005
2.23236083984375,2.5563000000000002
2.0068359375,2.5564000000000004
1.86309814453125,2.5565
1.87835693359375,2.5566000000000004
1.79412841796875,2.5567
2.1392822265625,2.5568000000000004
1.595458984375,2.5569
2.20306396484375,2.5570000000000004
2.2503662109375,2.5571
2.27386474609375,2.5572000000000004
1.968994140625,2.5573
1.81365966796875,2.5574000000000003
1.96563720703125,2.5575
2.03826904296875,2.5576000000000003
2.279052734375,2.5577
2.1435546875,2.5578000000000003
2.232666015625,2.5579
2.0635986328125,2.5580000000000003
1.5472412109375,2.5581000000000005
1.689453125,2.5582000000000003
1.99005126953125,2.5583000000000005
2.11944580078125,2.5584000000000002
2.0599365234375,2.5585000000000004
1.9891357421875,2.5586
1.854248046875,2.5587000000000004
2.12371826171875,2.5588
2.02362060546875,2.5589000000000004
2.3712158203125,2.559
2.08984375,2.5591000000000004
2.21771240234375,2.5592
1.7364501953125,2.5593000000000004
2.11090087890625,2.5594
2.274169921875,2.5595000000000003
2.03125,2.5596
2.02239990234375,2.5597000000000003
1.45782470703125,2.5598
1.92108154296875,2.5599000000000003
1.968994140625,2.56
1.7486572265625,2.5601000000000003
2.09625244140625,2.5602000000000005
2.37945556640625,2.5603000000000002
2.03857421875,2.5604000000000005
1.58355712890625,2.5605
2.0135498046875,2.5606000000000004
2.15576171875,2.5607
2.5177001953125,2.5608000000000004
2.4200439453125,2.5609
1.4776611328125,2.5610000000000004
2.13287353515625,2.5611
2.15667724609375,2.5612000000000004
1.7333984375,2.5613
2.3822021484375,2.5614000000000003
2.0550537109375,2.5615
2.08099365234375,2.5616000000000003
2.11822509765625,2.5617
1.56707763671875,2.5618000000000003
2.37884521484375,2.5619
2.503662109375,2.5620000000000003
2.20672607421875,2.5621000000000005
1.94732666015625,2.5622000000000003
2.1942138671875,2.5623000000000005
2.24334716796875,2.5624000000000002
1.70684814453125,2.5625000000000004
2.0281982421875,2.5626
1.915283203125,2.5627000000000004
2.29888916015625,2.5628
2.0465087890625,2.5629000000000004
1.5087890625,2.563
2.23785400390625,2.5631000000000004
2.22137451171875,2.5632
2.2161865234375,2.5633000000000004
2.0855712890625,2.5634
2.0745849609375,2.5635000000000003
2.42156982421875,2.5636
2.18841552734375,2.5637000000000003
2.31842041015625,2.5638
1.812744140625,2.5639000000000003
2.421875,2.564
2.1185302734375,2.5641000000000003
1.6015625,2.5642000000000005
2.15057373046875,2.5643000000000002
2.330322265625,2.5644000000000005
1.8621826171875,2.5645000000000002
2.227783203125,2.5646000000000004
1.96380615234375,2.5647
2.00927734375,2.5648000000000004
1.94366455078125,2.5649
1.97906494140625,2.5650000000000004
1.97113037109375,2.5651
2.3382568359375,2.5652000000000004
2.30712890625,2.5653
1.69647216796875,2.5654000000000003
2.2833251953125,2.5655
1.94061279296875,2.5656000000000003
2.005615234375,2.5657
2.02850341796875,2.5658000000000003
1.6168212890625,2.5659
2.196044921875,2.5660000000000003
1.8243408203125,2.5661
1.8212890625,2.5662000000000003
1.94183349609375,2.5663000000000005
2.2174072265625,2.5664000000000002
2.02484130859375,2.5665000000000004
1.495361328125,2.5666
1.76239013671875,2.5667000000000004
1.74224853515625,2.5668
2.17254638671875,2.5669000000000004
1.74774169921875,2.567
1.79931640625,2.5671000000000004
1.973876953125,2.5672
1.8304443359375,2.5673000000000004
1.4166259765625,2.5674
1.50726318359375,2.5675000000000003
2.02972412109375,2.5676
1.79046630859375,2.5677000000000003
1.834716796875,2.5678
1.5277099609375,2.5679000000000003
1.7742919921875,2.568
2.29461669921875,2.5681000000000003
1.5362548828125,2.5682000000000005
1.48345947265625,2.5683000000000002
1.41510009765625,2.5684000000000005
1.73248291015625,2.5685000000000002
1.7669677734375,2.5686000000000004
1.5509033203125,2.5687
1.47705078125,2.5688000000000004
1.57196044921875,2.5689
1.3299560546875,2.5690000000000004
1.25396728515625,2.5691
1.5399169921875,2.5692000000000004
1.7303466796875,2.5693
1.77490234375,2.5694000000000004
1.46392822265625,2.5695
1.27410888671875,2.5696000000000003
1.42364501953125,2.5697
1.55731201171875,2.5698000000000003
1.26190185546875,2.5699
1.80633544921875,2.5700000000000003
1.2860107421875,2.5701
1.3055419921875,2.5702000000000003
1.46636962890625,2.5703000000000005
1.33636474609375,2.5704000000000002
1.64642333984375,2.5705000000000005
1.39801025390625,2.5706
1.53564453125,2.5707000000000004
1.1260986328125,2.5708
1.4764404296875,2.5709000000000004
1.3970947265625,2.571
0.99609375,2.5711000000000004
1.60003662109375,2.5712
1.16668701171875,2.5713000000000004
1.5069580078125,2.5714
1.42974853515625,2.5715000000000003
1.37481689453125,2.5716
1.796875,2.5717000000000003
1.23626708984375,2.5718
1.1749267578125,2.5719000000000003
1.33636474609375,2.572
1.68548583984375,2.5721000000000003
1.55609130859375,2.5722000000000005
1.49871826171875,2.5723000000000003
1.7333984375,2.5724000000000005
1.32781982421875,2.5725000000000002
1.08642578125,2.5726000000000004
1.48651123046875,2.5727
1.241455078125,2.5728000000000004
1.9427490234375,2.5729
1.6986083984375,2.5730000000000004
1.1004638671875,2.5731
1.529541015625,2.5732000000000004
1.5032958984375,2.5733
1.51611328125,2.5734000000000004
1.7919921875,2.5735
1.89971923828125,2.5736000000000003
1.798095703125,2.5737
1.49169921875,2.5738000000000003
1.67083740234375,2.5739
1.16302490234375,2.5740000000000003
1.82373046875,2.5741
1.304931640625,2.5742000000000003
1.290283203125,2.5743000000000005
1.7108154296875,2.5744000000000002
1.42974853515625,2.5745000000000005
1.663818359375,2.5746
1.6705322265625,2.5747000000000004
1.61224365234375,2.5748
1.617431640625,2.5749000000000004
1.53594970703125,2.575
1.6455078125,2.5751000000000004
1.64947509765625,2.5752
1.83837890625,2.5753000000000004
1.42181396484375,2.5754
1.67266845703125,2.5755000000000003
1.59088134765625,2.5756
1.0699462890625,2.5757000000000003
1.5838623046875,2.5758000000000005
1.56005859375,2.5759000000000003
1.1834716796875,2.5760000000000005
1.62506103515625,2.5761000000000003
1.24725341796875,2.5762000000000005
1.475830078125,2.5763000000000003
1.69189453125,2.5764000000000005
1.5313720703125,2.5765000000000002
1.59576416015625,2.5766000000000004
1.09405517578125,2.5767
1.53900146484375,2.5768000000000004
1.231689453125,2.5769
1.42730712890625,2.5770000000000004
1.55426025390625,2.5771
1.68701171875,2.5772000000000004
1.46270751953125,2.5773
1.1590576171875,2.5774000000000004
1.3934326171875,2.5775
1.44744873046875,2.5776000000000003
1.50238037109375,2.5777
1.43310546875,2.5778000000000003
1.4892578125,2.5779000000000005
1.46209716796875,2.5780000000000003
1.749267578125,2.5781000000000005
1.49322509765625,2.5782000000000003
1.40228271484375,2.5783000000000005
1.6455078125,2.5784000000000002
1.3848876953125,2.5785000000000005
1.502685546875,2.5786000000000002
1.6107177734375,2.5787000000000004
1.74713134765625,2.5788
1.4990234375,2.5789000000000004
1.36566162109375,2.579
1.4337158203125,2.5791000000000004
1.18499755859375,2.5792
1.59027099609375,2.5793000000000004
1.849365234375,2.5794
1.6326904296875,2.5795000000000003
2.1087646484375,2.5796
1.7486572265625,2.5797000000000003
1.651611328125,2.5798000000000005
1.92596435546875,2.5799000000000003
1.7431640625,2.5800000000000005
1.97509765625,2.5801000000000003
2.078857421875,2.5802000000000005
1.65740966796875,2.5803000000000003
1.9354248046875,2.5804000000000005
1.937255859375,2.5805000000000002
2.01690673828125,2.5806000000000004
1.99188232421875,2.5807
2.5909423828125,2.5808000000000004
1.99188232421875,2.5809
1.91314697265625,2.5810000000000004
1.92718505859375,2.5811
2.066650390625,2.5812000000000004
2.64923095703125,2.5813
1.954345703125,2.5814000000000004
2.4835205078125,2.5815
2.37518310546875,2.5816000000000003
2.20672607421875,2.5817
2.07733154296875,2.5818000000000003
1.74407958984375,2.5819000000000005
2.81707763671875,2.5820000000000003
2.27752685546875,2.5821000000000005
2.31170654296875,2.5822000000000003
2.40142822265625,2.5823000000000005
2.357177734375,2.5824000000000003
2.80303955078125,2.5825000000000005
1.96441650390625,2.5826000000000002
2.20458984375,2.5827000000000004
2.2930908203125,2.5828
2.69775390625,2.5829000000000004
2.7288818359375,2.583
2.32208251953125,2.5831000000000004
2.7105712890625,2.5832
2.43682861328125,2.5833000000000004
2.279052734375,2.5834
2.42584228515625,2.5835000000000004
2.43072509765625,2.5836
2.735595703125,2.5837000000000003
2.70599365234375,2.5838000000000005
2.13836669921875,2.5839000000000003
2.4053955078125,2.5840000000000005
2.16644287109375,2.5841000000000003
2.6190185546875,2.5842000000000005
2.45269775390625,2.5843000000000003
2.53021240234375,2.5844000000000005
2.65380859375,2.5845000000000002
2.41973876953125,2.5846000000000005
2.6458740234375,2.5847
2.2222900390625,2.5848000000000004
2.79022216796875,2.5849
2.2552490234375,2.5850000000000004
2.17864990234375,2.5851
2.43133544921875,2.5852000000000004
2.55126953125,2.5853
2.4114990234375,2.5854000000000004
2.177734375,2.5855
2.362060546875,2.5856000000000003
2.193603515625,2.5857
2.08526611328125,2.5858000000000003
2.333984375,2.5859000000000005
2.21435546875,2.5860000000000003
2.4945068359375,2.5861000000000005
2.13348388671875,2.5862000000000003
1.69647216796875,2.5863000000000005
2.103271484375,2.5864000000000003
2.57415771484375,2.5865000000000005
2.19482421875,2.5866000000000002
2.264404296875,2.5867000000000004
1.998291015625,2.5868
2.25128173828125,2.5869000000000004
1.6937255859375,2.587
1.93878173828125,2.5871000000000004
1.95098876953125,2.5872
2.36785888671875,2.5873000000000004
2.3486328125,2.5874
1.572265625,2.5875000000000004
1.78802490234375,2.5876
1.99615478515625,2.5877000000000003
1.90887451171875,2.5878
2.17071533203125,2.5879000000000003
1.90673828125,2.5880000000000005
2.3992919921875,2.5881000000000003
1.9000244140625,2.5882000000000005
1.7987060546875,2.5883000000000003
1.9403076171875,2.5884000000000005
2.1917724609375,2.5885000000000002
2.078857421875,2.5886000000000005
1.820068359375,2.5887000000000002
1.80938720703125,2.5888000000000004
2.2283935546875,2.5889
1.68243408203125,2.5890000000000004
1.63726806640625,2.5891
2.08221435546875,2.5892000000000004
2.19635009765625,2.5893
2.236328125,2.5894000000000004
1.96502685546875,2.5895
2.01080322265625,2.5896000000000003
2.24395751953125,2.5897
2.4658203125,2.5898000000000003
2.02056884765625,2.5899000000000005
2.38922119140625,2.5900000000000003
2.43377685546875,2.5901000000000005
1.903076171875,2.5902000000000003
1.8109130859375,2.5903000000000005
1.81610107421875,2.5904000000000003
2.31597900390625,2.5905000000000005
2.1875,2.5906000000000002
2.4835205078125,2.5907000000000004
2.15789794921875,2.5908
2.4359130859375,2.5909000000000004
2.14599609375,2.591
2.17559814453125,2.5911000000000004
2.620849609375,2.5912
2.67242431640625,2.5913000000000004
2.51922607421875,2.5914
2.40447998046875,2.5915000000000004
2.696533203125,2.5916
2.51678466796875,2.5917000000000003
2.73773193359375,2.5918
2.56072998046875,2.5919000000000003
2.1722412109375,2.5920000000000005
2.91717529296875,2.5921000000000003
2.271728515625,2.5922000000000005
2.8802490234375,2.5923000000000003
3.009033203125,2.5924000000000005
2.9486083984375,2.5925000000000002
3.1915283203125,2.5926000000000005
2.393798828125,2.5927000000000002
2.58148193359375,2.5928000000000004
2.7301025390625,2.5929
2.90618896484375,2.5930000000000004
2.99713134765625,2.5931
2.9583740234375,2.5932000000000004
2.9583740234375,2.5933
2.481689453125,2.5934000000000004
2.2967529296875,2.5935
2.97576904296875,2.5936000000000003
2.71087646484375,2.5937
3.13262939453125,2.5938000000000003
2.76947021484375,2.5939000000000005
2.69775390625,2.5940000000000003
2.9351806640625,2.5941000000000005
2.55767822265625,2.5942000000000003
2.8387451171875,2.5943000000000005
2.85064697265625,2.5944000000000003
3.160400390625,2.5945000000000005
2.5384521484375,2.5946000000000002
2.4847412109375,2.5947000000000005
2.79083251953125,2.5948
2.222900390625,2.5949000000000004
2.857666015625,2.595
1.8994140625,2.5951000000000004
2.65411376953125,2.5952
2.4053955078125,2.5953000000000004
1.95343017578125,2.5954
2.1246337890625,2.5955000000000004
2.41363525390625,2.5956
2.275390625,2.5957000000000003
2.210693359375,2.5958
2.05780029296875,2.5959000000000003
1.9287109375,2.5960000000000005
2.04498291015625,2.5961000000000003
2.1142578125,2.5962000000000005
1.5625,2.5963000000000003
1.74774169921875,2.5964000000000005
1.85791015625,2.5965000000000003
1.561279296875,2.5966000000000005
1.656494140625,2.5967000000000002
1.60736083984375,2.5968000000000004
1.72760009765625,2.5969
1.55548095703125,2.5970000000000004
1.01654052734375,2.5971
1.2677001953125,2.5972000000000004
1.51641845703125,2.5973
1.45965576171875,2.5974000000000004
1.4532470703125,2.5975
1.30096435546875,2.5976000000000004
1.3665771484375,2.5977
0.92529296875,2.5978000000000003
1.0986328125,2.5979000000000005
1.143798828125,2.5980000000000003
1.12091064453125,2.5981000000000005
1.302490234375,2.5982000000000003
0.61676025390625,2.5983000000000005
0.7611083984375,2.5984000000000003
1.162109375,2.5985000000000005
0.82855224609375,2.5986000000000002
0.897216796875,2.5987000000000005
1.02386474609375,2.5988
0.9088134765625,2.5989000000000004
0.9332275390625,2.599
1.02020263671875,2.5991000000000004
0.823974609375,2.5992
1.02508544921875,2.5993000000000004
0.76324462890625,2.5994
0.58258056640625,2.5995000000000004
0.93719482421875,2.5996
1.1944580078125,2.5997000000000003
0.70709228515625,2.5998
0.9307861328125,2.5999000000000003
0.5780029296875,2.6
0.87677001953125,2.6001000000000003
0.87860107421875,2.6002
0.7891845703125,2.6003000000000003
1.05712890625,2.6004
1.0089111328125,2.6005000000000003
0.97076416015625,2.6006
0.53375244140625,2.6007000000000002
1.22955322265625,2.6008
1.270751953125,2.6009
1.1468505859375,2.601
1.25946044921875,2.6011
0.6195068359375,2.6012
1.2945556640625,2.6013
0.65216064453125,2.6014
0.98846435546875,2.6015
1.39190673828125,2.6016
1.28753662109375,2.6017
1.170654296875,2.6018
0.9381103515625,2.6019
1.2640380859375,2.602
1.40777587890625,2.6021
1.1865234375,2.6022000000000003
1.1993408203125,2.6023
1.4068603515625,2.6024000000000003
1.456298828125,2.6025
1.2322998046875,2.6026000000000002
1.31072998046875,2.6027
1.5899658203125,2.6028000000000002
1.397705078125,2.6029
1.6387939453125,2.603
1.5692138671875,2.6031
1.3641357421875,2.6032
2.0086669921875,2.6033
2.0306396484375,2.6034
1.6546630859375,2.6035
1.58050537109375,2.6036
1.6815185546875,2.6037
1.68121337890625,2.6038
1.78192138671875,2.6039
2.0068359375,2.604
1.78375244140625,2.6041000000000003
1.96380615234375,2.6042
1.50054931640625,2.6043000000000003
1.7303466796875,2.6044
2.18353271484375,2.6045000000000003
2.1038818359375,2.6046
1.61163330078125,2.6047000000000002
1.6986083984375,2.6048
1.85333251953125,2.6049
1.72760009765625,2.605
1.767578125,2.6051
1.824951171875,2.6052
2.3089599609375,2.6053
2.06817626953125,2.6054
1.47186279296875,2.6055
1.77642822265625,2.6056
2.415771484375,2.6057
2.19696044921875,2.6058
2.1368408203125,2.6059
2.25494384765625,2.606
1.490478515625,2.6061
1.57196044921875,2.6062000000000003
1.541748046875,2.6063
1.38275146484375,2.6064000000000003
1.96044921875,2.6065
1.578369140625,2.6066000000000003
1.78985595703125,2.6067
1.6497802734375,2.6068000000000002
1.80938720703125,2.6069
2.09625244140625,2.607
1.611328125,2.6071
1.419677734375,2.6072
1.40106201171875,2.6073
1.81793212890625,2.6074
1.51336669921875,2.6075
1.67755126953125,2.6076
1.65435791015625,2.6077
1.06475830078125,2.6078
0.96160888671875,2.6079
1.4666748046875,2.608
1.45355224609375,2.6081000000000003
1.57867431640625,2.6082
1.251220703125,2.6083000000000003
1.06475830078125,2.6084
1.35833740234375,2.6085000000000003
1.092529296875,2.6086
1.239013671875,2.6087000000000002
1.4471435546875,2.6088
1.28662109375,2.6089
0.90240478515625,2.609
0.85601806640625,2.6091
0.98907470703125,2.6092
1.00067138671875,2.6093
1.04736328125,2.6094
0.491943359375,2.6095
0.83160400390625,2.6096
0.68084716796875,2.6097
0.58441162109375,2.6098
0.5889892578125,2.6099
1.0479736328125,2.61
0.72052001953125,2.6101
0.6402587890625,2.6102000000000003
0.5035400390625,2.6103
0.42449951171875,2.6104000000000003
0.56671142578125,2.6105
0.5230712890625,2.6106000000000003
0.4290771484375,2.6107
0.4364013671875,2.6108000000000002
0.4302978515625,2.6109
0.4266357421875,2.611
0.45806884765625,2.6111
0.41778564453125,2.6112
0.42083740234375,2.6113
0.4168701171875,2.6114
0.37841796875,2.6115
0.37017822265625,2.6116
0.38330078125,2.6117
0.4046630859375,2.6118
0.318603515625,2.6119
0.2728271484375,2.612
0.31402587890625,2.6121000000000003
-0.10772705078125,2.6122
0.13763427734375,2.6123000000000003
0.242919921875,2.6124
0.33111572265625,2.6125000000000003
0.374755859375,2.6126
-0.30731201171875,2.6127000000000002
0.04425048828125,2.6128
0.367431640625,2.6129000000000002
0.06103515625,2.613
0.24810791015625,2.6131
0.213623046875,2.6132
0.2471923828125,2.6133
0.032958984375,2.6134
0.230712890625,2.6135
0.16143798828125,2.6136
0.3619384765625,2.6137
0.34820556640625,2.6138
-0.098876953125,2.6139
0.25054931640625,2.614
0.301513671875,2.6141
-0.06134033203125,2.6142000000000003
0.3515625,2.6143
-0.1641845703125,2.6144000000000003
0.3411865234375,2.6145
0.3271484375,2.6146000000000003
0.20233154296875,2.6147
0.36285400390625,2.6148000000000002
0.3692626953125,2.6149
0.37567138671875,2.615
-0.01556396484375,2.6151
0.3912353515625,2.6152
0.36376953125,2.6153
0.34088134765625,2.6154
0.39093017578125,2.6155
-0.0537109375,2.6156
0.3851318359375,2.6157
0.350341796875,2.6158
0.39947509765625,2.6159
0.4119873046875,2.616
0.42724609375,2.6161
0.55633544921875,2.6162
0.43670654296875,2.6163000000000003
0.44403076171875,2.6164
0.447998046875,2.6165000000000003
0.43365478515625,2.6166
0.61370849609375,2.6167000000000002
0.6884765625,2.6168
0.56884765625,2.6169000000000002
0.5224609375,2.617
0.4254150390625,2.6171
0.52978515625,2.6172
0.62957763671875,2.6173
0.82305908203125,2.6174
1.03607177734375,2.6175
0.5657958984375,2.6176
0.92193603515625,2.6177
1.11236572265625,2.6178
1.00341796875,2.6179
0.5853271484375,2.618
1.055908203125,2.6181
1.01348876953125,2.6182000000000003
0.7421875,2.6183
0.8642578125,2.6184000000000003
0.93109130859375,2.6185
1.2286376953125,2.6186000000000003
0.95489501953125,2.6187
0.73028564453125,2.6188000000000002
0.7611083984375,2.6189
1.11236572265625,2.619
0.83282470703125,2.6191
1.09161376953125,2.6192
1.041259765625,2.6193
0.98907470703125,2.6194
0.7708740234375,2.6195
0.50994873046875,2.6196
1.06842041015625,2.6197
1.173095703125,2.6198
0.83465576171875,2.6199
0.5859375,2.62
0.84930419921875,2.6201
0.880126953125,2.6202
0.565185546875,2.6203000000000003
0.91827392578125,2.6204
0.57037353515625,2.6205000000000003
0.80078125,2.6206
0.51055908203125,2.6207000000000003
0.4119873046875,2.6208
1.05926513671875,2.6209000000000002
0.4278564453125,2.621
0.9283447265625,2.6211
0.504150390625,2.6212
0.4254150390625,2.6213
0.43914794921875,2.6214
0.41259765625,2.6215
0.4144287109375,2.6216
0.423583984375,2.6217
0.40191650390625,2.6218
0.423583984375,2.6219
0.38818359375,2.622
0.36651611328125,2.6221
0.2117919921875,2.6222000000000003
0.323486328125,2.6223
0.32928466796875,2.6224000000000003
0.02288818359375,2.6225
0.25543212890625,2.6226000000000003
-0.21484375,2.6227
0.20751953125,2.6228000000000002
0.14739990234375,2.6229
-0.042724609375,2.623
-0.0390625,2.6231
-0.147705078125,2.6232
-0.11016845703125,2.6233
0.02410888671875,2.6234
-0.050048828125,2.6235
-0.01678466796875,2.6236
-0.479736328125,2.6237
-0.17059326171875,2.6238
-0.55694580078125,2.6239
-0.40283203125,2.624
-0.191650390625,2.6241
-0.496826171875,2.6242
-0.3314208984375,2.6243000000000003
-0.65216064453125,2.6244
-0.75531005859375,2.6245000000000003
-0.56488037109375,2.6246
-0.20721435546875,2.6247000000000003
-0.374755859375,2.6248
-0.70770263671875,2.6249000000000002
-0.57464599609375,2.625
-0.66162109375,2.6251
-0.982666015625,2.6252
-0.4644775390625,2.6253
-0.611572265625,2.6254
-0.52276611328125,2.6255
-0.65704345703125,2.6256
-1.3800048828125,2.6257
-0.60516357421875,2.6258000000000004
-0.68359375,2.6259
-0.693359375,2.6260000000000003
-0.72845458984375,2.6261
-0.74462890625,2.6262000000000003
-0.921630859375,2.6263
-0.9893798828125,2.6264000000000003
-0.77239990234375,2.6265
-1.03607177734375,2.6266000000000003
-0.77789306640625,2.6267
-1.0296630859375,2.6268000000000002
-1.17919921875,2.6269
-0.82763671875,2.6270000000000002
-1.1956787109375,2.6271
-0.89935302734375,2.6272
-0.90240478515625,2.6273
-1.5118408203125,2.6274
-1.35345458984375,2.6275
-0.9014892578125,2.6276
-0.8135986328125,2.6277
-0.8856201171875,2.6278
-0.90850830078125,2.6279000000000003
-1.47552490234375,2.628
-1.201171875,2.6281000000000003
-1.38580322265625,2.6282
-1.18896484375,2.6283000000000003
-0.7806396484375,2.6284
-1.1151123046875,2.6285000000000003
-1.26129150390625,2.6286
-1.46759033203125,2.6287000000000003
-1.30615234375,2.6288
-1.16729736328125,2.6289000000000002
-0.94635009765625,2.629
-1.21734619140625,2.6291
-1.0394287109375,2.6292
-1.05133056640625,2.6293
-1.2750244140625,2.6294
-1.21734619140625,2.6295
-0.894775390625,2.6296
-0.79925537109375,2.6297
-1.18316650390625,2.6298000000000004
-1.214599609375,2.6299
-1.0662841796875,2.6300000000000003
-0.9808349609375,2.6301
-0.8929443359375,2.6302000000000003
-0.95611572265625,2.6303
-1.10504150390625,2.6304000000000003
-0.96466064453125,2.6305
-1.1273193359375,2.6306000000000003
-0.6842041015625,2.6307
-0.836181640625,2.6308000000000002
-0.83526611328125,2.6309
-0.62103271484375,2.6310000000000002
-1.1102294921875,2.6311
-0.59661865234375,2.6312
-0.77728271484375,2.6313
-0.5072021484375,2.6314
-0.57708740234375,2.6315
-0.789794921875,2.6316
-0.71380615234375,2.6317
-1.16119384765625,2.6318
-0.46844482421875,2.6319000000000004
-0.6744384765625,2.632
-0.3839111328125,2.6321000000000003
-0.19012451171875,2.6322
-0.53497314453125,2.6323000000000003
-0.30181884765625,2.6324
-0.4779052734375,2.6325000000000003
-0.2081298828125,2.6326
-0.130615234375,2.6327000000000003
0.02197265625,2.6328
-0.1263427734375,2.6329000000000002
-0.35369873046875,2.633
-0.3057861328125,2.6331
-0.4254150390625,2.6332
-0.0494384765625,2.6333
-0.003662109375,2.6334
-0.0860595703125,2.6335
0.2093505859375,2.6336
0.18829345703125,2.6337
0.39215087890625,2.6338000000000004
0.34881591796875,2.6339
0.14190673828125,2.6340000000000003
0.36834716796875,2.6341
0.31005859375,2.6342000000000003
0.41748046875,2.6343
0.40069580078125,2.6344000000000003
0.4217529296875,2.6345
0.4150390625,2.6346000000000003
0.430908203125,2.6347
0.57373046875,2.6348000000000003
0.43975830078125,2.6349
0.68572998046875,2.6350000000000002
0.79864501953125,2.6351
0.57403564453125,2.6352
0.85418701171875,2.6353
0.9771728515625,2.6354
0.7891845703125,2.6355
0.79071044921875,2.6356
0.78948974609375,2.6357
0.9539794921875,2.6358
0.94482421875,2.6359000000000004
1.339111328125,2.636
0.9893798828125,2.6361000000000003
0.76934814453125,2.6362
0.7672119140625,2.6363000000000003
0.97137451171875,2.6364
1.02813720703125,2.6365000000000003
1.23382568359375,2.6366
1.13189697265625,2.6367000000000003
0.8038330078125,2.6368
0.9722900390625,2.6369000000000002
0.98968505859375,2.637
1.253662109375,2.6371
1.44775390625,2.6372
1.45477294921875,2.6373
0.83953857421875,2.6374
0.76019287109375,2.6375
0.74951171875,2.6376
1.02752685546875,2.6377
1.12518310546875,2.6378
0.9893798828125,2.6379
1.2451171875,2.6380000000000003
0.615234375,2.6381
0.75836181640625,2.6382000000000003
0.8465576171875,2.6383
1.2310791015625,2.6384000000000003
1.12701416015625,2.6385
1.17431640625,2.6386000000000003
0.819091796875,2.6387
0.73699951171875,2.6388000000000003
0.93658447265625,2.6389
1.14715576171875,2.6390000000000002
0.72723388671875,2.6391
0.66864013671875,2.6392
0.68511962890625,2.6393
0.82000732421875,2.6394
0.718994140625,2.6395
0.72296142578125,2.6396
0.76934814453125,2.6397
0.74951171875,2.6398
0.4345703125,2.6399000000000004
0.48095703125,2.64
0.411376953125,2.6401000000000003
0.4962158203125,2.6402
0.418701171875,2.6403000000000003
0.416259765625,2.6404
0.43212890625,2.6405000000000003
0.4205322265625,2.6406
0.3668212890625,2.6407000000000003
0.29144287109375,2.6408
0.05096435546875,2.6409000000000002
0.208740234375,2.641
-0.125732421875,2.6411000000000002
-0.27435302734375,2.6412
0.135498046875,2.6413
-0.04547119140625,2.6414
-0.16357421875,2.6415
0.0897216796875,2.6416
-0.31951904296875,2.6417
-0.3387451171875,2.6418
-0.44342041015625,2.6419
-0.14251708984375,2.6420000000000003
-0.08514404296875,2.6421
-0.27923583984375,2.6422000000000003
-0.51239013671875,2.6423
-0.42236328125,2.6424000000000003
-0.40069580078125,2.6425
-0.78765869140625,2.6426000000000003
-0.07354736328125,2.6427
-0.64483642578125,2.6428000000000003
-0.491943359375,2.6429
-0.56793212890625,2.6430000000000002
-1.011962890625,2.6431
-0.44281005859375,2.6432
-0.71929931640625,2.6433
-0.4766845703125,2.6434
-0.8184814453125,2.6435
-0.68389892578125,2.6436
-0.55938720703125,2.6437
-0.68115234375,2.6438
-0.53070068359375,2.6439000000000004
-0.76385498046875,2.644
-0.6622314453125,2.6441000000000003
-1.00982666015625,2.6442
-0.870361328125,2.6443000000000003
-0.61981201171875,2.6444
-0.58807373046875,2.6445000000000003
-0.4779052734375,2.6446
-0.806884765625,2.6447000000000003
-0.79986572265625,2.6448
-0.687255859375,2.6449000000000003
-1.02294921875,2.645
-0.93170166015625,2.6451000000000002
-0.46966552734375,2.6452
-0.68359375,2.6453
-0.6317138671875,2.6454
-0.79132080078125,2.6455
-0.76324462890625,2.6456
-0.823974609375,2.6457
-0.61126708984375,2.6458
-0.47698974609375,2.6459
-0.6829833984375,2.6460000000000004
-0.47088623046875,2.6461
-0.68939208984375,2.6462000000000003
-0.57586669921875,2.6463
-0.85784912109375,2.6464000000000003
-0.45867919921875,2.6465
-0.48431396484375,2.6466000000000003
-0.68023681640625,2.6467
-0.4608154296875,2.6468000000000003
-0.42816162109375,2.6469
-0.3460693359375,2.6470000000000002
-0.504150390625,2.6471
-0.50018310546875,2.6472
-0.24261474609375,2.6473
-0.45562744140625,2.6474
-0.43853759765625,2.6475
-0.40496826171875,2.6476
-0.4840087890625,2.6477
-0.413818359375,2.6478
-0.46661376953125,2.6479000000000004
-0.61004638671875,2.648
-0.0830078125,2.6481000000000003
-0.00152587890625,2.6482
-0.364990234375,2.6483000000000003
-0.39581298828125,2.6484
0.0408935546875,2.6485000000000003
-0.27740478515625,2.6486
-0.23681640625,2.6487000000000003
0.07110595703125,2.6488
0.08758544921875,2.6489000000000003
-0.030517578125,2.649
-0.43853759765625,2.6491000000000002
-0.40802001953125,2.6492
-0.0836181640625,2.6493
-0.1580810546875,2.6494
0.08087158203125,2.6495
0.015869140625,2.6496
-0.2386474609375,2.6497
-0.02471923828125,2.6498
0.01495361328125,2.6499
-0.28717041015625,2.65
0.12115478515625,2.6501
0.12420654296875,2.6502
-0.21240234375,2.6503
-0.06805419921875,2.6504
0.1324462890625,2.6505
-0.03997802734375,2.6506
-0.34210205078125,2.6507
-0.0482177734375,2.6508
-0.25787353515625,2.6509
0.00091552734375,2.651
-0.13397216796875,2.6511
-0.03631591796875,2.6512
0.191650390625,2.6513
-0.1080322265625,2.6513999999999998
-0.32196044921875,2.6515
-0.40069580078125,2.6515999999999997
0.03753662109375,2.6517
0.03509521484375,2.6517999999999997
-0.27130126953125,2.6519
-0.21148681640625,2.6519999999999997
-0.4949951171875,2.6521
-0.13763427734375,2.6522
-0.4498291015625,2.6523
-0.44586181640625,2.6524
-0.3143310546875,2.6525
-0.49102783203125,2.6526
-0.4278564453125,2.6527
-0.26214599609375,2.6528
-0.1788330078125,2.6529
-0.2490234375,2.653
-0.48065185546875,2.6531
-0.44403076171875,2.6532
-0.40771484375,2.6532999999999998
-0.25146484375,2.6534
-0.4815673828125,2.6534999999999997
-0.43701171875,2.6536
-0.45013427734375,2.6536999999999997
-0.55755615234375,2.6538
-0.42877197265625,2.6538999999999997
-0.38665771484375,2.654
-0.9332275390625,2.6541
-0.27008056640625,2.6542
-0.740966796875,2.6543
-0.41900634765625,2.6544
-0.45623779296875,2.6545
-0.48797607421875,2.6546
-0.4864501953125,2.6547
-0.76995849609375,2.6548
-0.75927734375,2.6549
-0.771484375,2.655
-0.61553955078125,2.6551
-0.54534912109375,2.6552
-0.8721923828125,2.6553
-0.5322265625,2.6553999999999998
-1.05010986328125,2.6555
-1.00311279296875,2.6555999999999997
-0.9814453125,2.6557
-1.00433349609375,2.6557999999999997
-0.81634521484375,2.6559
-1.27288818359375,2.6559999999999997
-1.065673828125,2.6561
-0.8514404296875,2.6562
-1.34490966796875,2.6563
-1.18194580078125,2.6564
-0.97564697265625,2.6565
-1.1688232421875,2.6566
-1.35162353515625,2.6567
-1.5447998046875,2.6568
-1.5582275390625,2.6569
-1.51153564453125,2.657
-1.51763916015625,2.6571
-1.8109130859375,2.6572
-1.71478271484375,2.6572999999999998
-1.6522216796875,2.6574
-1.90948486328125,2.6574999999999998
-1.75811767578125,2.6576
-2.01873779296875,2.6576999999999997
-1.8359375,2.6578
-1.9732666015625,2.6578999999999997
-2.00592041015625,2.658
-1.85638427734375,2.6581
-1.888427734375,2.6582
-1.88201904296875,2.6583
-2.3870849609375,2.6584
-2.1331787109375,2.6585
-2.10235595703125,2.6586
-1.898193359375,2.6587
-2.04986572265625,2.6588
-2.1405029296875,2.6589
-2.03369140625,2.659
-2.26165771484375,2.6591
-2.21160888671875,2.6592
-2.3028564453125,2.6593
-2.086181640625,2.6593999999999998
-2.1527099609375,2.6595
-2.14874267578125,2.6595999999999997
-2.1441650390625,2.6597
-1.92230224609375,2.6597999999999997
-2.1295166015625,2.6599
-2.13653564453125,2.6599999999999997
-1.9891357421875,2.6601
-2.0416259765625,2.6602
-1.8804931640625,2.6603
-1.7822265625,2.6604
-1.734619140625,2.6605
-1.52618408203125,2.6606
-2.00653076171875,2.6607
-1.9610595703125,2.6608
-1.578369140625,2.6609
-1.68792724609375,2.661
-1.2530517578125,2.6611
-1.5533447265625,2.6612
-1.28662109375,2.6612999999999998
-1.4410400390625,2.6614
-1.45965576171875,2.6614999999999998
-1.2091064453125,2.6616
-0.95550537109375,2.6616999999999997
-0.80780029296875,2.6618
-0.89385986328125,2.6618999999999997
-1.09771728515625,2.662
-1.11846923828125,2.6621
-1.053466796875,2.6622
-0.66375732421875,2.6623
-0.87982177734375,2.6624
-0.6005859375,2.6625
-0.51239013671875,2.6626
-0.5303955078125,2.6627
-0.43243408203125,2.6628
-0.59173583984375,2.6629
-0.2252197265625,2.663
-0.46905517578125,2.6631
-0.5828857421875,2.6632
-0.45440673828125,2.6633
-0.289306640625,2.6633999999999998
-0.16815185546875,2.6635
-0.43731689453125,2.6635999999999997
-0.10345458984375,2.6637
-0.46905517578125,2.6637999999999997
-0.4840087890625,2.6639
-0.189208984375,2.6639999999999997
-0.42022705078125,2.6641
-0.14862060546875,2.6642
-0.61798095703125,2.6643
-0.45684814453125,2.6644
-0.61248779296875,2.6645
-0.2801513671875,2.6646
-0.3289794921875,2.6647
-0.70404052734375,2.6648
-0.435791015625,2.6649
-0.84564208984375,2.665
-0.61859130859375,2.6651
-0.8758544921875,2.6652
-0.6622314453125,2.6653
-0.63568115234375,2.6654
-1.00555419921875,2.6654999999999998
-1.18927001953125,2.6656
-1.2353515625,2.6656999999999997
-1.39129638671875,2.6658
-1.2567138671875,2.6658999999999997
-1.19049072265625,2.666
-1.46331787109375,2.6660999999999997
-1.4892578125,2.6662
-1.4031982421875,2.6663
-1.45355224609375,2.6664
-1.60614013671875,2.6665
-1.4141845703125,2.6666
-1.6864013671875,2.6667
-2.1759033203125,2.6668
-2.02301025390625,2.6669
-1.7547607421875,2.667
-2.16156005859375,2.6671
-2.10052490234375,2.6672
-2.1661376953125,2.6673
-2.07550048828125,2.6673999999999998
-2.0703125,2.6675
-2.34161376953125,2.6675999999999997
-2.0770263671875,2.6677
-2.08099365234375,2.6677999999999997
-2.33856201171875,2.6679
-2.4444580078125,2.6679999999999997
-2.33184814453125,2.6681
-2.4481201171875,2.6682
-2.1539306640625,2.6683
-2.4676513671875,2.6684
-2.7215576171875,2.6685
-2.5970458984375,2.6686
-2.32391357421875,2.6687
-2.59857177734375,2.6688
-2.1966552734375,2.6689
-2.48870849609375,2.669
-2.46124267578125,2.6691
-2.3773193359375,2.6692
-2.57354736328125,2.6693
-2.4969482421875,2.6694
-2.21649169921875,2.6694999999999998
-2.1844482421875,2.6696
-2.4139404296875,2.6696999999999997
-2.3077392578125,2.6698
-2.29034423828125,2.6698999999999997
-2.26226806640625,2.67
-1.95587158203125,2.6700999999999997
-2.490234375,2.6702
-2.13104248046875,2.6703
-1.9921875,2.6704
-2.347412109375,2.6705
-1.9866943359375,2.6706
-1.77398681640625,2.6707
-2.0684814453125,2.6708
-1.99462890625,2.6709
-2.08465576171875,2.671
-1.5875244140625,2.6711
-1.669921875,2.6712
-1.884765625,2.6713
-1.99920654296875,2.6713999999999998
-2.11761474609375,2.6715
-1.796875,2.6715999999999998
-1.842041015625,2.6717
-1.62750244140625,2.6717999999999997
-1.74407958984375,2.6719
-1.66534423828125,2.6719999999999997
-1.45050048828125,2.6721
-1.578369140625,2.6722
-1.25396728515625,2.6723
-1.21124267578125,2.6724
-1.30767822265625,2.6725
-1.54815673828125,2.6726
-1.64276123046875,2.6727
-1.32568359375,2.6728
-1.4007568359375,2.6729
-1.22802734375,2.673
-1.27716064453125,2.6731
-1.21002197265625,2.6732
-1.18865966796875,2.6733
-1.287841796875,2.6734
-1.021728515625,2.6734999999999998
-0.9783935546875,2.6736
-1.0736083984375,2.6736999999999997
-0.99090576171875,2.6738
-1.08673095703125,2.6738999999999997
-0.5908203125,2.674
-0.57098388671875,2.6740999999999997
-0.5621337890625,2.6742
-0.75469970703125,2.6743
-0.60302734375,2.6744
-0.4888916015625,2.6745
-0.47271728515625,2.6746
-0.0274658203125,2.6747
-0.224609375,2.6748
-0.3399658203125,2.6749
-0.23193359375,2.675
-0.419921875,2.6751
0.0469970703125,2.6752
0.18310546875,2.6753
0.18829345703125,2.6754
0.26153564453125,2.6755
0.1123046875,2.6755999999999998
0.2337646484375,2.6757
0.0726318359375,2.6758
0.40008544921875,2.6759
0.37872314453125,2.676
0.3619384765625,2.6761
0.421142578125,2.6762
0.416259765625,2.6763
0.66741943359375,2.6764
0.628662109375,2.6765
0.8538818359375,2.6766
0.75225830078125,2.6767
0.738525390625,2.6768
0.95245361328125,2.6769
0.89752197265625,2.677
1.282958984375,2.6771
1.20208740234375,2.6772
1.04644775390625,2.6773
0.5694580078125,2.6774
0.9869384765625,2.6774999999999998
1.163330078125,2.6776
1.07818603515625,2.6776999999999997
1.619873046875,2.6778
1.2677001953125,2.6779
1.331787109375,2.678
1.23382568359375,2.6781
1.6143798828125,2.6782
1.4508056640625,2.6783
1.70684814453125,2.6784
1.5777587890625,2.6785
1.082763671875,2.6786
1.19110107421875,2.6787
1.536865234375,2.6788
1.91925048828125,2.6789
1.78680419921875,2.679
1.46881103515625,2.6791
1.295166015625,2.6792
1.30126953125,2.6793
1.51458740234375,2.6794
1.76239013671875,2.6795
1.524658203125,2.6795999999999998
1.19171142578125,2.6797
1.14776611328125,2.6798
1.1553955078125,2.6799
1.26922607421875,2.68
1.427001953125,2.6801
1.61285400390625,2.6802
1.246337890625,2.6803
1.35894775390625,2.6804
1.32781982421875,2.6805
1.2908935546875,2.6806
1.70196533203125,2.6807
1.28326416015625,2.6808
1.14715576171875,2.6809
0.71746826171875,2.681
1.0040283203125,2.6811
1.260986328125,2.6812
1.2091064453125,2.6813
1.365966796875,2.6814
0.694580078125,2.6814999999999998
1.10198974609375,2.6816
0.93017578125,2.6816999999999998
1.22100830078125,2.6818
1.2158203125,2.6819
0.423583984375,2.682
0.86090087890625,2.6821
0.79071044921875,2.6822
0.706787109375,2.6823
1.3458251953125,2.6824
1.06201171875,2.6825
1.02813720703125,2.6826
0.650634765625,2.6827
0.45501708984375,2.6828
0.63079833984375,2.6829
0.8966064453125,2.683
0.72265625,2.6831
0.64910888671875,2.6832
0.48248291015625,2.6833
0.42816162109375,2.6834
0.41046142578125,2.6835
0.89385986328125,2.6835999999999998
0.41961669921875,2.6837
0.73333740234375,2.6838
0.6195068359375,2.6839
0.50201416015625,2.684
0.61065673828125,2.6841
0.4302978515625,2.6842
0.46173095703125,2.6843
0.4205322265625,2.6844
0.47760009765625,2.6845
0.44921875,2.6846
0.49713134765625,2.6847
0.5609130859375,2.6848
0.42694091796875,2.6849
0.413818359375,2.685
0.43365478515625,2.6851
0.43304443359375,2.6852
0.41778564453125,2.6853
0.41778564453125,2.6854
0.4290771484375,2.6854999999999998
0.423583984375,2.6856
0.45440673828125,2.6856999999999998
0.42083740234375,2.6858
0.4278564453125,2.6859
0.72052001953125,2.686
0.48309326171875,2.6861
0.5517578125,2.6862
0.44677734375,2.6863
0.42755126953125,2.6864
0.9503173828125,2.6865
0.41229248046875,2.6866
0.4193115234375,2.6867
0.5181884765625,2.6868
0.45501708984375,2.6869
0.6781005859375,2.687
0.4052734375,2.6871
0.853271484375,2.6872
0.54107666015625,2.6873
0.52459716796875,2.6874
0.614013671875,2.6875
0.42633056640625,2.6875999999999998
0.9344482421875,2.6877
0.41656494140625,2.6877999999999997
0.423583984375,2.6879
0.428466796875,2.688
0.491943359375,2.6881
0.86883544921875,2.6882
0.5889892578125,2.6883
0.82275390625,2.6884
0.69183349609375,2.6885
0.54351806640625,2.6886
0.55816650390625,2.6887
0.94482421875,2.6888
1.31072998046875,2.6889
0.787353515625,2.689
0.96221923828125,2.6891
0.47332763671875,2.6892
0.64361572265625,2.6893
1.02813720703125,2.6894
0.7635498046875,2.6895
0.9136962890625,2.6896
0.755615234375,2.6896999999999998
0.78460693359375,2.6898
0.98663330078125,2.6899
0.916748046875,2.69
1.3427734375,2.6901
1.05621337890625,2.6902
0.70770263671875,2.6903
0.49957275390625,2.6904
0.5413818359375,2.6905
1.16455078125,2.6906
0.9912109375,2.6907
0.94085693359375,2.6908
0.7489013671875,2.6909
0.75286865234375,2.691
0.50140380859375,2.6911
0.614013671875,2.6912
0.77239990234375,2.6913
0.89508056640625,2.6914
0.55328369140625,2.6915
0.43426513671875,2.6915999999999998
0.479736328125,2.6917
0.6866455078125,2.6917999999999997
0.6744384765625,2.6919
0.4498291015625,2.692
0.46875,2.6921
0.4461669921875,2.6922
0.430908203125,2.6923
0.40802001953125,2.6924
0.4150390625,2.6925
0.389404296875,2.6926
0.30120849609375,2.6927
-0.159912109375,2.6928
0.233154296875,2.6929
0.23773193359375,2.693
0.33294677734375,2.6931
0.3289794921875,2.6932
-0.35430908203125,2.6933
0.050048828125,2.6934
-0.230712890625,2.6935
-0.07659912109375,2.6936
-0.184326171875,2.6936999999999998
-0.28656005859375,2.6938
-0.43426513671875,2.6939
-0.42816162109375,2.694
-0.44586181640625,2.6941
-0.400390625,2.6942
-0.19195556640625,2.6943
-0.48858642578125,2.6944
-0.8489990234375,2.6945
-0.64971923828125,2.6946
-0.98663330078125,2.6947
-0.4766845703125,2.6948
-0.88623046875,2.6949
-0.50079345703125,2.695
-0.82183837890625,2.6951
-1.08367919921875,2.6952
-1.17584228515625,2.6953
-0.9735107421875,2.6954
-1.0235595703125,2.6955
-1.031494140625,2.6955999999999998
-1.190185546875,2.6957
-1.07391357421875,2.6957999999999998
-1.23138427734375,2.6959
-1.1492919921875,2.696
-1.45233154296875,2.6961
-1.20361328125,2.6962
-1.3482666015625,2.6963
-1.3165283203125,2.6964
-1.214599609375,2.6965
-1.23992919921875,2.6966
-1.0870361328125,2.6967
-1.370849609375,2.6968
-1.97509765625,2.6969
-1.29058837890625,2.697
-1.31256103515625,2.6971
-1.58477783203125,2.6972
-1.45599365234375,2.6973
-1.6790771484375,2.6974
-1.61529541015625,2.6975
-1.89117431640625,2.6976
-1.6033935546875,2.6976999999999998
-1.807861328125,2.6978
-1.561279296875,2.6979
-1.61346435546875,2.698
-1.69097900390625,2.6981
-1.61376953125,2.6982
-1.65374755859375,2.6983
-1.593017578125,2.6984
-1.97845458984375,2.6985
-2.0184326171875,2.6986
-1.763916015625,2.6987
-1.80633544921875,2.6988
-1.7950439453125,2.6989
-1.79718017578125,2.699
-1.68731689453125,2.6991
-1.99432373046875,2.6992
-1.829833984375,2.6993
-2.037353515625,2.6994
-1.7926025390625,2.6995
-1.69677734375,2.6995999999999998
-1.9183349609375,2.6997
-2.015380859375,2.6997999999999998
-1.86279296875,2.6999
-1.72882080078125,2.7
-1.80511474609375,2.7001000000000004
-1.67633056640625,2.7002
-1.728515625,2.7003000000000004
-1.82708740234375,2.7004
-1.95404052734375,2.7005000000000003
-1.62353515625,2.7006
-1.50543212890625,2.7007000000000003
-1.6778564453125,2.7008
-1.76910400390625,2.7009000000000003
-1.9873046875,2.701
-1.80908203125,2.7011000000000003
-1.6998291015625,2.7012
-1.693115234375,2.7013000000000003
-1.4678955078125,2.7014
-1.6143798828125,2.7015000000000002
-1.66046142578125,2.7016
-1.6632080078125,2.7017
-1.53472900390625,2.7018
-1.44805908203125,2.7019
-1.4471435546875,2.702
-1.5545654296875,2.7021
-1.76116943359375,2.7022000000000004
-1.62628173828125,2.7023
-1.2115478515625,2.7024000000000004
-1.44775390625,2.7025
-1.49078369140625,2.7026000000000003
-1.4013671875,2.7027
-1.4434814453125,2.7028000000000003
-1.40625,2.7029
-1.46514892578125,2.7030000000000003
-1.15234375,2.7031
-1.04583740234375,2.7032000000000003
-1.44866943359375,2.7033
-1.47491455078125,2.7034000000000002
-1.42303466796875,2.7035
-1.30645751953125,2.7036000000000002
-1.0894775390625,2.7037
-1.18560791015625,2.7038
-1.370849609375,2.7039
-1.44439697265625,2.704
-1.260986328125,2.7041000000000004
-1.123046875,2.7042
-1.08856201171875,2.7043000000000004
-1.15692138671875,2.7044
-1.204833984375,2.7045000000000003
-1.3934326171875,2.7046
-1.26861572265625,2.7047000000000003
-1.236572265625,2.7048
-0.9765625,2.7049000000000003
-0.9271240234375,2.705
-1.0467529296875,2.7051000000000003
-1.2322998046875,2.7052
-1.1468505859375,2.7053000000000003
-1.06903076171875,2.7054
-1.38153076171875,2.7055000000000002
-1.248779296875,2.7056
-1.28204345703125,2.7057
-1.2835693359375,2.7058
-1.4276123046875,2.7059
-1.2152099609375,2.706
-1.1920166015625,2.7061
-1.42730712890625,2.7062000000000004
-1.11663818359375,2.7063
-1.5960693359375,2.7064000000000004
-1.16912841796875,2.7065
-1.4093017578125,2.7066000000000003
-1.28936767578125,2.7067
-1.177978515625,2.7068000000000003
-1.6949462890625,2.7069
-1.60614013671875,2.7070000000000003
-1.71875,2.7071
-1.4971923828125,2.7072000000000003
-1.57745361328125,2.7073
-1.60491943359375,2.7074000000000003
-1.2518310546875,2.7075
-1.7120361328125,2.7076000000000002
-1.7181396484375,2.7077
-1.52099609375,2.7078
-1.29241943359375,2.7079
-1.19964599609375,2.708
-1.63116455078125,2.7081000000000004
-1.48162841796875,2.7082
-1.77703857421875,2.7083000000000004
-1.65771484375,2.7084
-1.37481689453125,2.7085000000000004
-1.5777587890625,2.7086
-1.5838623046875,2.7087000000000003
-1.641845703125,2.7088
-1.52984619140625,2.7089000000000003
-1.42333984375,2.709
-1.50909423828125,2.7091000000000003
-0.99151611328125,2.7092
-1.5081787109375,2.7093000000000003
-1.48193359375,2.7094
-1.80877685546875,2.7095000000000002
-1.41143798828125,2.7096
-1.4825439453125,2.7097
-1.61285400390625,2.7098
-1.22406005859375,2.7099
-1.5338134765625,2.71
-1.20452880859375,2.7101
-1.22283935546875,2.7102000000000004
-1.4166259765625,2.7103
-0.772705078125,2.7104000000000004
-1.45233154296875,2.7105
-1.34613037109375,2.7106000000000003
-1.26495361328125,2.7107
-1.11114501953125,2.7108000000000003
-0.79620361328125,2.7109
-1.07086181640625,2.7110000000000003
-0.76751708984375,2.7111
-1.02203369140625,2.7112000000000003
-1.13037109375,2.7113
-0.9954833984375,2.7114000000000003
-0.68939208984375,2.7115
-0.47271728515625,2.7116000000000002
-0.95184326171875,2.7117
-0.8367919921875,2.7118
-1.08795166015625,2.7119
-0.94482421875,2.712
-0.91583251953125,2.7121000000000004
-0.90179443359375,2.7122
-0.55908203125,2.7123000000000004
-0.57861328125,2.7124
-0.6024169921875,2.7125000000000004
-0.79345703125,2.7126
-0.97808837890625,2.7127000000000003
-0.56396484375,2.7128
-0.53466796875,2.7129000000000003
-0.75042724609375,2.713
-0.93109130859375,2.7131000000000003
-0.82366943359375,2.7132
-0.7623291015625,2.7133000000000003
-0.80078125,2.7134
-1.02996826171875,2.7135000000000002
-0.68206787109375,2.7136
-0.72418212890625,2.7137000000000002
-1.05682373046875,2.7138
-1.0919189453125,2.7139
-0.77880859375,2.714
-1.0675048828125,2.7141
-0.87554931640625,2.7142000000000004
-1.03271484375,2.7143
-1.4013671875,2.7144000000000004
-1.1993408203125,2.7145
-1.2237548828125,2.7146000000000003
-1.285400390625,2.7147
-1.18682861328125,2.7148000000000003
-1.39739990234375,2.7149
-1.49169921875,2.7150000000000003
-1.3592529296875,2.7151
-1.52099609375,2.7152000000000003
-1.54388427734375,2.7153
-1.429443359375,2.7154000000000003
-1.41387939453125,2.7155
-1.5789794921875,2.7156000000000002
-1.83837890625,2.7157
-1.66778564453125,2.7158
-1.666259765625,2.7159
-1.80450439453125,2.716
-1.81732177734375,2.7161
-1.9232177734375,2.7162
-2.022705078125,2.7163000000000004
-2.2979736328125,2.7164
-2.203369140625,2.7165000000000004
-1.97357177734375,2.7166
-1.9512939453125,2.7167000000000003
-2.15545654296875,2.7168
-2.22381591796875,2.7169000000000003
-2.41607666015625,2.717
-2.54608154296875,2.7171000000000003
-2.37213134765625,2.7172
-2.31597900390625,2.7173000000000003
-2.66693115234375,2.7174
-2.5360107421875,2.7175000000000002
-2.5531005859375,2.7176
-2.686767578125,2.7177000000000002
-2.46307373046875,2.7178
-2.5238037109375,2.7179
-2.45758056640625,2.718
-2.5225830078125,2.7181
-2.930908203125,2.7182000000000004
-2.6416015625,2.7183
-2.828369140625,2.7184000000000004
-2.655029296875,2.7185
-2.62542724609375,2.7186000000000003
-2.66815185546875,2.7187
-2.7911376953125,2.7188000000000003
-2.7850341796875,2.7189
-2.58331298828125,2.7190000000000003
-2.85736083984375,2.7191
-2.56591796875,2.7192000000000003
-2.63885498046875,2.7193
-2.68585205078125,2.7194000000000003
-2.63458251953125,2.7195
-2.84515380859375,2.7196000000000002
-2.589111328125,2.7197
-2.5640869140625,2.7198
-2.862548828125,2.7199
-2.45513916015625,2.72
-2.626953125,2.7201
-2.27294921875,2.7202
-2.22808837890625,2.7203000000000004
-2.50152587890625,2.7204
-2.2369384765625,2.7205000000000004
-2.5067138671875,2.7206
-2.1630859375,2.7207000000000003
-2.42523193359375,2.7208
-1.88629150390625,2.7209000000000003
-1.8634033203125,2.721
-2.16217041015625,2.7211000000000003
-1.8365478515625,2.7212
-2.38525390625,2.7213000000000003
-2.0172119140625,2.7214
-2.078857421875,2.7215000000000003
-1.7425537109375,2.7216
-1.651611328125,2.7217000000000002
-2.09075927734375,2.7218
-1.639404296875,2.7219
-1.9091796875,2.722
-1.861572265625,2.7221
-1.69647216796875,2.7222000000000004
-1.5240478515625,2.7223
-1.35589599609375,2.7224000000000004
-1.37939453125,2.7225
-1.6864013671875,2.7226000000000004
-1.60064697265625,2.7227
-1.4959716796875,2.7228000000000003
-1.258544921875,2.7229
-1.4044189453125,2.7230000000000003
-1.1895751953125,2.7231
-1.78985595703125,2.7232000000000003
-1.5374755859375,2.7233
-1.3201904296875,2.7234000000000003
-1.4068603515625,2.7235
-1.0406494140625,2.7236000000000002
-1.1346435546875,2.7237
-1.1138916015625,2.7238
-1.44989013671875,2.7239
-1.65191650390625,2.724
-1.17767333984375,2.7241
-1.30859375,2.7242
-1.05560302734375,2.7243000000000004
-1.103515625,2.7244
-1.57562255859375,2.7245000000000004
-1.49261474609375,2.7246
-1.358642578125,2.7247000000000003
-1.52740478515625,2.7248
-1.32720947265625,2.7249000000000003
-1.39984130859375,2.725
-1.34490966796875,2.7251000000000003
-1.4141845703125,2.7252
-1.3922119140625,2.7253000000000003
-1.31317138671875,2.7254
-1.38397216796875,2.7255000000000003
-1.51763916015625,2.7256
-1.55059814453125,2.7257000000000002
-1.63970947265625,2.7258000000000004
-1.74560546875,2.7259
-1.40228271484375,2.7260000000000004
-1.52099609375,2.7261
-1.89117431640625,2.7262000000000004
-2.0111083984375,2.7263
-1.79473876953125,2.7264000000000004
-2.04681396484375,2.7265
-1.72210693359375,2.7266000000000004
-1.66717529296875,2.7267
-1.88079833984375,2.7268000000000003
-1.94244384765625,2.7269
-2.01873779296875,2.7270000000000003
-2.07275390625,2.7271
-1.96319580078125,2.7272000000000003
-1.8377685546875,2.7273
-2.0574951171875,2.7274000000000003
-2.32666015625,2.7275
-2.33612060546875,2.7276000000000002
-2.4420166015625,2.7277
-2.310791015625,2.7278000000000002
-2.24090576171875,2.7279000000000004
-2.25250244140625,2.728
-2.369384765625,2.7281000000000004
-2.60467529296875,2.7282
-2.64251708984375,2.7283000000000004
-2.3004150390625,2.7284
-2.53448486328125,2.7285000000000004
-2.28729248046875,2.7286
-2.45269775390625,2.7287000000000003
-2.755126953125,2.7288
-2.6043701171875,2.7289000000000003
-2.4945068359375,2.729
-2.59674072265625,2.7291000000000003
-2.66204833984375,2.7292
-2.5714111328125,2.7293000000000003
-2.79266357421875,2.7294
-2.9608154296875,2.7295000000000003
-2.7734375,2.7296
-2.88818359375,2.7297000000000002
-2.66265869140625,2.7298000000000004
-2.93609619140625,2.7299
-3.0755615234375,2.7300000000000004
-2.89520263671875,2.7301
-2.872314453125,2.7302000000000004
-2.8759765625,2.7303
-3.04473876953125,2.7304000000000004
-3.05450439453125,2.7305
-3.22113037109375,2.7306000000000004
-3.34930419921875,2.7307
-3.18572998046875,2.7308000000000003
-3.46771240234375,2.7309
-3.2025146484375,2.7310000000000003
-3.45428466796875,2.7311
-3.5382080078125,2.7312000000000003
-3.206787109375,2.7313
-3.40301513671875,2.7314000000000003
-3.3233642578125,2.7315
-3.365478515625,2.7316000000000003
-3.7548828125,2.7317
-3.53851318359375,2.7318000000000002
-3.6932373046875,2.7319000000000004
-3.4088134765625,2.732
-3.40972900390625,2.7321000000000004
-3.66180419921875,2.7322
-3.760986328125,2.7323000000000004
-3.71246337890625,2.7324
-3.529052734375,2.7325000000000004
-4.06951904296875,2.7326
-3.4576416015625,2.7327000000000004
-3.837890625,2.7328
-3.81072998046875,2.7329000000000003
-3.69110107421875,2.733
-4.129638671875,2.7331000000000003
-3.74053955078125,2.7332
-3.86016845703125,2.7333000000000003
-3.66912841796875,2.7334
-3.74542236328125,2.7335000000000003
-3.9556884765625,2.7336
-3.70452880859375,2.7337000000000002
-3.70849609375,2.7338000000000005
-3.64776611328125,2.7339
-3.85711669921875,2.7340000000000004
-3.73779296875,2.7341
-3.74908447265625,2.7342000000000004
-3.740234375,2.7343
-3.6376953125,2.7344000000000004
-3.71917724609375,2.7345
-3.4906005859375,2.7346000000000004
-3.621826171875,2.7347
-3.6663818359375,2.7348000000000003
-3.6163330078125,2.7349
-3.760986328125,2.7350000000000003
-3.365478515625,2.7351
-3.2061767578125,2.7352000000000003
-3.62457275390625,2.7353
-3.17291259765625,2.7354000000000003
-3.4136962890625,2.7355
-3.248291015625,2.7356000000000003
-3.27056884765625,2.7357
-3.211669921875,2.7358000000000002
-2.95623779296875,2.7359000000000004
-2.95806884765625,2.736
-3.0206298828125,2.7361000000000004
-2.8515625,2.7362
-2.81280517578125,2.7363000000000004
-2.86956787109375,2.7364
-2.532958984375,2.7365000000000004
-2.72735595703125,2.7366
-2.75482177734375,2.7367000000000004
-2.5152587890625,2.7368
-2.43438720703125,2.7369000000000003
-2.16705322265625,2.737
-2.16339111328125,2.7371000000000003
-2.2015380859375,2.7372
-2.2698974609375,2.7373000000000003
-2.060546875,2.7374
-2.5750732421875,2.7375000000000003
-1.97509765625,2.7376
-2.0989990234375,2.7377000000000002
-1.85760498046875,2.7378
-1.981201171875,2.7379000000000002
-2.310791015625,2.7380000000000004
-1.74468994140625,2.7381
-1.5283203125,2.7382000000000004
-1.7822265625,2.7383
-1.7755126953125,2.7384000000000004
-1.4495849609375,2.7385
-1.59942626953125,2.7386000000000004
-1.461181640625,2.7387
-1.11572265625,2.7388000000000003
-1.175537109375,2.7389
-0.9747314453125,2.7390000000000003
-1.19293212890625,2.7391
-1.466064453125,2.7392000000000003
-1.153564453125,2.7393
-1.01318359375,2.7394000000000003
-0.79345703125,2.7395
-1.06170654296875,2.7396000000000003
-1.22711181640625,2.7397
-0.9765625,2.7398000000000002
-0.7666015625,2.7399000000000004
-0.921630859375,2.74
-0.52703857421875,2.7401000000000004
-0.41717529296875,2.7402
-0.78643798828125,2.7403000000000004
-0.489501953125,2.7404
-0.57403564453125,2.7405000000000004
-0.3955078125,2.7406
-0.51544189453125,2.7407000000000004
-0.17547607421875,2.7408
-0.44921875,2.7409000000000003
-0.3802490234375,2.741
-0.2813720703125,2.7411000000000003
0.01312255859375,2.7412
0.03997802734375,2.7413000000000003
0.2362060546875,2.7414
0.00335693359375,2.7415000000000003
0.04852294921875,2.7416
-0.0927734375,2.7417000000000002
-0.10101318359375,2.7418
0.34515380859375,2.7419000000000002
0.242919921875,2.7420000000000004
0.16387939453125,2.7421
0.2093505859375,2.7422000000000004
0.21148681640625,2.7423
0.12847900390625,2.7424000000000004
0.31768798828125,2.7425
0.3857421875,2.7426000000000004
0.302734375,2.7427
0.39215087890625,2.7428000000000003
0.28778076171875,2.7429
0.39581298828125,2.7430000000000003
0.386962890625,2.7431
0.4010009765625,2.7432000000000003
0.37628173828125,2.7433
0.3961181640625,2.7434000000000003
0.40771484375,2.7435
0.411376953125,2.7436000000000003
0.43670654296875,2.7437
0.37200927734375,2.7438000000000002
0.37933349609375,2.7439000000000004
0.367431640625,2.744
-0.28961181640625,2.7441000000000004
0.3692626953125,2.7442
0.33447265625,2.7443000000000004
-0.20477294921875,2.7444
0.3662109375,2.7445000000000004
0.25421142578125,2.7446
0.308837890625,2.7447000000000004
0.234375,2.7448
0.01953125,2.7449000000000003
-0.04791259765625,2.745
0.2838134765625,2.7451000000000003
0.22186279296875,2.7452
-0.283203125,2.7453000000000003
-0.1690673828125,2.7454
-0.02960205078125,2.7455000000000003
-0.15960693359375,2.7456
-0.21148681640625,2.7457000000000003
-0.39520263671875,2.7458
-0.02471923828125,2.7459000000000002
-0.0665283203125,2.7460000000000004
-0.49591064453125,2.7461
-0.24658203125,2.7462000000000004
-0.14862060546875,2.7463
-0.16448974609375,2.7464000000000004
-0.4779052734375,2.7465
-0.45135498046875,2.7466000000000004
-0.38177490234375,2.7467
-0.5255126953125,2.7468000000000004
-0.4022216796875,2.7469
-0.4736328125,2.7470000000000003
-0.39825439453125,2.7471
-0.49102783203125,2.7472000000000003
-0.59417724609375,2.7473
-0.42266845703125,2.7474000000000003
-0.61309814453125,2.7475
-0.46356201171875,2.7476000000000003
-0.54779052734375,2.7477
-0.58685302734375,2.7478000000000002
-0.4473876953125,2.7479000000000005
-0.2630615234375,2.748
-0.3143310546875,2.7481000000000004
-0.58319091796875,2.7482
-0.29937744140625,2.7483000000000004
-0.38818359375,2.7484
-0.44189453125,2.7485000000000004
-0.1318359375,2.7486
-0.02532958984375,2.7487000000000004
-0.2813720703125,2.7488
-0.31829833984375,2.7489000000000003
-0.45928955078125,2.749
-0.00335693359375,2.7491000000000003
0.1763916015625,2.7492
0.09613037109375,2.7493000000000003
-0.0543212890625,2.7494
0.05279541015625,2.7495000000000003
0.335693359375,2.7496
0.1300048828125,2.7497000000000003
0.37109375,2.7498
0.3631591796875,2.7499000000000002
0.4156494140625,2.75
0.41107177734375,2.7501
0.40985107421875,2.7502
0.8782958984375,2.7503
0.65582275390625,2.7504
0.68817138671875,2.7505
0.9356689453125,2.7506
0.6134033203125,2.7507
1.0369873046875,2.7508
1.1248779296875,2.7509
1.11114501953125,2.751
1.12518310546875,2.7511
1.16058349609375,2.7512
1.09130859375,2.7513
1.09344482421875,2.7514
1.4556884765625,2.7515
1.619873046875,2.7516
1.9073486328125,2.7517
0.92559814453125,2.7518
1.15478515625,2.7519
1.71356201171875,2.752
1.5911865234375,2.7521
1.70196533203125,2.7522
1.87042236328125,2.7523
1.561279296875,2.7524
1.3641357421875,2.7525
1.49444580078125,2.7526
1.71142578125,2.7527
2.36785888671875,2.7528
2.276611328125,2.7529
1.7498779296875,2.753
1.68182373046875,2.7531
2.11212158203125,2.7532
2.044677734375,2.7533
2.28607177734375,2.7534
2.34649658203125,2.7535
1.89483642578125,2.7536
1.77001953125,2.7537
1.86676025390625,2.7538
2.31719970703125,2.7539
2.53326416015625,2.754
2.37762451171875,2.7541
2.081298828125,2.7542
2.07244873046875,2.7543
2.15667724609375,2.7544
2.149658203125,2.7545
2.8662109375,2.7546
2.269287109375,2.7547
2.54302978515625,2.7548
2.08984375,2.7549
2.38739013671875,2.755
2.46337890625,2.7551
2.4664306640625,2.7552
2.79876708984375,2.7553
2.0684814453125,2.7554
2.6116943359375,2.7555
2.2247314453125,2.7556
2.7392578125,2.7557
2.85491943359375,2.7558
1.77490234375,2.7559
2.703857421875,2.756
2.24639892578125,2.7561
2.26043701171875,2.7562
2.91748046875,2.7563
2.923583984375,2.7564
2.90252685546875,2.7565
2.40386962890625,2.7566
2.18109130859375,2.7567
2.2735595703125,2.7568
2.35382080078125,2.7569
2.63153076171875,2.757
2.5921630859375,2.7571
2.16583251953125,2.7572
1.89300537109375,2.7573
1.876220703125,2.7574
2.550048828125,2.7575
2.3480224609375,2.7576
2.35321044921875,2.7577
2.25311279296875,2.7578
1.99188232421875,2.7579
2.215576171875,2.758
2.08404541015625,2.7581
2.13287353515625,2.7582
2.06573486328125,2.7583
1.83013916015625,2.7584
1.5765380859375,2.7585
1.67327880859375,2.7586
2.11090087890625,2.7587
1.17431640625,2.7588
1.7303466796875,2.7589
1.4312744140625,2.759
1.1431884765625,2.7591
1.611328125,2.7592
1.59759521484375,2.7593
1.78985595703125,2.7594
1.37603759765625,2.7595
1.07269287109375,2.7596
0.9423828125,2.7597
1.2078857421875,2.7598
1.26190185546875,2.7599
1.12274169921875,2.76
0.9454345703125,2.7601
0.56640625,2.7602
0.51025390625,2.7603
0.87432861328125,2.7604
0.48797607421875,2.7605
0.5828857421875,2.7606
0.6451416015625,2.7607
0.419921875,2.7608
0.42388916015625,2.7609
0.4144287109375,2.761
0.379638671875,2.7611
0.1458740234375,2.7612
-0.09552001953125,2.7613
0.19195556640625,2.7614
-0.00885009765625,2.7615
0.15167236328125,2.7616
-0.28411865234375,2.7617
-0.45654296875,2.7618
-0.25299072265625,2.7619
-0.43731689453125,2.762
-0.5340576171875,2.7621
-0.42694091796875,2.7622
-0.4876708984375,2.7623
-0.62957763671875,2.7624
-0.457763671875,2.7625
-0.79193115234375,2.7626
-0.6341552734375,2.7627
-0.667724609375,2.7628
-0.72723388671875,2.7629
-0.83282470703125,2.763
-0.8367919921875,2.7631
-1.0638427734375,2.7632
-1.1090087890625,2.7633
-0.968017578125,2.7634
-0.926513671875,2.7635
-0.8966064453125,2.7636
-0.9381103515625,2.7637
-1.1016845703125,2.7638
-1.2115478515625,2.7639
-0.89508056640625,2.764
-1.12701416015625,2.7641
-1.34552001953125,2.7642
-1.16973876953125,2.7643
-1.10015869140625,2.7644
-1.204833984375,2.7645
-1.39129638671875,2.7646
-1.05621337890625,2.7647
-1.204833984375,2.7648
-1.15447998046875,2.7649
-1.30828857421875,2.765
-1.24298095703125,2.7651
-1.14410400390625,2.7652
-1.44805908203125,2.7653
-1.22528076171875,2.7654
-1.29608154296875,2.7655
-1.12091064453125,2.7656
-1.28173828125,2.7657
-1.40045166015625,2.7658
-1.11846923828125,2.7659
-1.2054443359375,2.766
-1.080322265625,2.7661
-1.27899169921875,2.7662
-0.96282958984375,2.7663
-1.20941162109375,2.7664
-1.2738037109375,2.7665
-1.1749267578125,2.7666
-1.44775390625,2.7667
-0.9344482421875,2.7668
-1.3714599609375,2.7669
-1.08489990234375,2.767
-0.96832275390625,2.7671
-1.1962890625,2.7672
-0.96527099609375,2.7673
-1.23138427734375,2.7674
-1.03668212890625,2.7675
-0.899658203125,2.7676
-1.2646484375,2.7677
-1.0595703125,2.7678
-1.03973388671875,2.7679
-0.80902099609375,2.768
-0.81024169921875,2.7681
-1.23443603515625,2.7682
-0.94085693359375,2.7683
-1.21856689453125,2.7684
-0.7586669921875,2.7685
-0.98052978515625,2.7686
-1.0040283203125,2.7687
-0.87615966796875,2.7688
-1.28204345703125,2.7689
-0.95062255859375,2.769
-1.16943359375,2.7691
-0.58502197265625,2.7692
-0.63812255859375,2.7693
-1.09130859375,2.7694
-0.90087890625,2.7695
-1.099853515625,2.7696
-0.62744140625,2.7697
-0.81512451171875,2.7698
-0.61492919921875,2.7699
-0.477294921875,2.77
-0.924072265625,2.7701
-0.91552734375,2.7702
-1.07818603515625,2.7703
-0.58074951171875,2.7704
-0.58624267578125,2.7705
-0.860595703125,2.7706
-0.87982177734375,2.7707
-0.770263671875,2.7708
-0.46478271484375,2.7709
-0.67169189453125,2.771
-0.82244873046875,2.7711
-0.5133056640625,2.7712
-0.7489013671875,2.7713
-0.4290771484375,2.7714
-0.447998046875,2.7715
-0.52642822265625,2.7716
-0.48797607421875,2.7717
-0.63629150390625,2.7718
-1.03851318359375,2.7719
-0.4376220703125,2.772
-0.5230712890625,2.7721
-0.477294921875,2.7722
-0.57708740234375,2.7723
-0.45684814453125,2.7724
-0.6365966796875,2.7725
-0.44219970703125,2.7726
-0.364990234375,2.7727
-0.4656982421875,2.7728
-0.46539306640625,2.7729
-0.7366943359375,2.773
-0.4669189453125,2.7731
-0.45318603515625,2.7732
-0.45318603515625,2.7733
-0.6207275390625,2.7734
-0.560302734375,2.7735
-0.75775146484375,2.7736
-0.552978515625,2.7737
-0.6494140625,2.7738
-0.5096435546875,2.7739
-0.10009765625,2.774
-0.479736328125,2.7741
-0.44189453125,2.7742
-0.38970947265625,2.7743
-0.4437255859375,2.7744
-0.32470703125,2.7745
-0.58074951171875,2.7746
-0.6024169921875,2.7747
-0.56915283203125,2.7748
-0.45074462890625,2.7749
-0.87615966796875,2.775
-0.5908203125,2.7751
-0.389404296875,2.7752
-0.47943115234375,2.7753
-0.56549072265625,2.7754
-0.44219970703125,2.7755
-0.53619384765625,2.7756
-0.4791259765625,2.7757
-0.51177978515625,2.7758000000000003
-0.718994140625,2.7759
-0.6146240234375,2.7760000000000002
-0.61004638671875,2.7761
-0.59173583984375,2.7762000000000002
-0.36712646484375,2.7763
-0.47576904296875,2.7764
-0.6329345703125,2.7765
-0.6024169921875,2.7766
-0.7720947265625,2.7767
-0.8758544921875,2.7768
-0.45562744140625,2.7769
-0.777587890625,2.777
-0.73394775390625,2.7771
-0.53741455078125,2.7772
-0.76324462890625,2.7773
-0.81787109375,2.7774
-0.811767578125,2.7775
-0.716552734375,2.7776
-0.69061279296875,2.7777
-0.84075927734375,2.7778
-0.86822509765625,2.7779000000000003
-0.9613037109375,2.778
-0.49041748046875,2.7781000000000002
-0.95367431640625,2.7782
-0.9149169921875,2.7783
-0.8251953125,2.7784
-1.40106201171875,2.7785
-0.93353271484375,2.7786
-1.23291015625,2.7787
-0.8648681640625,2.7788
-1.0296630859375,2.7789
-1.11907958984375,2.779
-1.08734130859375,2.7791
-0.70465087890625,2.7792
-0.84686279296875,2.7793
-1.24664306640625,2.7794
-1.24969482421875,2.7795
-0.98175048828125,2.7796
-1.23138427734375,2.7797
-0.9619140625,2.7798000000000003
-1.121826171875,2.7799
-0.97076416015625,2.7800000000000002
-0.95184326171875,2.7801
-1.5240478515625,2.7802000000000002
-1.12823486328125,2.7803
-1.18011474609375,2.7804
-0.7366943359375,2.7805
-0.90850830078125,2.7806
-1.16485595703125,2.7807
-1.3812255859375,2.7808
-1.19140625,2.7809
-1.1737060546875,2.781
-1.15570068359375,2.7811
-0.97442626953125,2.7812
-0.936279296875,2.7813
-1.23809814453125,2.7814
-1.14837646484375,2.7815
-1.3134765625,2.7816
-0.916748046875,2.7817
-1.2408447265625,2.7818
-1.23443603515625,2.7819000000000003
-1.2939453125,2.782
-1.22161865234375,2.7821000000000002
-1.0357666015625,2.7822
-0.98419189453125,2.7823
-1.165771484375,2.7824
-1.01287841796875,2.7825
-1.26251220703125,2.7826
-1.0540771484375,2.7827
-1.34796142578125,2.7828
-1.22467041015625,2.7829
-0.86822509765625,2.783
-0.93994140625,2.7831
-1.2646484375,2.7832
-0.90728759765625,2.7833
-1.31805419921875,2.7834
-1.18408203125,2.7835
-0.9747314453125,2.7836
-1.239013671875,2.7837
-1.0675048828125,2.7838000000000003
-1.19384765625,2.7839
-1.14837646484375,2.7840000000000003
-1.1767578125,2.7841
-1.11663818359375,2.7842000000000002
-1.04827880859375,2.7843
-1.08123779296875,2.7844
-0.89385986328125,2.7845
-1.3592529296875,2.7846
-0.93109130859375,2.7847
-1.29241943359375,2.7848
-1.0101318359375,2.7849
-0.81787109375,2.785
-1.44500732421875,2.7851
-1.2994384765625,2.7852
-1.0845947265625,2.7853
-1.02081298828125,2.7854
-1.10015869140625,2.7855
-1.30584716796875,2.7856
-0.81787109375,2.7857
-0.994873046875,2.7858
-1.2359619140625,2.7859000000000003
-1.43890380859375,2.786
-1.11724853515625,2.7861000000000002
-1.072998046875,2.7862
-1.43524169921875,2.7863
-1.0137939453125,2.7864
-1.43798828125,2.7865
-1.24664306640625,2.7866
-1.1358642578125,2.7867
-1.53106689453125,2.7868
-1.0888671875,2.7869
-1.32843017578125,2.787
-1.2322998046875,2.7871
-1.25396728515625,2.7872
-1.35345458984375,2.7873
-1.04644775390625,2.7874
-1.32354736328125,2.7875
-1.292724609375,2.7876
-1.37542724609375,2.7877
-1.3690185546875,2.7878
-1.50390625,2.7879
-1.2548828125,2.7880000000000003
-1.13372802734375,2.7881
-1.36016845703125,2.7882000000000002
-1.32049560546875,2.7883
-1.46148681640625,2.7884
-1.81243896484375,2.7885
-1.48284912109375,2.7886
-1.50726318359375,2.7887
-1.6351318359375,2.7888
-1.4422607421875,2.7889
-1.5789794921875,2.789
-1.48895263671875,2.7891
-1.60675048828125,2.7892
-1.3018798828125,2.7893
-1.28753662109375,2.7894
-1.656494140625,2.7895
-1.66717529296875,2.7896
-1.5350341796875,2.7897
-1.7364501953125,2.7898
-1.48193359375,2.7899000000000003
-1.3433837890625,2.79
-1.53961181640625,2.7901000000000002
-1.60003662109375,2.7902
-1.82861328125,2.7903000000000002
-1.67755126953125,2.7904
-1.436767578125,2.7905
-1.2200927734375,2.7906
-1.46484375,2.7907
-1.561279296875,2.7908
-2.0123291015625,2.7909
-1.49139404296875,2.791
-1.42730712890625,2.7911
-1.75872802734375,2.7912
-1.46240234375,2.7913
-1.5618896484375,2.7914
-1.79351806640625,2.7915
-1.4312744140625,2.7916
-1.77825927734375,2.7917
-1.13861083984375,2.7918
-1.20758056640625,2.7919
-1.78131103515625,2.7920000000000003
-1.7962646484375,2.7921
-1.62384033203125,2.7922000000000002
-1.275634765625,2.7923
-1.534423828125,2.7924
-1.434326171875,2.7925
-1.53961181640625,2.7926
-1.52862548828125,2.7927
-1.4715576171875,2.7928
-1.49078369140625,2.7929
-1.19140625,2.793
-1.54388427734375,2.7931
-1.458740234375,2.7932
-1.6571044921875,2.7933
-1.619873046875,2.7934
-1.26190185546875,2.7935
-1.3970947265625,2.7936
-1.41448974609375,2.7937
-1.30523681640625,2.7938
-1.4306640625,2.7939000000000003
-1.33087158203125,2.794
-1.0302734375,2.7941000000000003
-1.21429443359375,2.7942
-1.31378173828125,2.7943000000000002
-1.38763427734375,2.7944
-1.59820556640625,2.7945
-1.44439697265625,2.7946
-1.45294189453125,2.7947
-0.99029541015625,2.7948
-1.08062744140625,2.7949
-1.19354248046875,2.795
-1.005859375,2.7951
-1.0504150390625,2.7952
-1.23626708984375,2.7953
-0.77667236328125,2.7954
-0.8441162109375,2.7955
-1.1932373046875,2.7956
-1.0772705078125,2.7957
-0.89874267578125,2.7958
-0.7843017578125,2.7959
-0.91156005859375,2.7960000000000003
-1.10870361328125,2.7961
-0.82794189453125,2.7962000000000002
-0.6427001953125,2.7963
-1.12060546875,2.7964
-0.52734375,2.7965
-0.6585693359375,2.7966
-0.6158447265625,2.7967
-0.8660888671875,2.7968
-1.239013671875,2.7969
-0.7965087890625,2.797
-0.52978515625,2.7971
-0.4736328125,2.7972
-0.74737548828125,2.7973
-0.52886962890625,2.7974
-0.604248046875,2.7975
-0.77972412109375,2.7976
-0.4534912109375,2.7977
-0.4632568359375,2.7978
-0.4498291015625,2.7979000000000003
-0.7940673828125,2.798
-0.8642578125,2.7981000000000003
-0.45654296875,2.7982
-0.46966552734375,2.7983000000000002
-0.2313232421875,2.7984
-0.52001953125,2.7985
-0.9796142578125,2.7986
-0.43426513671875,2.7987
-0.38909912109375,2.7988
-0.44952392578125,2.7989
-0.4656982421875,2.799
-0.4345703125,2.7991
-0.53314208984375,2.7992
-0.4736328125,2.7993
-0.430908203125,2.7994
-0.40985107421875,2.7995
-0.43975830078125,2.7996
-0.250244140625,2.7997
-0.44097900390625,2.7998
-0.25238037109375,2.7999
-0.30181884765625,2.8000000000000003
-0.025634765625,2.8001000000000005
-0.074462890625,2.8002000000000002
-0.2850341796875,2.8003000000000005
-0.35369873046875,2.8004000000000002
-0.19866943359375,2.8005000000000004
-0.166015625,2.8006
0.03631591796875,2.8007000000000004
-0.03143310546875,2.8008
-0.10986328125,2.8009000000000004
-0.48583984375,2.801
-0.1007080078125,2.8011000000000004
-0.27008056640625,2.8012
-0.32470703125,2.8013000000000003
-0.260009765625,2.8014
-0.17242431640625,2.8015000000000003
-0.17120361328125,2.8016
-0.2313232421875,2.8017000000000003
0.0494384765625,2.8018
0.1123046875,2.8019000000000003
0.12176513671875,2.802
-0.2783203125,2.8021000000000003
-0.38787841796875,2.8022000000000005
-0.11810302734375,2.8023000000000002
0.2099609375,2.8024000000000004
-0.11993408203125,2.8025
-0.0054931640625,2.8026000000000004
-0.458984375,2.8027
-0.0299072265625,2.8028000000000004
-0.30670166015625,2.8029
-0.26153564453125,2.8030000000000004
0.159912109375,2.8031
0.0885009765625,2.8032000000000004
-0.03875732421875,2.8033
0.1055908203125,2.8034000000000003
-0.12237548828125,2.8035
0.13092041015625,2.8036000000000003
-0.12542724609375,2.8037
-0.03387451171875,2.8038000000000003
-0.32470703125,2.8039
0.0830078125,2.8040000000000003
0.0531005859375,2.8041000000000005
-0.0701904296875,2.8042000000000002
0.238037109375,2.8043000000000005
-0.40069580078125,2.8044000000000002
0.1220703125,2.8045000000000004
0.0164794921875,2.8046
-0.27801513671875,2.8047000000000004
0.198974609375,2.8048
0.22857666015625,2.8049000000000004
0.13916015625,2.805
0.0775146484375,2.8051000000000004
0.07049560546875,2.8052
-0.19683837890625,2.8053000000000003
0.06134033203125,2.8054
0.1702880859375,2.8055000000000003
-0.074462890625,2.8056
0.19561767578125,2.8057000000000003
-0.08087158203125,2.8058
-0.01861572265625,2.8059000000000003
0.22430419921875,2.806
0.10101318359375,2.8061000000000003
0.13031005859375,2.8062000000000005
0.0543212890625,2.8063000000000002
0.16510009765625,2.8064000000000004
0.216064453125,2.8065
0.11749267578125,2.8066000000000004
0.345458984375,2.8067
0.34820556640625,2.8068000000000004
0.184326171875,2.8069
0.0152587890625,2.8070000000000004
0.08819580078125,2.8071
0.38177490234375,2.8072000000000004
0.15533447265625,2.8073
0.24871826171875,2.8074000000000003
0.316162109375,2.8075
-0.02685546875,2.8076000000000003
0.3961181640625,2.8077
0.13092041015625,2.8078000000000003
0.3900146484375,2.8079
0.33721923828125,2.8080000000000003
0.3662109375,2.8081000000000005
0.2410888671875,2.8082000000000003
0.3741455078125,2.8083000000000005
0.3564453125,2.8084000000000002
0.35980224609375,2.8085000000000004
0.3643798828125,2.8086
0.283203125,2.8087000000000004
0.31005859375,2.8088
0.3350830078125,2.8089000000000004
0.28564453125,2.809
0.3924560546875,2.8091000000000004
0.42816162109375,2.8092
0.43182373046875,2.8093000000000004
0.41961669921875,2.8094
0.41656494140625,2.8095000000000003
0.42083740234375,2.8096
0.66162109375,2.8097000000000003
0.869140625,2.8098
0.5487060546875,2.8099000000000003
0.61126708984375,2.81
0.5743408203125,2.8101000000000003
0.5792236328125,2.8102000000000005
0.72021484375,2.8103000000000002
0.76019287109375,2.8104000000000005
0.4144287109375,2.8105
0.79345703125,2.8106000000000004
0.4254150390625,2.8107
0.52520751953125,2.8108000000000004
1.0101318359375,2.8109
0.8526611328125,2.8110000000000004
0.9136962890625,2.8111
0.609130859375,2.8112000000000004
0.5609130859375,2.8113
0.5487060546875,2.8114000000000003
0.61981201171875,2.8115
0.84991455078125,2.8116000000000003
0.87371826171875,2.8117
1.10504150390625,2.8118000000000003
0.55206298828125,2.8119
0.7501220703125,2.8120000000000003
0.71868896484375,2.8121000000000005
0.8441162109375,2.8122000000000003
0.8697509765625,2.8123000000000005
0.93048095703125,2.8124000000000002
0.9442138671875,2.8125000000000004
0.87127685546875,2.8126
0.77728271484375,2.8127000000000004
0.79376220703125,2.8128
1.22711181640625,2.8129000000000004
0.86456298828125,2.813
0.8001708984375,2.8131000000000004
0.96221923828125,2.8132
1.1114501953125,2.8133000000000004
0.70037841796875,2.8134
0.7928466796875,2.8135000000000003
0.94451904296875,2.8136
1.15020751953125,2.8137000000000003
0.99578857421875,2.8138
0.55755615234375,2.8139000000000003
0.91278076171875,2.814
1.2744140625,2.8141000000000003
1.19049072265625,2.8142000000000005
0.794677734375,2.8143000000000002
1.0308837890625,2.8144000000000005
0.89141845703125,2.8145000000000002
1.23504638671875,2.8146000000000004
1.13922119140625,2.8147
0.899658203125,2.8148000000000004
1.27655029296875,2.8149
1.0980224609375,2.8150000000000004
1.02203369140625,2.8151
0.8477783203125,2.8152000000000004
1.31622314453125,2.8153
1.2164306640625,2.8154000000000003
1.121826171875,2.8155
1.1767578125,2.8156000000000003
0.80596923828125,2.8157
1.282958984375,2.8158000000000003
0.82366943359375,2.8159
1.243896484375,2.8160000000000003
1.3763427734375,2.8161
1.3665771484375,2.8162000000000003
1.065673828125,2.8163000000000005
0.71929931640625,2.8164000000000002
0.99456787109375,2.8165000000000004
0.9466552734375,2.8166
1.51031494140625,2.8167000000000004
1.3946533203125,2.8168
1.28662109375,2.8169000000000004
1.17279052734375,2.817
0.5975341796875,2.8171000000000004
0.71075439453125,2.8172
1.13677978515625,2.8173000000000004
1.099853515625,2.8174
1.21185302734375,2.8175000000000003
0.96435546875,2.8176
0.96832275390625,2.8177000000000003
1.2310791015625,2.8178
0.948486328125,2.8179000000000003
1.39984130859375,2.818
1.2908935546875,2.8181000000000003
1.10321044921875,2.8182000000000005
0.92041015625,2.8183000000000002
1.12274169921875,2.8184000000000005
1.18499755859375,2.8185000000000002
0.9918212890625,2.8186000000000004
1.13739013671875,2.8187
0.54290771484375,2.8188000000000004
0.755615234375,2.8189
1.09222412109375,2.8190000000000004
1.175537109375,2.8191
1.25457763671875,2.8192000000000004
0.87249755859375,2.8193
1.099853515625,2.8194000000000004
0.81207275390625,2.8195
0.93048095703125,2.8196000000000003
1.1468505859375,2.8197
1.27197265625,2.8198000000000003
1.2945556640625,2.8199
0.4345703125,2.8200000000000003
0.85906982421875,2.8201
1.0260009765625,2.8202000000000003
1.044921875,2.8203000000000005
1.39739990234375,2.8204000000000002
0.880126953125,2.8205000000000005
0.80230712890625,2.8206
1.01806640625,2.8207000000000004
0.70404052734375,2.8208
1.15692138671875,2.8209000000000004
1.44073486328125,2.821
1.21978759765625,2.8211000000000004
1.090087890625,2.8212
0.4656982421875,2.8213000000000004
0.924072265625,2.8214
1.0260009765625,2.8215000000000003
1.20941162109375,2.8216
0.98968505859375,2.8217000000000003
1.00677490234375,2.8218
1.14288330078125,2.8219000000000003
0.7855224609375,2.822
1.05743408203125,2.8221000000000003
1.01165771484375,2.8222000000000005
1.0760498046875,2.8223000000000003
1.0003662109375,2.8224000000000005
0.7891845703125,2.8225000000000002
1.114501953125,2.8226000000000004
1.27899169921875,2.8227
1.31805419921875,2.8228000000000004
0.97900390625,2.8229
1.2255859375,2.8230000000000004
1.13189697265625,2.8231
0.68145751953125,2.8232000000000004
1.05194091796875,2.8233
1.13800048828125,2.8234000000000004
1.0601806640625,2.8235
1.13739013671875,2.8236000000000003
0.828857421875,2.8237
1.17919921875,2.8238000000000003
1.290283203125,2.8239
0.99365234375,2.8240000000000003
1.08551025390625,2.8241
1.177978515625,2.8242000000000003
1.50421142578125,2.8243000000000005
1.06048583984375,2.8244000000000002
1.24908447265625,2.8245000000000005
0.96466064453125,2.8246
1.26800537109375,2.8247000000000004
1.39373779296875,2.8248
0.767822265625,2.8249000000000004
1.31317138671875,2.825
1.197509765625,2.8251000000000004
1.03607177734375,2.8252
1.1920166015625,2.8253000000000004
1.07879638671875,2.8254
1.37054443359375,2.8255000000000003
1.54937744140625,2.8256
1.2396240234375,2.8257000000000003
1.21490478515625,2.8258000000000005
1.63055419921875,2.8259000000000003
1.4959716796875,2.8260000000000005
1.25274658203125,2.8261000000000003
1.23321533203125,2.8262000000000005
1.34674072265625,2.8263000000000003
1.246337890625,2.8264000000000005
0.8697509765625,2.8265000000000002
0.88623046875,2.8266000000000004
1.2225341796875,2.8267
1.85089111328125,2.8268000000000004
1.461181640625,2.8269
1.1279296875,2.8270000000000004
1.453857421875,2.8271
1.181640625,2.8272000000000004
1.1236572265625,2.8273
1.42822265625,2.8274000000000004
1.5155029296875,2.8275
1.34307861328125,2.8276000000000003
1.19232177734375,2.8277
0.95916748046875,2.8278000000000003
1.14013671875,2.8279000000000005
1.36474609375,2.8280000000000003
1.3397216796875,2.8281000000000005
1.4093017578125,2.8282000000000003
1.11846923828125,2.8283000000000005
1.0333251953125,2.8284000000000002
1.44683837890625,2.8285000000000005
1.3555908203125,2.8286000000000002
1.4276123046875,2.8287000000000004
1.76849365234375,2.8288
1.2060546875,2.8289000000000004
0.867919921875,2.829
0.96435546875,2.8291000000000004
1.4605712890625,2.8292
1.15570068359375,2.8293000000000004
1.27471923828125,2.8294
1.629638671875,2.8295000000000003
1.1260986328125,2.8296
1.1407470703125,2.8297000000000003
1.02569580078125,2.8298000000000005
1.30279541015625,2.8299000000000003
1.78863525390625,2.8300000000000005
1.0272216796875,2.8301000000000003
1.11297607421875,2.8302000000000005
1.19903564453125,2.8303000000000003
1.368408203125,2.8304000000000005
1.5972900390625,2.8305000000000002
1.17095947265625,2.8306000000000004
1.378173828125,2.8307
1.51275634765625,2.8308000000000004
1.2701416015625,2.8309
1.14471435546875,2.8310000000000004
1.524658203125,2.8311
1.73004150390625,2.8312000000000004
1.52740478515625,2.8313
1.15997314453125,2.8314000000000004
1.20330810546875,2.8315
1.13739013671875,2.8316000000000003
1.41265869140625,2.8317
1.10321044921875,2.8318000000000003
1.719970703125,2.8319000000000005
1.64825439453125,2.8320000000000003
1.4263916015625,2.8321000000000005
1.2994384765625,2.8322000000000003
0.95733642578125,2.8323000000000005
1.53900146484375,2.8324000000000003
1.66839599609375,2.8325000000000005
1.44805908203125,2.8326000000000002
1.485595703125,2.8327000000000004
1.31072998046875,2.8328
1.56219482421875,2.8329000000000004
1.14990234375,2.833
1.16668701171875,2.8331000000000004
1.7718505859375,2.8332
1.71112060546875,2.8333000000000004
1.6192626953125,2.8334
1.2109375,2.8335000000000004
1.6961669921875,2.8336
1.3836669921875,2.8337000000000003
1.52435302734375,2.8338000000000005
1.63238525390625,2.8339000000000003
1.32598876953125,2.8340000000000005
1.5899658203125,2.8341000000000003
1.08062744140625,2.8342000000000005
1.35162353515625,2.8343000000000003
1.70379638671875,2.8344000000000005
1.3677978515625,2.8345000000000002
1.75201416015625,2.8346000000000005
1.28448486328125,2.8347
1.607666015625,2.8348000000000004
1.590576171875,2.8349
1.572265625,2.8350000000000004
1.884765625,2.8351
1.67083740234375,2.8352000000000004
1.71234130859375,2.8353
1.51947021484375,2.8354000000000004
1.58935546875,2.8355
1.7388916015625,2.8356000000000003
1.7193603515625,2.8357
1.90765380859375,2.8358000000000003
1.356201171875,2.8359000000000005
1.680908203125,2.8360000000000003
1.57623291015625,2.8361000000000005
1.5936279296875,2.8362000000000003
1.89300537109375,2.8363000000000005
1.41571044921875,2.8364000000000003
1.93817138671875,2.8365000000000005
1.42730712890625,2.8366000000000002
1.22589111328125,2.8367000000000004
1.42791748046875,2.8368
2.03826904296875,2.8369000000000004
1.91009521484375,2.837
1.5924072265625,2.8371000000000004
1.77001953125,2.8372
1.4996337890625,2.8373000000000004
1.71630859375,2.8374
1.4959716796875,2.8375000000000004
1.7620849609375,2.8376
1.94793701171875,2.8377000000000003
1.75994873046875,2.8378
1.39495849609375,2.8379000000000003
1.49322509765625,2.8380000000000005
1.42547607421875,2.8381000000000003
1.64825439453125,2.8382000000000005
1.8194580078125,2.8383000000000003
1.15966796875,2.8384000000000005
1.5631103515625,2.8385000000000002
1.71173095703125,2.8386000000000005
1.6485595703125,2.8387000000000002
1.80084228515625,2.8388000000000004
1.99676513671875,2.8389
1.60888671875,2.8390000000000004
1.23992919921875,2.8391
1.16180419921875,2.8392000000000004
1.86248779296875,2.8393
1.66107177734375,2.8394000000000004
1.58935546875,2.8395
1.76177978515625,2.8396000000000003
1.40838623046875,2.8397
1.67205810546875,2.8398000000000003
1.3494873046875,2.8399000000000005
1.56951904296875,2.8400000000000003
2.005615234375,2.8401000000000005
1.50726318359375,2.8402000000000003
1.416015625,2.8403000000000005
1.37420654296875,2.8404000000000003
1.754150390625,2.8405000000000005
1.9342041015625,2.8406000000000002
1.6058349609375,2.8407000000000004
1.52496337890625,2.8408
1.24603271484375,2.8409000000000004
1.533203125,2.841
1.49810791015625,2.8411000000000004
1.79779052734375,2.8412
1.82769775390625,2.8413000000000004
1.3323974609375,2.8414
1.1248779296875,2.8415000000000004
1.29608154296875,2.8416
1.3861083984375,2.8417000000000003
1.689453125,2.8418
2.03521728515625,2.8419000000000003
1.806640625,2.8420000000000005
1.53106689453125,2.8421000000000003
1.47247314453125,2.8422000000000005
1.370849609375,2.8423000000000003
1.383056640625,2.8424000000000005
1.8109130859375,2.8425000000000002
1.58905029296875,2.8426000000000005
1.41510009765625,2.8427000000000002
1.35162353515625,2.8428000000000004
1.45843505859375,2.8429
1.761474609375,2.8430000000000004
1.494140625,2.8431
1.79718017578125,2.8432000000000004
1.61773681640625,2.8433
1.51641845703125,2.8434000000000004
1.42333984375,2.8435
1.20849609375,2.8436000000000003
1.82220458984375,2.8437
1.4111328125,2.8438000000000003
1.43798828125,2.8439000000000005
1.5966796875,2.8440000000000003
1.31072998046875,2.8441000000000005
1.65771484375,2.8442000000000003
1.1761474609375,2.8443000000000005
1.3800048828125,2.8444000000000003
1.80419921875,2.8445000000000005
1.3848876953125,2.8446000000000002
1.529541015625,2.8447000000000005
1.48834228515625,2.8448
1.52679443359375,2.8449000000000004
1.6741943359375,2.845
1.14288330078125,2.8451000000000004
1.795654296875,2.8452
1.3629150390625,2.8453000000000004
1.76055908203125,2.8454
1.25457763671875,2.8455000000000004
1.5631103515625,2.8456
1.74774169921875,2.8457000000000003
0.82550048828125,2.8458
1.5765380859375,2.8459000000000003
1.47247314453125,2.8460000000000005
1.4422607421875,2.8461000000000003
1.7047119140625,2.8462000000000005
1.685791015625,2.8463000000000003
1.63421630859375,2.8464000000000005
1.54510498046875,2.8465000000000003
1.48162841796875,2.8466000000000005
0.97137451171875,2.8467000000000002
1.67938232421875,2.8468000000000004
1.583251953125,2.8469
1.51092529296875,2.8470000000000004
1.65496826171875,2.8471
1.18438720703125,2.8472000000000004
1.20361328125,2.8473
1.47796630859375,2.8474000000000004
1.00677490234375,2.8475
1.65924072265625,2.8476000000000004
1.7205810546875,2.8477
1.4764404296875,2.8478000000000003
1.4898681640625,2.8479000000000005
1.4739990234375,2.8480000000000003
1.78863525390625,2.8481000000000005
1.4459228515625,2.8482000000000003
1.3629150390625,2.8483000000000005
1.1163330078125,2.8484000000000003
1.26373291015625,2.8485000000000005
1.6497802734375,2.8486000000000002
1.295166015625,2.8487000000000005
1.57501220703125,2.8488
1.422119140625,2.8489000000000004
1.1224365234375,2.849
1.18438720703125,2.8491000000000004
1.2030029296875,2.8492
1.3238525390625,2.8493000000000004
1.7779541015625,2.8494
1.20849609375,2.8495000000000004
1.192626953125,2.8496
1.47369384765625,2.8497000000000003
1.31134033203125,2.8498
1.29180908203125,2.8499000000000003
1.7059326171875,2.85
1.38763427734375,2.8501000000000003
1.36138916015625,2.8502
1.09954833984375,2.8503000000000003
0.91766357421875,2.8504
1.13739013671875,2.8505000000000003
1.796875,2.8506
1.59637451171875,2.8507000000000002
1.43829345703125,2.8508
1.458740234375,2.8509
1.35772705078125,2.851
1.14044189453125,2.8511
1.50299072265625,2.8512
1.9329833984375,2.8513
1.6357421875,2.8514
1.55059814453125,2.8515
0.71258544921875,2.8516
1.251220703125,2.8517
1.38580322265625,2.8518
1.08001708984375,2.8519
1.63665771484375,2.852
1.6168212890625,2.8521
1.5594482421875,2.8522000000000003
1.2286376953125,2.8523
1.373291015625,2.8524000000000003
1.34429931640625,2.8525
1.67205810546875,2.8526000000000002
1.28692626953125,2.8527
1.16424560546875,2.8528000000000002
1.48895263671875,2.8529
1.42791748046875,2.853
1.18133544921875,2.8531
1.0675048828125,2.8532
1.5008544921875,2.8533
1.28631591796875,2.8534
1.62811279296875,2.8535
1.08551025390625,2.8536
1.558837890625,2.8537
1.72454833984375,2.8538
1.44866943359375,2.8539
1.248779296875,2.854
1.3739013671875,2.8541000000000003
1.448974609375,2.8542
1.295166015625,2.8543000000000003
1.14776611328125,2.8544
1.21429443359375,2.8545000000000003
1.6741943359375,2.8546
1.44195556640625,2.8547000000000002
1.17828369140625,2.8548
1.01318359375,2.8549
1.46820068359375,2.855
1.25244140625,2.8551
1.0870361328125,2.8552
1.4801025390625,2.8553
1.43646240234375,2.8554
1.50360107421875,2.8555
0.87066650390625,2.8556
1.58905029296875,2.8557
1.57135009765625,2.8558
1.47796630859375,2.8559
1.3848876953125,2.856
1.30218505859375,2.8561
1.50604248046875,2.8562000000000003
1.07086181640625,2.8563
1.4752197265625,2.8564000000000003
1.4569091796875,2.8565
1.58111572265625,2.8566000000000003
1.650390625,2.8567
0.81390380859375,2.8568000000000002
1.17828369140625,2.8569
1.2640380859375,2.857
1.4453125,2.8571
1.71722412109375,2.8572
1.239013671875,2.8573
1.52130126953125,2.8574
1.143798828125,2.8575
1.07086181640625,2.8576
1.2762451171875,2.8577
1.466064453125,2.8578
1.56463623046875,2.8579
1.38763427734375,2.858
1.051025390625,2.8581000000000003
1.3079833984375,2.8582
1.2451171875,2.8583000000000003
1.39007568359375,2.8584
1.204833984375,2.8585000000000003
1.607666015625,2.8586
1.44134521484375,2.8587000000000002
1.30615234375,2.8588
1.3836669921875,2.8589
1.21337890625,2.859
1.55670166015625,2.8591
1.21856689453125,2.8592
1.0101318359375,2.8593
1.18255615234375,2.8594
1.2164306640625,2.8595
1.20147705078125,2.8596
1.036376953125,2.8597
1.57135009765625,2.8598
1.33148193359375,2.8599
1.2249755859375,2.86
1.17828369140625,2.8601
1.082763671875,2.8602000000000003
1.2017822265625,2.8603
1.36993408203125,2.8604000000000003
1.1199951171875,2.8605
1.3885498046875,2.8606000000000003
1.27288818359375,2.8607
1.13525390625,2.8608000000000002
1.239013671875,2.8609
1.09832763671875,2.861
1.63330078125,2.8611
0.90301513671875,2.8612
1.36138916015625,2.8613
1.20208740234375,2.8614
1.3165283203125,2.8615
1.5167236328125,2.8616
0.9814453125,2.8617
1.4422607421875,2.8618
1.18133544921875,2.8619
1.16943359375,2.862
1.263427734375,2.8621000000000003
1.49749755859375,2.8622
1.7401123046875,2.8623000000000003
1.2939453125,2.8624
1.1700439453125,2.8625000000000003
1.04949951171875,2.8626
1.17156982421875,2.8627000000000002
1.182861328125,2.8628
1.40472412109375,2.8629000000000002
1.47979736328125,2.863
1.41815185546875,2.8631
1.011962890625,2.8632
0.94512939453125,2.8633
1.0980224609375,2.8634
1.44561767578125,2.8635
1.48223876953125,2.8636
1.3751220703125,2.8637
1.4605712890625,2.8638
1.2591552734375,2.8639
1.317138671875,2.864
1.0308837890625,2.8641
1.54876708984375,2.8642000000000003
1.58172607421875,2.8643
1.31561279296875,2.8644000000000003
1.156005859375,2.8645
1.27105712890625,2.8646000000000003
1.4483642578125,2.8647
1.2890625,2.8648000000000002
1.322021484375,2.8649
1.10565185546875,2.865
1.37451171875,2.8651
1.1688232421875,2.8652
1.24542236328125,2.8653
1.54449462890625,2.8654
1.59393310546875,2.8655
1.45538330078125,2.8656
1.27197265625,2.8657
1.50634765625,2.8658
1.3897705078125,2.8659
1.35711669921875,2.866
1.37481689453125,2.8661
1.16729736328125,2.8662
1.40045166015625,2.8663000000000003
0.924072265625,2.8664
1.48284912109375,2.8665000000000003
1.5203857421875,2.8666
1.58721923828125,2.8667000000000002
1.5716552734375,2.8668
1.224365234375,2.8669000000000002
1.4453125,2.867
1.27532958984375,2.8671
1.98486328125,2.8672
1.8157958984375,2.8673
1.50115966796875,2.8674
1.52862548828125,2.8675
0.9942626953125,2.8676
1.15814208984375,2.8677
1.32110595703125,2.8678
1.53533935546875,2.8679
1.722412109375,2.868
1.28875732421875,2.8681
1.29638671875,2.8682000000000003
1.5155029296875,2.8683
1.6314697265625,2.8684000000000003
1.76666259765625,2.8685
1.6259765625,2.8686000000000003
1.4373779296875,2.8687
1.2677001953125,2.8688000000000002
1.66290283203125,2.8689
1.5863037109375,2.869
1.20269775390625,2.8691
1.646728515625,2.8692
1.1370849609375,2.8693
1.18133544921875,2.8694
1.31195068359375,2.8695
1.63299560546875,2.8696
1.7010498046875,2.8697
1.49749755859375,2.8698
1.52252197265625,2.8699
1.09649658203125,2.87
1.45782470703125,2.8701
1.72271728515625,2.8702
1.6064453125,2.8703000000000003
1.8121337890625,2.8704
0.93536376953125,2.8705000000000003
1.42181396484375,2.8706
1.278076171875,2.8707000000000003
1.4404296875,2.8708
1.8280029296875,2.8709000000000002
1.2744140625,2.871
1.49078369140625,2.8711
1.4154052734375,2.8712
1.1029052734375,2.8713
1.708984375,2.8714
1.78436279296875,2.8715
1.80328369140625,2.8716
1.51336669921875,2.8717
1.24053955078125,2.8718
1.38641357421875,2.8719
1.46759033203125,2.872
1.54937744140625,2.8721
1.33636474609375,2.8722000000000003
1.8218994140625,2.8723
1.697998046875,2.8724000000000003
1.24725341796875,2.8725
1.54022216796875,2.8726000000000003
1.48101806640625,2.8727
1.7529296875,2.8728000000000002
1.4739990234375,2.8729
1.6217041015625,2.873
1.65283203125,2.8731
1.6217041015625,2.8732
1.7510986328125,2.8733
1.15081787109375,2.8734
1.9403076171875,2.8735
1.5704345703125,2.8736
1.36199951171875,2.8737
1.55853271484375,2.8738
1.41265869140625,2.8739
1.61834716796875,2.874
1.561279296875,2.8741
1.42059326171875,2.8742
1.76422119140625,2.8743000000000003
1.728515625,2.8744
1.48345947265625,2.8745000000000003
1.41021728515625,2.8746
1.94091796875,2.8747000000000003
1.74957275390625,2.8748
1.70166015625,2.8749000000000002
1.73858642578125,2.875
1.202392578125,2.8751
1.4544677734375,2.8752
1.611328125,2.8753
1.41387939453125,2.8754
1.92047119140625,2.8755
1.74468994140625,2.8756
1.39739990234375,2.8757
1.4154052734375,2.8758000000000004
1.67999267578125,2.8759
1.63330078125,2.8760000000000003
2.02484130859375,2.8761
1.9921875,2.8762000000000003
1.71051025390625,2.8763
1.9342041015625,2.8764000000000003
1.3665771484375,2.8765
1.56768798828125,2.8766000000000003
1.92352294921875,2.8767
1.81060791015625,2.8768000000000002
1.5386962890625,2.8769
1.3446044921875,2.8770000000000002
1.4385986328125,2.8771
1.419677734375,2.8772
2.22320556640625,2.8773
1.88201904296875,2.8774
1.88690185546875,2.8775
1.91741943359375,2.8776
1.4434814453125,2.8777
1.4569091796875,2.8778
1.75750732421875,2.8779000000000003
1.83074951171875,2.878
1.6998291015625,2.8781000000000003
1.552734375,2.8782
1.160888671875,2.8783000000000003
1.480712890625,2.8784
2.0263671875,2.8785000000000003
1.622314453125,2.8786
1.9281005859375,2.8787000000000003
1.63543701171875,2.8788
1.50390625,2.8789000000000002
1.85943603515625,2.879
1.57623291015625,2.8791
1.88262939453125,2.8792
1.35345458984375,2.8793
1.45721435546875,2.8794
1.18255615234375,2.8795
1.36505126953125,2.8796
2.1002197265625,2.8797
1.70257568359375,2.8798000000000004
1.63726806640625,2.8799
1.5545654296875,2.8800000000000003
1.07269287109375,2.8801
1.59423828125,2.8802000000000003
1.2957763671875,2.8803
1.690673828125,2.8804000000000003
1.8988037109375,2.8805
1.11297607421875,2.8806000000000003
1.40899658203125,2.8807
1.2005615234375,2.8808000000000002
1.72882080078125,2.8809
1.8963623046875,2.8810000000000002
1.82159423828125,2.8811
1.57440185546875,2.8812
1.3568115234375,2.8813
1.435546875,2.8814
1.33331298828125,2.8815
1.91131591796875,2.8816
1.806640625,2.8817
1.513671875,2.8818
1.3189697265625,2.8819000000000004
1.285400390625,2.882
1.78741455078125,2.8821000000000003
1.4678955078125,2.8822
1.47369384765625,2.8823000000000003
1.78741455078125,2.8824
1.5167236328125,2.8825000000000003
1.3250732421875,2.8826
1.5740966796875,2.8827000000000003
1.37451171875,2.8828
1.673583984375,2.8829000000000002
1.48345947265625,2.883
1.5655517578125,2.8831
1.39617919921875,2.8832
1.6265869140625,2.8833
1.69036865234375,2.8834
1.04827880859375,2.8835
1.82342529296875,2.8836
1.42669677734375,2.8837
1.54327392578125,2.8838000000000004
1.55426025390625,2.8839
1.43463134765625,2.8840000000000003
1.7913818359375,2.8841
1.34002685546875,2.8842000000000003
1.59881591796875,2.8843
1.505126953125,2.8844000000000003
1.59637451171875,2.8845
1.556396484375,2.8846000000000003
1.605224609375,2.8847
1.84906005859375,2.8848000000000003
1.80419921875,2.8849
1.73614501953125,2.8850000000000002
1.6314697265625,2.8851
1.12823486328125,2.8852
1.51641845703125,2.8853
1.6119384765625,2.8854
1.47552490234375,2.8855
1.73858642578125,2.8856
1.746826171875,2.8857
1.529541015625,2.8858
1.39373779296875,2.8859000000000004
1.54937744140625,2.886
1.59942626953125,2.8861000000000003
2.16461181640625,2.8862
1.89239501953125,2.8863000000000003
1.669921875,2.8864
1.63055419921875,2.8865000000000003
1.182861328125,2.8866
1.357421875,2.8867000000000003
1.7657470703125,2.8868
1.62506103515625,2.8869000000000002
1.512451171875,2.887
1.52801513671875,2.8871
1.34429931640625,2.8872
1.30950927734375,2.8873
2.05902099609375,2.8874
1.544189453125,2.8875
1.8341064453125,2.8876
1.66259765625,2.8877
1.38427734375,2.8878
1.58782958984375,2.8879
1.5716552734375,2.8880000000000003
1.678466796875,2.8881
1.53778076171875,2.8882000000000003
1.51580810546875,2.8883
1.26708984375,2.8884000000000003
1.29150390625,2.8885
1.81976318359375,2.8886000000000003
1.3336181640625,2.8887
1.959228515625,2.8888000000000003
1.0699462890625,2.8889
1.59271240234375,2.8890000000000002
1.79351806640625,2.8891
1.40228271484375,2.8892
1.79046630859375,2.8893
1.859130859375,2.8894
1.64642333984375,2.8895
1.12518310546875,2.8896
1.0504150390625,2.8897
1.824951171875,2.8898
1.68548583984375,2.8899000000000004
1.5826416015625,2.89
1.4483642578125,2.8901000000000003
1.18255615234375,2.8902
1.624755859375,2.8903000000000003
1.1492919921875,2.8904
1.62811279296875,2.8905000000000003
1.76971435546875,2.8906
1.65008544921875,2.8907000000000003
1.68975830078125,2.8908
1.2158203125,2.8909000000000002
1.6326904296875,2.891
1.4654541015625,2.8911000000000002
1.86676025390625,2.8912
1.64306640625,2.8913
1.40472412109375,2.8914
1.62689208984375,2.8915
1.08673095703125,2.8916
1.636962890625,2.8917
1.52099609375,2.8918
1.54296875,2.8919
1.78070068359375,2.8920000000000003
1.62200927734375,2.8921
1.35833740234375,2.8922000000000003
1.412353515625,2.8923
1.77459716796875,2.8924000000000003
1.539306640625,2.8925
1.741943359375,2.8926000000000003
1.93511962890625,2.8927
1.544189453125,2.8928000000000003
1.50909423828125,2.8929
1.43096923828125,2.8930000000000002
1.42791748046875,2.8931
1.82220458984375,2.8932
1.39739990234375,2.8933
1.417236328125,2.8934
1.6131591796875,2.8935
1.4788818359375,2.8936
1.4898681640625,2.8937
1.5264892578125,2.8938
1.8438720703125,2.8939000000000004
1.73553466796875,2.894
1.56341552734375,2.8941000000000003
1.7449951171875,2.8942
1.378173828125,2.8943000000000003
1.8115234375,2.8944
1.6632080078125,2.8945000000000003
1.1492919921875,2.8946
1.32232666015625,2.8947000000000003
1.40228271484375,2.8948
1.56494140625,2.8949000000000003
1.568603515625,2.895
1.69281005859375,2.8951000000000002
1.65283203125,2.8952
1.689453125,2.8953
1.36322021484375,2.8954
1.65008544921875,2.8955
2.10418701171875,2.8956
1.67388916015625,2.8957
1.5234375,2.8958
1.5142822265625,2.8959
1.3824462890625,2.8960000000000004
1.34124755859375,2.8961
1.2982177734375,2.8962000000000003
1.60125732421875,2.8963
1.98944091796875,2.8964000000000003
1.82464599609375,2.8965
1.0845947265625,2.8966000000000003
1.35223388671875,2.8967
2.076416015625,2.8968000000000003
1.68701171875,2.8969
1.68975830078125,2.8970000000000002
1.97509765625,2.8971
1.41998291015625,2.8972
1.4984130859375,2.8973
1.2744140625,2.8974
1.69708251953125,2.8975
2.0111083984375,2.8976
1.88507080078125,2.8977
1.494140625,2.8978
1.2799072265625,2.8979000000000004
1.69769287109375,2.898
1.45477294921875,2.8981000000000003
1.947021484375,2.8982
1.49200439453125,2.8983000000000003
1.93939208984375,2.8984
1.8048095703125,2.8985000000000003
1.50360107421875,2.8986
1.48956298828125,2.8987000000000003
1.6424560546875,2.8988
2.06146240234375,2.8989000000000003
1.29150390625,2.899
1.60980224609375,2.8991000000000002
1.58203125,2.8992
1.4739990234375,2.8993
1.865234375,2.8994
1.29150390625,2.8995
1.72454833984375,2.8996
1.56005859375,2.8997
1.2530517578125,2.8998
1.63360595703125,2.8999
1.680908203125,2.9000000000000004
1.87591552734375,2.9001000000000006
1.407470703125,2.9002000000000003
1.455078125,2.9003000000000005
1.617431640625,2.9004000000000003
1.60064697265625,2.9005000000000005
1.90887451171875,2.9006000000000003
1.6424560546875,2.9007000000000005
1.37939453125,2.9008000000000003
1.46820068359375,2.9009000000000005
1.075439453125,2.9010000000000002
1.78680419921875,2.9011000000000005
1.8292236328125,2.9012000000000002
1.75811767578125,2.9013000000000004
1.754150390625,2.9014
1.13067626953125,2.9015000000000004
1.8170166015625,2.9016
1.82586669921875,2.9017000000000004
2.01904296875,2.9018
1.69219970703125,2.9019000000000004
1.77825927734375,2.902
1.66839599609375,2.9021000000000003
1.5606689453125,2.9022000000000006
1.6900634765625,2.9023000000000003
1.1572265625,2.9024000000000005
2.20367431640625,2.9025000000000003
1.66748046875,2.9026000000000005
1.47674560546875,2.9027000000000003
1.62567138671875,2.9028000000000005
1.878662109375,2.9029000000000003
2.01263427734375,2.9030000000000005
1.531982421875,2.9031000000000002
1.52679443359375,2.9032000000000004
1.76239013671875,2.9033
1.558837890625,2.9034000000000004
1.6546630859375,2.9035
1.93634033203125,2.9036000000000004
1.8463134765625,2.9037
1.4862060546875,2.9038000000000004
1.461181640625,2.9039
1.77490234375,2.9040000000000004
1.86981201171875,2.9041000000000006
1.9915771484375,2.9042000000000003
2.10723876953125,2.9043000000000005
1.46392822265625,2.9044000000000003
1.85577392578125,2.9045000000000005
1.717529296875,2.9046000000000003
1.8072509765625,2.9047000000000005
1.961669921875,2.9048000000000003
1.7822265625,2.9049000000000005
1.7889404296875,2.9050000000000002
1.63726806640625,2.9051000000000005
1.763916015625,2.9052000000000002
1.87408447265625,2.9053000000000004
1.9671630859375,2.9054
1.87255859375,2.9055000000000004
1.5496826171875,2.9056
1.77642822265625,2.9057000000000004
1.7242431640625,2.9058
1.84051513671875,2.9059000000000004
1.90216064453125,2.906
1.79351806640625,2.9061000000000003
1.85577392578125,2.9062000000000006
1.74163818359375,2.9063000000000003
1.49566650390625,2.9064000000000005
1.99188232421875,2.9065000000000003
1.9921875,2.9066000000000005
1.6748046875,2.9067000000000003
1.91864013671875,2.9068000000000005
2.088623046875,2.9069000000000003
1.87469482421875,2.9070000000000005
2.052001953125,2.9071000000000002
1.81976318359375,2.9072000000000005
1.741943359375,2.9073
1.8756103515625,2.9074000000000004
1.73065185546875,2.9075
1.8231201171875,2.9076000000000004
2.23175048828125,2.9077
1.7437744140625,2.9078000000000004
1.68701171875,2.9079
1.71722412109375,2.9080000000000004
1.86920166015625,2.9081000000000006
1.65130615234375,2.9082000000000003
2.09808349609375,2.9083000000000006
1.95587158203125,2.9084000000000003
1.86859130859375,2.9085000000000005
2.10052490234375,2.9086000000000003
1.62628173828125,2.9087000000000005
1.88568115234375,2.9088000000000003
2.11212158203125,2.9089000000000005
1.92626953125,2.9090000000000003
1.6851806640625,2.9091000000000005
1.76483154296875,2.9092000000000002
1.57318115234375,2.9093000000000004
1.6375732421875,2.9094
1.92779541015625,2.9095000000000004
1.50665283203125,2.9096
2.061767578125,2.9097000000000004
1.57623291015625,2.9098
1.7730712890625,2.9099000000000004
2.2314453125,2.91
1.7254638671875,2.9101000000000004
2.0916748046875,2.9102000000000006
1.6510009765625,2.9103000000000003
1.75933837890625,2.9104000000000005
1.70989990234375,2.9105000000000003
1.964111328125,2.9106000000000005
1.7962646484375,2.9107000000000003
1.72576904296875,2.9108000000000005
1.942138671875,2.9109000000000003
1.5203857421875,2.9110000000000005
1.591796875,2.9111000000000002
2.27020263671875,2.9112000000000005
1.89361572265625,2.9113
2.00347900390625,2.9114000000000004
1.768798828125,2.9115
1.35162353515625,2.9116000000000004
2.0166015625,2.9117
1.715087890625,2.9118000000000004
2.21038818359375,2.9119
2.0330810546875,2.9120000000000004
2.0318603515625,2.9121000000000006
1.60400390625,2.9122000000000003
1.593017578125,2.9123000000000006
1.7535400390625,2.9124000000000003
1.58935546875,2.9125000000000005
2.02392578125,2.9126000000000003
1.4019775390625,2.9127000000000005
1.4947509765625,2.9128000000000003
2.09747314453125,2.9129000000000005
1.75689697265625,2.9130000000000003
2.19146728515625,2.9131000000000005
1.8121337890625,2.9132000000000002
1.87835693359375,2.9133000000000004
1.82403564453125,2.9134
1.854248046875,2.9135000000000004
2.0660400390625,2.9136
1.8280029296875,2.9137000000000004
2.2113037109375,2.9138
1.21337890625,2.9139000000000004
1.57958984375,2.914
2.1575927734375,2.9141000000000004
1.35284423828125,2.9142000000000006
2.0745849609375,2.9143000000000003
1.7608642578125,2.9144000000000005
1.8902587890625,2.9145000000000003
1.5966796875,2.9146000000000005
1.76177978515625,2.9147000000000003
2.0928955078125,2.9148000000000005
1.84539794921875,2.9149000000000003
1.91192626953125,2.9150000000000005
1.5936279296875,2.9151000000000002
1.3519287109375,2.9152000000000005
2.16644287109375,2.9153000000000002
1.9207763671875,2.9154000000000004
2.05352783203125,2.9155
1.76116943359375,2.9156000000000004
1.53594970703125,2.9157
1.658935546875,2.9158000000000004
1.6986083984375,2.9159
2.3236083984375,2.9160000000000004
2.28546142578125,2.9161
1.46728515625,2.9162000000000003
1.787109375,2.9163000000000006
1.51763916015625,2.9164000000000003
1.95281982421875,2.9165000000000005
2.04315185546875,2.9166000000000003
1.91497802734375,2.9167000000000005
1.98944091796875,2.9168000000000003
1.76513671875,2.9169000000000005
1.846923828125,2.9170000000000003
1.66717529296875,2.9171000000000005
2.16217041015625,2.9172000000000002
2.0391845703125,2.9173000000000004
1.91162109375,2.9174
1.651611328125,2.9175000000000004
1.70623779296875,2.9176
2.17071533203125,2.9177000000000004
2.07366943359375,2.9178
1.61834716796875,2.9179000000000004
1.90185546875,2.918
1.663818359375,2.9181000000000004
1.81976318359375,2.9182000000000006
2.0404052734375,2.9183000000000003
2.10784912109375,2.9184000000000005
2.0050048828125,2.9185000000000003
1.70654296875,2.9186000000000005
1.85943603515625,2.9187000000000003
1.48681640625,2.9188000000000005
2.2039794921875,2.9189000000000003
2.2088623046875,2.9190000000000005
1.8499755859375,2.9191000000000003
1.77398681640625,2.9192000000000005
1.23443603515625,2.9193000000000002
1.64581298828125,2.9194000000000004
1.8157958984375,2.9195
1.71112060546875,2.9196000000000004
2.03765869140625,2.9197
1.8389892578125,2.9198000000000004
1.47491455078125,2.9199
1.19598388671875,2.9200000000000004
1.912841796875,2.9201
2.0465087890625,2.9202000000000004
1.9189453125,2.9203000000000006
2.080078125,2.9204000000000003
1.50421142578125,2.9205000000000005
1.69769287109375,2.9206000000000003
1.5423583984375,2.9207000000000005
1.69677734375,2.9208000000000003
1.97967529296875,2.9209000000000005
1.990966796875,2.9210000000000003
1.43463134765625,2.9211000000000005
1.51641845703125,2.9212000000000002
1.8072509765625,2.9213000000000005
1.572265625,2.9214
2.11517333984375,2.9215000000000004
1.51702880859375,2.9216
1.86248779296875,2.9217000000000004
2.08404541015625,2.9218
1.651611328125,2.9219000000000004
1.79840087890625,2.922
2.03125,2.9221000000000004
1.85211181640625,2.9222000000000006
1.42608642578125,2.9223000000000003
1.5087890625,2.9224000000000006
1.28631591796875,2.9225000000000003
1.73828125,2.9226000000000005
1.95465087890625,2.9227000000000003
1.63330078125,2.9228000000000005
1.4593505859375,2.9229000000000003
1.88262939453125,2.9230000000000005
1.50543212890625,2.9231000000000003
1.8096923828125,2.9232000000000005
2.04345703125,2.9233000000000002
1.6253662109375,2.9234000000000004
1.767578125,2.9235
1.32232666015625,2.9236000000000004
1.5655517578125,2.9237
1.72149658203125,2.9238000000000004
1.93878173828125,2.9239
1.49139404296875,2.9240000000000004
1.4483642578125,2.9241
1.69464111328125,2.9242000000000004
1.20452880859375,2.9243000000000006
2.03155517578125,2.9244000000000003
1.52435302734375,2.9245000000000005
1.849365234375,2.9246000000000003
1.8402099609375,2.9247000000000005
1.51123046875,2.9248000000000003
1.522216796875,2.9249000000000005
1.4886474609375,2.9250000000000003
2.00714111328125,2.9251000000000005
1.58172607421875,2.9252000000000002
1.79443359375,2.9253000000000005
1.5234375,2.9254000000000002
1.48590087890625,2.9255000000000004
1.93511962890625,2.9256
1.35040283203125,2.9257000000000004
1.68701171875,2.9258000000000006
1.91680908203125,2.9259000000000004
1.25457763671875,2.9260000000000006
1.78314208984375,2.9261000000000004
1.802978515625,2.9262000000000006
1.75079345703125,2.9263000000000003
1.78192138671875,2.9264000000000006
1.5350341796875,2.9265000000000003
1.68182373046875,2.9266000000000005
1.8927001953125,2.9267000000000003
1.90582275390625,2.9268000000000005
1.5240478515625,2.9269000000000003
1.5240478515625,2.9270000000000005
1.767578125,2.9271000000000003
1.25396728515625,2.9272000000000005
1.63818359375,2.9273000000000002
1.5643310546875,2.9274000000000004
1.756591796875,2.9275
1.9329833984375,2.9276000000000004
1.44439697265625,2.9277
1.7742919921875,2.9278000000000004
1.90399169921875,2.9279000000000006
1.767578125,2.9280000000000004
1.74774169921875,2.9281000000000006
1.67083740234375,2.9282000000000004
1.65130615234375,2.9283000000000006
1.33056640625,2.9284000000000003
1.77337646484375,2.9285000000000005
1.52801513671875,2.9286000000000003
1.9287109375,2.9287000000000005
1.9189453125,2.9288000000000003
1.36627197265625,2.9289000000000005
1.40899658203125,2.9290000000000003
1.56829833984375,2.9291000000000005
1.67022705078125,2.9292000000000002
1.53350830078125,2.9293000000000005
1.3543701171875,2.9294000000000002
1.81182861328125,2.9295000000000004
1.77703857421875,2.9296
1.549072265625,2.9297000000000004
1.52130126953125,2.9298000000000006
1.81732177734375,2.9299000000000004
2.11334228515625,2.9300000000000006
1.62750244140625,2.9301000000000004
1.630859375,2.9302000000000006
1.58843994140625,2.9303000000000003
1.6815185546875,2.9304000000000006
1.6864013671875,2.9305000000000003
0.91827392578125,2.9306000000000005
1.61224365234375,2.9307000000000003
1.83013916015625,2.9308000000000005
1.45751953125,2.9309000000000003
1.54296875,2.9310000000000005
1.5093994140625,2.9311000000000003
1.87835693359375,2.9312000000000005
1.55303955078125,2.9313000000000002
1.54327392578125,2.9314000000000004
1.87591552734375,2.9315
1.82159423828125,2.9316000000000004
1.7999267578125,2.9317
1.16302490234375,2.9318000000000004
1.27197265625,2.9319000000000006
1.6644287109375,2.9320000000000004
1.673583984375,2.9321000000000006
2.032470703125,2.9322000000000004
1.9287109375,2.9323000000000006
1.900634765625,2.9324000000000003
1.5826416015625,2.9325000000000006
1.64306640625,2.9326000000000003
1.5185546875,2.9327000000000005
1.9476318359375,2.9328000000000003
1.66473388671875,2.9329000000000005
1.8365478515625,2.9330000000000003
1.6082763671875,2.9331000000000005
1.480712890625,2.9332000000000003
1.9189453125,2.9333000000000005
1.4495849609375,2.9334000000000002
1.810302734375,2.9335000000000004
2.00408935546875,2.9336
1.69952392578125,2.9337000000000004
1.5557861328125,2.9338000000000006
1.8499755859375,2.9339000000000004
2.08648681640625,2.9340000000000006
1.7706298828125,2.9341000000000004
1.66259765625,2.9342000000000006
1.3055419921875,2.9343000000000004
1.854248046875,2.9344000000000006
2.18475341796875,2.9345000000000003
1.8011474609375,2.9346000000000005
1.7572021484375,2.9347000000000003
1.81396484375,2.9348000000000005
1.5972900390625,2.9349000000000003
1.69647216796875,2.9350000000000005
1.73370361328125,2.9351000000000003
2.10845947265625,2.9352000000000005
2.1087646484375,2.9353000000000002
1.56982421875,2.9354000000000005
1.68060302734375,2.9355
1.56585693359375,2.9356000000000004
2.06085205078125,2.9357
1.73370361328125,2.9358000000000004
1.90948486328125,2.9359000000000006
1.478271484375,2.9360000000000004
1.71875,2.9361000000000006
2.02606201171875,2.9362000000000004
1.55853271484375,2.9363000000000006
2.2821044921875,2.9364000000000003
2.4237060546875,2.9365000000000006
2.191162109375,2.9366000000000003
1.6412353515625,2.9367000000000005
1.2567138671875,2.9368000000000003
2.3431396484375,2.9369000000000005
1.6015625,2.9370000000000003
2.21588134765625,2.9371000000000005
1.9000244140625,2.9372000000000003
1.982421875,2.9373000000000005
1.917724609375,2.9374000000000002
1.3671875,2.9375000000000004
2.06451416015625,2.9376
2.22076416015625,2.9377000000000004
1.9635009765625,2.9378
1.83990478515625,2.9379000000000004
1.81793212890625,2.9380000000000006
2.22625732421875,2.9381000000000004
2.04132080078125,2.9382000000000006
1.827392578125,2.9383000000000004
1.82403564453125,2.9384000000000006
2.0556640625,2.9385000000000003
1.91802978515625,2.9386000000000005
2.0306396484375,2.9387000000000003
2.21771240234375,2.9388000000000005
2.04681396484375,2.9389000000000003
1.949462890625,2.9390000000000005
1.37359619140625,2.9391000000000003
1.35589599609375,2.9392000000000005
1.85272216796875,2.9393000000000002
2.34771728515625,2.9394000000000005
2.100830078125,2.9395000000000002
2.03125,2.9396000000000004
1.6632080078125,2.9397
1.94488525390625,2.9398000000000004
1.49658203125,2.9399000000000006
2.30194091796875,2.9400000000000004
2.3211669921875,2.9401000000000006
1.9146728515625,2.9402000000000004
1.8145751953125,2.9403000000000006
1.6461181640625,2.9404000000000003
1.922607421875,2.9405000000000006
2.1844482421875,2.9406000000000003
1.93145751953125,2.9407000000000005
1.84814453125,2.9408000000000003
1.94854736328125,2.9409000000000005
2.0440673828125,2.9410000000000003
1.77276611328125,2.9411000000000005
2.01904296875,2.9412000000000003
2.38006591796875,2.9413000000000005
2.1484375,2.9414000000000002
1.70318603515625,2.9415000000000004
1.820068359375,2.9416
1.97723388671875,2.9417000000000004
2.37091064453125,2.9418
1.85791015625,2.9419000000000004
1.81243896484375,2.9420000000000006
1.812744140625,2.9421000000000004
1.71142578125,2.9422000000000006
2.17071533203125,2.9423000000000004
2.174072265625,2.9424000000000006
2.059326171875,2.9425000000000003
2.06939697265625,2.9426000000000005
1.89697265625,2.9427000000000003
1.8304443359375,2.9428000000000005
2.12005615234375,2.9429000000000003
2.80975341796875,2.9430000000000005
2.51129150390625,2.9431000000000003
2.041015625,2.9432000000000005
1.6595458984375,2.9433000000000002
1.7059326171875,2.9434000000000005
1.93389892578125,2.9435000000000002
2.13409423828125,2.9436000000000004
2.06268310546875,2.9437
1.98974609375,2.9438000000000004
1.73919677734375,2.9439000000000006
1.8585205078125,2.9440000000000004
2.29766845703125,2.9441000000000006
2.53692626953125,2.9442000000000004
2.41485595703125,2.9443000000000006
2.1484375,2.9444000000000004
2.06207275390625,2.9445000000000006
2.43804931640625,2.9446000000000003
2.1173095703125,2.9447000000000005
2.2015380859375,2.9448000000000003
2.078857421875,2.9449000000000005
2.0068359375,2.9450000000000003
1.74652099609375,2.9451000000000005
1.78955078125,2.9452000000000003
2.3907470703125,2.9453000000000005
2.15118408203125,2.9454000000000002
2.36297607421875,2.9455000000000005
2.3284912109375,2.9456
2.09075927734375,2.9457000000000004
2.31475830078125,2.9458
2.19024658203125,2.9459000000000004
2.24029541015625,2.9460000000000006
2.23388671875,2.9461000000000004
2.10723876953125,2.9462000000000006
1.77947998046875,2.9463000000000004
2.19146728515625,2.9464000000000006
2.4090576171875,2.9465000000000003
2.293701171875,2.9466000000000006
2.62847900390625,2.9467000000000003
2.0050048828125,2.9468000000000005
1.82037353515625,2.9469000000000003
2.5244140625,2.9470000000000005
1.97021484375,2.9471000000000003
2.4066162109375,2.9472000000000005
2.24090576171875,2.9473000000000003
2.33734130859375,2.9474000000000005
2.149658203125,2.9475000000000002
1.60797119140625,2.9476000000000004
2.4322509765625,2.9477
2.552490234375,2.9478000000000004
2.79632568359375,2.9479000000000006
2.1075439453125,2.9480000000000004
2.18841552734375,2.9481000000000006
2.30560302734375,2.9482000000000004
1.69403076171875,2.9483000000000006
2.28271484375,2.9484000000000004
2.276611328125,2.9485000000000006
2.24273681640625,2.9486000000000003
2.333984375,2.9487000000000005
1.9549560546875,2.9488000000000003
2.31109619140625,2.9489000000000005
2.392578125,2.9490000000000003
2.691650390625,2.9491000000000005
2.17437744140625,2.9492000000000003
2.39349365234375,2.9493000000000005
2.3138427734375,2.9494000000000002
1.82464599609375,2.9495000000000005
2.48199462890625,2.9496
2.271728515625,2.9497000000000004
2.09136962890625,2.9498
1.7852783203125,2.9499000000000004
1.67022705078125,2.95
2.09503173828125,2.9501000000000004
2.45147705078125,2.9502
2.342529296875,2.9503000000000004
2.0648193359375,2.9504
2.4334716796875,2.9505000000000003
1.9696044921875,2.9506
2.04681396484375,2.9507000000000003
2.39501953125,2.9508
2.2906494140625,2.9509000000000003
2.27142333984375,2.951
1.83013916015625,2.9511000000000003
1.59881591796875,2.9512
2.33001708984375,2.9513000000000003
2.48992919921875,2.9514
2.34100341796875,2.9515000000000002
2.4810791015625,2.9516
2.020263671875,2.9517
2.08465576171875,2.9518
2.16217041015625,2.9519
2.052001953125,2.952
2.31292724609375,2.9521
2.62664794921875,2.9522000000000004
1.94061279296875,2.9523
1.96319580078125,2.9524000000000004
2.11669921875,2.9525
2.440185546875,2.9526000000000003
2.2796630859375,2.9527
2.0379638671875,2.9528000000000003
2.1142578125,2.9529
1.94610595703125,2.9530000000000003
2.354736328125,2.9531
2.24029541015625,2.9532000000000003
2.1185302734375,2.9533
2.39013671875,2.9534000000000002
1.53076171875,2.9535
1.80694580078125,2.9536000000000002
2.01324462890625,2.9537
2.451171875,2.9538
2.59307861328125,2.9539
1.9403076171875,2.954
1.97845458984375,2.9541000000000004
1.84478759765625,2.9542
2.06085205078125,2.9543000000000004
1.8792724609375,2.9544
2.44964599609375,2.9545000000000003
2.51953125,2.9546
1.949462890625,2.9547000000000003
1.77978515625,2.9548
1.6326904296875,2.9549000000000003
2.000732421875,2.955
2.30712890625,2.9551000000000003
1.771240234375,2.9552
2.0867919921875,2.9553000000000003
2.14324951171875,2.9554
2.1185302734375,2.9555000000000002
2.04681396484375,2.9556
2.012939453125,2.9557
2.40631103515625,2.9558
2.0367431640625,2.9559
1.746826171875,2.956
1.90277099609375,2.9561
2.41943359375,2.9562000000000004
2.37091064453125,2.9563
1.8170166015625,2.9564000000000004
2.2308349609375,2.9565
2.0782470703125,2.9566000000000003
1.9976806640625,2.9567
2.23968505859375,2.9568000000000003
1.91680908203125,2.9569
2.45361328125,2.9570000000000003
1.9989013671875,2.9571
1.76605224609375,2.9572000000000003
2.1063232421875,2.9573
2.32391357421875,2.9574000000000003
2.42584228515625,2.9575
2.02484130859375,2.9576000000000002
2.25921630859375,2.9577
2.0306396484375,2.9578
2.21527099609375,2.9579
2.315673828125,2.958
1.9903564453125,2.9581000000000004
2.55584716796875,2.9582
2.21923828125,2.9583000000000004
1.60675048828125,2.9584
2.2369384765625,2.9585000000000004
1.986083984375,2.9586
2.35107421875,2.9587000000000003
2.72796630859375,2.9588
2.105712890625,2.9589000000000003
2.48626708984375,2.959
2.1417236328125,2.9591000000000003
2.46368408203125,2.9592
1.9287109375,2.9593000000000003
2.49603271484375,2.9594
2.38800048828125,2.9595000000000002
2.24578857421875,2.9596
2.17132568359375,2.9597
1.8017578125,2.9598
2.275390625,2.9599
2.14385986328125,2.96
2.2369384765625,2.9601
2.3297119140625,2.9602000000000004
2.3443603515625,2.9603
2.17010498046875,2.9604000000000004
2.16522216796875,2.9605
2.67242431640625,2.9606000000000003
2.286376953125,2.9607
2.2991943359375,2.9608000000000003
2.25433349609375,2.9609
1.86370849609375,2.9610000000000003
2.34619140625,2.9611
2.24029541015625,2.9612000000000003
2.09136962890625,2.9613
2.22442626953125,2.9614000000000003
2.13287353515625,2.9615
1.84661865234375,2.9616000000000002
2.17529296875,2.9617
2.149658203125,2.9618
2.3126220703125,2.9619
2.35748291015625,2.962
2.01629638671875,2.9621000000000004
2.093505859375,2.9622
2.569580078125,2.9623000000000004
2.4273681640625,2.9624
2.21160888671875,2.9625000000000004
2.28302001953125,2.9626
1.9769287109375,2.9627000000000003
1.80877685546875,2.9628
1.8157958984375,2.9629000000000003
1.99859619140625,2.963
2.1136474609375,2.9631000000000003
2.66510009765625,2.9632
1.59393310546875,2.9633000000000003
1.875,2.9634
1.93084716796875,2.9635000000000002
1.7822265625,2.9636
2.5927734375,2.9637000000000002
2.21343994140625,2.9638
2.13165283203125,2.9639
1.9146728515625,2.964
1.75323486328125,2.9641
1.96746826171875,2.9642000000000004
2.06939697265625,2.9643
2.54791259765625,2.9644000000000004
1.976318359375,2.9645
2.03216552734375,2.9646000000000003
1.9482421875,2.9647
1.546630859375,2.9648000000000003
2.49664306640625,2.9649
2.1697998046875,2.9650000000000003
2.17681884765625,2.9651
2.06756591796875,2.9652000000000003
2.1044921875,2.9653
2.1783447265625,2.9654000000000003
2.02789306640625,2.9655
2.40966796875,2.9656000000000002
2.02850341796875,2.9657
2.047119140625,2.9658
1.62200927734375,2.9659
1.84356689453125,2.966
2.310791015625,2.9661
1.51824951171875,2.9662
1.93023681640625,2.9663000000000004
1.8695068359375,2.9664
1.92169189453125,2.9665000000000004
2.0025634765625,2.9666
2.09014892578125,2.9667000000000003
2.26287841796875,2.9668
2.144775390625,2.9669000000000003
2.00958251953125,2.967
1.89483642578125,2.9671000000000003
1.724853515625,2.9672
2.42462158203125,2.9673000000000003
2.19482421875,2.9674
2.0318603515625,2.9675000000000002
2.12890625,2.9676
1.448974609375,2.9677000000000002
1.7767333984375,2.9678
1.8719482421875,2.9679
2.176513671875,2.968
2.413330078125,2.9681
1.87042236328125,2.9682000000000004
1.93267822265625,2.9683
1.85028076171875,2.9684000000000004
2.15911865234375,2.9685
2.17742919921875,2.9686000000000003
2.0501708984375,2.9687
2.3834228515625,2.9688000000000003
1.820068359375,2.9689
2.0147705078125,2.9690000000000003
1.81304931640625,2.9691
2.22259521484375,2.9692000000000003
2.17132568359375,2.9693
1.74468994140625,2.9694000000000003
1.53350830078125,2.9695
1.80999755859375,2.9696000000000002
2.08465576171875,2.9697
2.2021484375,2.9698
2.108154296875,2.9699
2.0025634765625,2.97
1.81304931640625,2.9701
1.839599609375,2.9702
2.13836669921875,2.9703000000000004
2.086181640625,2.9704
2.20703125,2.9705000000000004
1.89910888671875,2.9706
1.64764404296875,2.9707000000000003
1.719970703125,2.9708
2.2113037109375,2.9709000000000003
2.3828125,2.971
2.1575927734375,2.9711000000000003
1.81365966796875,2.9712
1.70318603515625,2.9713000000000003
2.2894287109375,2.9714
2.01873779296875,2.9715000000000003
1.90185546875,2.9716
2.3333740234375,2.9717000000000002
1.80389404296875,2.9718
1.744384765625,2.9719
1.5106201171875,2.972
1.866455078125,2.9721
2.2393798828125,2.9722000000000004
2.09381103515625,2.9723
1.71234130859375,2.9724000000000004
1.8731689453125,2.9725
1.9586181640625,2.9726000000000004
1.99462890625,2.9727
2.03460693359375,2.9728000000000003
1.91558837890625,2.9729
1.99249267578125,2.9730000000000003
1.85516357421875,2.9731
1.80572509765625,2.9732000000000003
2.12127685546875,2.9733
2.05291748046875,2.9734000000000003
2.39898681640625,2.9735
1.29638671875,2.9736000000000002
1.8353271484375,2.9737
1.8646240234375,2.9738
1.724853515625,2.9739
2.08160400390625,2.974
1.7608642578125,2.9741
1.67999267578125,2.9742
1.36566162109375,2.9743000000000004
1.40625,2.9744
1.7333984375,2.9745000000000004
1.78741455078125,2.9746
2.15850830078125,2.9747000000000003
1.551513671875,2.9748
1.41143798828125,2.9749000000000003
1.65496826171875,2.975
1.25579833984375,2.9751000000000003
1.619873046875,2.9752
1.64093017578125,2.9753000000000003
1.71539306640625,2.9754
1.461181640625,2.9755000000000003
1.17706298828125,2.9756
1.6998291015625,2.9757000000000002
1.3873291015625,2.9758000000000004
1.8328857421875,2.9759
1.455078125,2.9760000000000004
1.2322998046875,2.9761
1.59698486328125,2.9762000000000004
1.32293701171875,2.9763
1.6021728515625,2.9764000000000004
1.27685546875,2.9765
1.842041015625,2.9766000000000004
1.68060302734375,2.9767
1.36260986328125,2.9768000000000003
1.4617919921875,2.9769
1.03271484375,2.9770000000000003
1.873779296875,2.9771
1.2261962890625,2.9772000000000003
1.38214111328125,2.9773
1.505126953125,2.9774000000000003
1.46484375,2.9775
1.407470703125,2.9776000000000002
0.93658447265625,2.9777
1.37176513671875,2.9778000000000002
1.83135986328125,2.9779000000000004
1.55853271484375,2.978
1.0565185546875,2.9781000000000004
1.34246826171875,2.9782
1.75201416015625,2.9783000000000004
1.475830078125,2.9784
1.14013671875,2.9785000000000004
1.42608642578125,2.9786
1.42242431640625,2.9787000000000003
1.6180419921875,2.9788
1.48040771484375,2.9789000000000003
1.37603759765625,2.979
1.8609619140625,2.9791000000000003
1.583251953125,2.9792
1.05316162109375,2.9793000000000003
1.170654296875,2.9794
1.280517578125,2.9795000000000003
1.3348388671875,2.9796
1.484375,2.9797000000000002
1.40655517578125,2.9798000000000004
1.309814453125,2.9799
1.492919921875,2.9800000000000004
1.1602783203125,2.9801
1.5203857421875,2.9802000000000004
1.7523193359375,2.9803
1.619873046875,2.9804000000000004
1.43890380859375,2.9805
1.0113525390625,2.9806000000000004
1.08734130859375,2.9807
1.24420166015625,2.9808000000000003
1.318359375,2.9809
1.24542236328125,2.9810000000000003
1.62109375,2.9811
1.23809814453125,2.9812000000000003
0.98724365234375,2.9813
1.38671875,2.9814000000000003
1.52252197265625,2.9815
1.73370361328125,2.9816000000000003
1.23260498046875,2.9817
1.38092041015625,2.9818000000000002
1.25213623046875,2.9819000000000004
1.48345947265625,2.982
1.1474609375,2.9821000000000004
1.01165771484375,2.9822
1.48529052734375,2.9823000000000004
1.121826171875,2.9824
1.22528076171875,2.9825000000000004
1.4886474609375,2.9826
1.21490478515625,2.9827000000000004
1.5289306640625,2.9828
1.19720458984375,2.9829000000000003
0.80169677734375,2.983
0.9857177734375,2.9831000000000003
1.8902587890625,2.9832
1.60247802734375,2.9833000000000003
1.37664794921875,2.9834
1.41510009765625,2.9835000000000003
1.1346435546875,2.9836
0.86700439453125,2.9837000000000002
1.31988525390625,2.9838000000000005
0.99517822265625,2.9839
1.6766357421875,2.9840000000000004
1.46942138671875,2.9841
0.6646728515625,2.9842000000000004
1.3995361328125,2.9843
1.527099609375,2.9844000000000004
1.422119140625,2.9845
1.60125732421875,2.9846000000000004
1.36566162109375,2.9847
1.8023681640625,2.9848000000000003
1.3946533203125,2.9849
1.44256591796875,2.9850000000000003
1.2908935546875,2.9851
2.0892333984375,2.9852000000000003
1.578369140625,2.9853
0.90118408203125,2.9854000000000003
1.55487060546875,2.9855
1.70745849609375,2.9856000000000003
1.729736328125,2.9857
1.954345703125,2.9858000000000002
1.61346435546875,2.9859000000000004
1.97265625,2.986
1.600341796875,2.9861000000000004
1.67816162109375,2.9862
1.95068359375,2.9863000000000004
2.137451171875,2.9864
1.8408203125,2.9865000000000004
1.95770263671875,2.9866
2.13531494140625,2.9867000000000004
1.74468994140625,2.9868
2.19451904296875,2.9869000000000003
2.0379638671875,2.987
1.693115234375,2.9871000000000003
2.25738525390625,2.9872
1.9696044921875,2.9873000000000003
2.20306396484375,2.9874
2.51312255859375,2.9875000000000003
2.05535888671875,2.9876
2.5640869140625,2.9877000000000002
1.8328857421875,2.9878
2.42462158203125,2.9879000000000002
2.308349609375,2.9880000000000004
2.62176513671875,2.9881
2.6708984375,2.9882000000000004
2.46978759765625,2.9883
2.72003173828125,2.9884000000000004
2.2711181640625,2.9885
2.21954345703125,2.9886000000000004
2.3187255859375,2.9887
2.43804931640625,2.9888000000000003
2.59002685546875,2.9889
2.48504638671875,2.9890000000000003
2.43072509765625,2.9891
2.60833740234375,2.9892000000000003
2.70599365234375,2.9893
2.18109130859375,2.9894000000000003
2.75787353515625,2.9895
2.79449462890625,2.9896000000000003
2.64007568359375,2.9897
2.4017333984375,2.9898000000000002
2.40753173828125,2.9899000000000004
2.3785400390625,2.99
2.51708984375,2.9901000000000004
2.42431640625,2.9902
2.32635498046875,2.9903000000000004
2.3529052734375,2.9904
2.60986328125,2.9905000000000004
2.236328125,2.9906
2.45147705078125,2.9907000000000004
2.39227294921875,2.9908
2.5079345703125,2.9909000000000003
2.6470947265625,2.991
2.17437744140625,2.9911000000000003
2.61505126953125,2.9912
2.833251953125,2.9913000000000003
2.22259521484375,2.9914
2.5946044921875,2.9915000000000003
2.22076416015625,2.9916
2.48931884765625,2.9917000000000002
2.38189697265625,2.9918
2.42645263671875,2.9919000000000002
2.25372314453125,2.9920000000000004
2.2528076171875,2.9921
2.42584228515625,2.9922000000000004
1.982421875,2.9923
2.51007080078125,2.9924000000000004
2.4755859375,2.9925
2.677001953125,2.9926000000000004
2.491455078125,2.9927
1.96746826171875,2.9928000000000003
2.3114013671875,2.9929
1.7047119140625,2.9930000000000003
2.29827880859375,2.9931
2.36541748046875,2.9932000000000003
2.43896484375,2.9933
2.27813720703125,2.9934000000000003
1.78985595703125,2.9935
2.3309326171875,2.9936000000000003
1.964111328125,2.9937
2.40509033203125,2.9938000000000002
2.38128662109375,2.9939000000000004
1.69097900390625,2.994
2.025146484375,2.9941000000000004
1.80633544921875,2.9942
2.205810546875,2.9943000000000004
2.24639892578125,2.9944
2.0538330078125,2.9945000000000004
2.22625732421875,2.9946
2.08648681640625,2.9947000000000004
1.83685302734375,2.9948
1.8194580078125,2.9949000000000003
2.11395263671875,2.995
2.00775146484375,2.9951000000000003
1.6766357421875,2.9952
1.7437744140625,2.9953000000000003
1.78375244140625,2.9954
1.5399169921875,2.9955000000000003
2.147216796875,2.9956
2.18109130859375,2.9957000000000003
2.27783203125,2.9958
1.8011474609375,2.9959000000000002
2.03399658203125,2.9960000000000004
2.14508056640625,2.9961
2.42462158203125,2.9962000000000004
2.08740234375,2.9963
1.89697265625,2.9964000000000004
2.00286865234375,2.9965
1.8212890625,2.9966000000000004
2.10540771484375,2.9967
2.3870849609375,2.9968000000000004
2.06695556640625,2.9969
2.62176513671875,2.9970000000000003
2.03125,2.9971
2.1942138671875,2.9972000000000003
2.28179931640625,2.9973
2.2930908203125,2.9974000000000003
2.5921630859375,2.9975
2.73834228515625,2.9976000000000003
2.26654052734375,2.9977
2.27264404296875,2.9978000000000002
2.2821044921875,2.9979000000000005
2.5421142578125,2.998
2.5604248046875,2.9981000000000004
2.8857421875,2.9982
2.59429931640625,2.9983000000000004
2.63885498046875,2.9984
2.6434326171875,2.9985000000000004
2.38189697265625,2.9986
2.48443603515625,2.9987000000000004
2.61077880859375,2.9988
2.42645263671875,2.9989000000000003
2.96539306640625,2.999
2.77862548828125,2.9991000000000003
2.7655029296875,2.9992
2.82989501953125,2.9993000000000003
3.11920166015625,2.9994
3.0841064453125,2.9995000000000003
2.72186279296875,2.9996
2.73284912109375,2.9997000000000003
2.137451171875,2.9998
2.74383544921875,2.9999000000000002
