V,timestamps
-3.07159423828125,5e-05
-2.98370361328125,0.0001
-3.0316162109375,0.00015000000000000001
-3.1048583984375,0.0002
-3.2025146484375,0.00025
-3.004150390625,0.00030000000000000003
-2.98095703125,0.00035
-2.9632568359375,0.0004
-2.84210205078125,0.00045000000000000004
-3.08929443359375,0.0005
-2.95166015625,0.00055
-2.87384033203125,0.0006000000000000001
-2.67822265625,0.0006500000000000001
-2.7581787109375,0.0007
-2.89794921875,0.00075
-2.79449462890625,0.0008
-2.61627197265625,0.0008500000000000001
-2.4462890625,0.0009000000000000001
-2.40325927734375,0.00095
-2.6708984375,0.001
-2.696533203125,0.0010500000000000002
-2.61474609375,0.0011
-2.69012451171875,0.00115
-2.64404296875,0.0012000000000000001
-2.8387451171875,0.00125
-2.928466796875,0.0013000000000000002
-2.4395751953125,0.00135
-2.85308837890625,0.0014
-2.593994140625,0.0014500000000000001
-2.56011962890625,0.0015
-2.716064453125,0.0015500000000000002
-2.61993408203125,0.0016
-2.5836181640625,0.00165
-2.70843505859375,0.0017000000000000001
-2.81402587890625,0.00175
-2.37945556640625,0.0018000000000000002
-2.43896484375,0.00185
-2.79083251953125,0.0019
-2.8009033203125,0.0019500000000000001
-2.56011962890625,0.002
-2.71209716796875,0.00205
-3.0010986328125,0.0021000000000000003
-2.77679443359375,0.00215
-3.00323486328125,0.0022
-3.10150146484375,0.0022500000000000003
-2.611083984375,0.0023
-2.52166748046875,0.00235
-3.08807373046875,0.0024000000000000002
-2.88787841796875,0.00245
-2.77679443359375,0.0025
-2.96173095703125,0.00255
-2.5091552734375,0.0026000000000000003
-2.8179931640625,0.00265
-2.8289794921875,0.0027
-2.886962890625,0.0027500000000000003
-3.15521240234375,0.0028
-2.66326904296875,0.00285
-3.03680419921875,0.0029000000000000002
-2.89337158203125,0.00295
-2.89520263671875,0.003
-3.055419921875,0.00305
-2.974853515625,0.0031000000000000003
-2.81524658203125,0.00315
-3.05023193359375,0.0032
-2.89306640625,0.0032500000000000003
-2.901611328125,0.0033
-3.0438232421875,0.00335
-2.96142578125,0.0034000000000000002
-2.98126220703125,0.0034500000000000004
-2.8912353515625,0.0035
-3.02337646484375,0.00355
-3.13812255859375,0.0036000000000000003
-3.0029296875,0.00365
-2.67333984375,0.0037
-3.15643310546875,0.0037500000000000003
-3.0108642578125,0.0038
-3.2818603515625,0.00385
-3.03070068359375,0.0039000000000000003
-3.12957763671875,0.00395
-2.87139892578125,0.004
-3.33770751953125,0.00405
-2.930908203125,0.0041
-3.19976806640625,0.00415
-3.21258544921875,0.004200000000000001
-3.05938720703125,0.00425
-3.1512451171875,0.0043
-2.95318603515625,0.004350000000000001
-3.17108154296875,0.0044
-3.24310302734375,0.00445
-2.81890869140625,0.0045000000000000005
-2.82928466796875,0.00455
-3.12896728515625,0.0046
-2.7862548828125,0.0046500000000000005
-2.97607421875,0.0047
-3.24005126953125,0.00475
-2.84515380859375,0.0048000000000000004
-2.94158935546875,0.00485
-3.1170654296875,0.0049
-2.83905029296875,0.00495
-3.02978515625,0.005
-2.83172607421875,0.005050000000000001
-2.8143310546875,0.0051
-2.7215576171875,0.00515
-2.58941650390625,0.005200000000000001
-2.984619140625,0.00525
-2.82928466796875,0.0053
-2.77496337890625,0.005350000000000001
-2.8546142578125,0.0054
-2.68096923828125,0.00545
-2.6080322265625,0.0055000000000000005
-2.95867919921875,0.00555
-3.057861328125,0.0056
-2.84210205078125,0.0056500000000000005
-2.7392578125,0.0057
-2.94525146484375,0.00575
-2.94464111328125,0.0058000000000000005
-2.6605224609375,0.00585
-2.8765869140625,0.0059
-3.017578125,0.00595
-2.88421630859375,0.006
-2.81646728515625,0.006050000000000001
-2.78656005859375,0.0061
-2.91839599609375,0.00615
-2.8839111328125,0.006200000000000001
-3.04534912109375,0.00625
-2.75848388671875,0.0063
-2.861328125,0.006350000000000001
-3.0889892578125,0.0064
-2.94525146484375,0.00645
-2.994384765625,0.006500000000000001
-2.85430908203125,0.00655
-3.1060791015625,0.0066
-3.0572509765625,0.0066500000000000005
-3.204345703125,0.0067
-2.96173095703125,0.00675
-3.0975341796875,0.0068000000000000005
-2.8839111328125,0.00685
-2.97119140625,0.006900000000000001
-3.03375244140625,0.0069500000000000004
-3.0474853515625,0.007
-2.76611328125,0.007050000000000001
-2.99896240234375,0.0071
-2.87261962890625,0.00715
-3.05999755859375,0.007200000000000001
-2.896728515625,0.00725
-3.10302734375,0.0073
-2.75787353515625,0.007350000000000001
-3.076171875,0.0074
-2.9168701171875,0.00745
-2.8521728515625,0.007500000000000001
-2.8863525390625,0.00755
-2.9571533203125,0.0076
-2.92816162109375,0.0076500000000000005
-2.6885986328125,0.0077
-2.75054931640625,0.00775
-2.724609375,0.0078000000000000005
-2.94464111328125,0.007850000000000001
-2.87109375,0.0079
-3.00201416015625,0.00795
-2.8497314453125,0.008
-3.08258056640625,0.00805
-3.05419921875,0.0081
-3.2537841796875,0.008150000000000001
-2.86285400390625,0.0082
-2.80975341796875,0.00825
-2.97882080078125,0.0083
-3.0194091796875,0.00835
-3.153076171875,0.008400000000000001
-3.0712890625,0.008450000000000001
-3.0816650390625,0.0085
-2.88818359375,0.00855
-2.93792724609375,0.0086
-3.12347412109375,0.00865
-2.874755859375,0.008700000000000001
-3.09356689453125,0.00875
-3.1768798828125,0.0088
-2.85064697265625,0.00885
-3.19244384765625,0.0089
-2.95745849609375,0.00895
-2.85858154296875,0.009000000000000001
-2.8717041015625,0.00905
-2.90069580078125,0.0091
-2.83660888671875,0.00915
-2.799072265625,0.0092
-2.90435791015625,0.009250000000000001
-3.07525634765625,0.009300000000000001
-2.779541015625,0.00935
-2.818603515625,0.0094
-3.076171875,0.00945
-2.90252685546875,0.0095
-3.1378173828125,0.009550000000000001
-3.07037353515625,0.009600000000000001
-2.8192138671875,0.00965
-2.647705078125,0.0097
-3.22021484375,0.00975
-3.2415771484375,0.0098
-3.24462890625,0.009850000000000001
-2.89398193359375,0.0099
-2.98248291015625,0.00995
-3.101806640625,0.01
-3.0975341796875,0.01005
-3.11004638671875,0.010100000000000001
-3.2769775390625,0.010150000000000001
-2.81219482421875,0.0102
-3.26690673828125,0.01025
-3.33465576171875,0.0103
-3.134765625,0.01035
-3.1182861328125,0.010400000000000001
-3.28948974609375,0.010450000000000001
-3.19427490234375,0.0105
-3.29620361328125,0.01055
-3.03619384765625,0.0106
-3.192138671875,0.01065
-3.27911376953125,0.010700000000000001
-3.1103515625,0.010750000000000001
-3.15277099609375,0.0108
-2.90008544921875,0.01085
-3.1646728515625,0.0109
-3.05511474609375,0.01095
-2.98095703125,0.011000000000000001
-2.79052734375,0.01105
-2.98828125,0.0111
-2.935791015625,0.01115
-3.21197509765625,0.0112
-3.1536865234375,0.011250000000000001
-3.29803466796875,0.011300000000000001
-2.9815673828125,0.01135
-3.2000732421875,0.0114
-3.05999755859375,0.01145
-3.23028564453125,0.0115
-3.27239990234375,0.011550000000000001
-3.04901123046875,0.011600000000000001
-3.18817138671875,0.01165
-2.75909423828125,0.0117
-3.0206298828125,0.01175
-3.076171875,0.0118
-2.69927978515625,0.011850000000000001
-2.91656494140625,0.0119
-2.94158935546875,0.01195
-2.8192138671875,0.012
-3.10089111328125,0.01205
-3.2122802734375,0.012100000000000001
-3.06610107421875,0.012150000000000001
-2.94158935546875,0.0122
-2.9864501953125,0.01225
-2.96875,0.0123
-2.92266845703125,0.01235
-2.85980224609375,0.012400000000000001
-2.86895751953125,0.012450000000000001
-2.5543212890625,0.0125
-2.7947998046875,0.01255
-2.95806884765625,0.0126
-2.8472900390625,0.01265
-2.7545166015625,0.012700000000000001
-2.95806884765625,0.012750000000000001
-2.781982421875,0.0128
-2.72430419921875,0.01285
-2.9376220703125,0.0129
-3.084716796875,0.012950000000000001
-3.18023681640625,0.013000000000000001
-2.74139404296875,0.01305
-2.88726806640625,0.0131
-2.958984375,0.01315
-2.78564453125,0.0132
-2.9669189453125,0.013250000000000001
-2.98797607421875,0.013300000000000001
-2.63946533203125,0.01335
-2.88665771484375,0.0134
-2.8521728515625,0.01345
-2.79541015625,0.0135
-2.7520751953125,0.013550000000000001
-3.15032958984375,0.013600000000000001
-2.87261962890625,0.01365
-2.88604736328125,0.0137
-3.02581787109375,0.01375
-3.03253173828125,0.013800000000000002
-2.8961181640625,0.013850000000000001
-2.83447265625,0.013900000000000001
-2.83905029296875,0.01395
-2.6715087890625,0.014
-2.89031982421875,0.01405
-2.88726806640625,0.014100000000000001
-2.91351318359375,0.014150000000000001
-2.56439208984375,0.0142
-2.6336669921875,0.01425
-2.9302978515625,0.0143
-2.99072265625,0.01435
-2.86590576171875,0.014400000000000001
-2.8656005859375,0.014450000000000001
-2.86102294921875,0.0145
-3.04840087890625,0.01455
-3.028564453125,0.0146
-3.2086181640625,0.014650000000000002
-2.8509521484375,0.014700000000000001
-2.89154052734375,0.014750000000000001
-2.8631591796875,0.0148
-2.850341796875,0.01485
-3.021240234375,0.0149
-2.9168701171875,0.014950000000000001
-2.82470703125,0.015000000000000001
-2.6666259765625,0.015050000000000001
-2.7642822265625,0.0151
-2.73712158203125,0.01515
-2.8564453125,0.0152
-2.82470703125,0.015250000000000001
-2.8155517578125,0.015300000000000001
-2.5482177734375,0.01535
-2.825927734375,0.0154
-2.625732421875,0.01545
-2.78900146484375,0.0155
-2.7325439453125,0.015550000000000001
-2.523193359375,0.015600000000000001
-2.76031494140625,0.01565
-2.7154541015625,0.015700000000000002
-2.83416748046875,0.01575
-2.77099609375,0.0158
-2.703857421875,0.01585
-2.8662109375,0.0159
-2.96234130859375,0.015950000000000002
-2.91717529296875,0.016
-2.93487548828125,0.016050000000000002
-3.06488037109375,0.0161
-3.1158447265625,0.01615
-2.8436279296875,0.0162
-3.13629150390625,0.01625
-3.05633544921875,0.016300000000000002
-2.72308349609375,0.01635
-3.01422119140625,0.0164
-2.96600341796875,0.01645
-2.891845703125,0.0165
-2.93548583984375,0.016550000000000002
-2.74444580078125,0.0166
-3.27301025390625,0.01665
-2.76611328125,0.0167
-2.97149658203125,0.01675
-2.86865234375,0.016800000000000002
-2.70355224609375,0.01685
-2.90496826171875,0.016900000000000002
-3.1683349609375,0.01695
-2.65228271484375,0.017
-2.9376220703125,0.01705
-3.1085205078125,0.0171
-3.20892333984375,0.017150000000000002
-3.13446044921875,0.0172
-2.9473876953125,0.01725
-2.958984375,0.0173
-2.97271728515625,0.01735
-3.0816650390625,0.017400000000000002
-3.13629150390625,0.01745
-3.306884765625,0.0175
-3.08380126953125,0.01755
-3.0902099609375,0.0176
-3.07830810546875,0.017650000000000002
-3.1695556640625,0.0177
-3.2470703125,0.017750000000000002
-3.25164794921875,0.0178
-3.00201416015625,0.01785
-3.182373046875,0.0179
-3.07647705078125,0.01795
-2.99285888671875,0.018000000000000002
-3.11004638671875,0.01805
-2.95257568359375,0.0181
-3.0792236328125,0.01815
-2.87384033203125,0.0182
-2.81829833984375,0.018250000000000002
-2.9461669921875,0.0183
-3.01544189453125,0.01835
-2.80792236328125,0.0184
-3.23028564453125,0.01845
-2.8326416015625,0.018500000000000003
-3.18603515625,0.01855
-3.2513427734375,0.018600000000000002
-3.27056884765625,0.01865
-2.967529296875,0.0187
-2.8839111328125,0.01875
-2.9180908203125,0.0188
-3.23333740234375,0.018850000000000002
-3.01971435546875,0.0189
-2.8607177734375,0.01895
-3.0157470703125,0.019
-2.8399658203125,0.01905
-3.1988525390625,0.019100000000000002
-3.21136474609375,0.01915
-2.88848876953125,0.019200000000000002
-3.02215576171875,0.01925
-2.99957275390625,0.0193
-2.86956787109375,0.019350000000000003
-3.12255859375,0.0194
-3.09600830078125,0.019450000000000002
-2.76092529296875,0.0195
-3.040771484375,0.01955
-3.128662109375,0.0196
-3.08563232421875,0.01965
-2.97149658203125,0.019700000000000002
-2.9278564453125,0.01975
-3.26812744140625,0.0198
-2.8521728515625,0.01985
-3.0194091796875,0.0199
-3.24066162109375,0.019950000000000002
-3.03955078125,0.02
-3.1494140625,0.020050000000000002
-3.26812744140625,0.0201
-3.10882568359375,0.02015
-3.0194091796875,0.020200000000000003
-3.51287841796875,0.02025
-3.5516357421875,0.020300000000000002
-3.3551025390625,0.02035
-3.3673095703125,0.0204
-3.2684326171875,0.02045
-3.37738037109375,0.0205
-3.32427978515625,0.020550000000000002
-3.5809326171875,0.0206
-3.5992431640625,0.02065
-3.0780029296875,0.0207
-3.232421875,0.02075
-3.16986083984375,0.020800000000000003
-3.1719970703125,0.02085
-3.23333740234375,0.020900000000000002
-3.31298828125,0.02095
-3.1707763671875,0.021
-3.135986328125,0.021050000000000003
-3.18939208984375,0.0211
-3.40728759765625,0.021150000000000002
-3.2769775390625,0.0212
-3.05816650390625,0.02125
-3.289794921875,0.0213
-2.9730224609375,0.02135
-3.095703125,0.021400000000000002
-3.12286376953125,0.02145
-3.1109619140625,0.021500000000000002
-2.7642822265625,0.02155
-3.28369140625,0.0216
-3.10272216796875,0.021650000000000003
-3.45855712890625,0.0217
-3.20068359375,0.021750000000000002
-3.24554443359375,0.0218
-3.08837890625,0.02185
-3.35906982421875,0.0219
-3.4130859375,0.02195
-3.60626220703125,0.022000000000000002
-3.49639892578125,0.02205
-3.3380126953125,0.0221
-3.40240478515625,0.02215
-3.2989501953125,0.0222
-3.5064697265625,0.022250000000000002
-3.48907470703125,0.0223
-3.126220703125,0.022350000000000002
-3.16925048828125,0.0224
-3.3734130859375,0.02245
-2.99835205078125,0.022500000000000003
-3.30230712890625,0.02255
-3.1646728515625,0.022600000000000002
-3.17108154296875,0.02265
-3.2080078125,0.0227
-3.2012939453125,0.02275
-3.072509765625,0.0228
-3.33953857421875,0.022850000000000002
-3.12347412109375,0.0229
-3.375244140625,0.02295
-2.85675048828125,0.023
-2.9840087890625,0.02305
-3.4765625,0.023100000000000002
-3.433837890625,0.02315
-2.94281005859375,0.023200000000000002
-3.0474853515625,0.02325
-2.904052734375,0.0233
-3.04229736328125,0.023350000000000003
-3.0792236328125,0.0234
-3.06640625,0.023450000000000002
-3.26873779296875,0.0235
-2.930908203125,0.02355
-3.32763671875,0.0236
-3.42559814453125,0.02365
-3.22021484375,0.023700000000000002
-3.3306884765625,0.02375
-3.48724365234375,0.0238
-3.17138671875,0.02385
-3.35601806640625,0.0239
-3.3355712890625,0.023950000000000003
-3.29498291015625,0.024
-3.192138671875,0.024050000000000002
-3.57025146484375,0.0241
-3.0914306640625,0.02415
-3.0645751953125,0.024200000000000003
-3.388671875,0.02425
-3.436279296875,0.024300000000000002
-3.338623046875,0.02435
-3.3026123046875,0.0244
-3.599853515625,0.02445
-3.7420654296875,0.0245
-3.8336181640625,0.024550000000000002
-3.7457275390625,0.0246
-3.8787841796875,0.024650000000000002
-3.22509765625,0.0247
-3.9208984375,0.02475
-3.9178466796875,0.024800000000000003
-3.84429931640625,0.02485
-3.7017822265625,0.024900000000000002
-3.54766845703125,0.02495
-3.804931640625,0.025
-3.73626708984375,0.02505
-3.65203857421875,0.0251
-3.94500732421875,0.02515
-3.53179931640625,0.0252
-3.62518310546875,0.02525
-3.60260009765625,0.0253
-3.70697021484375,0.02535
-3.70361328125,0.0254
-3.6175537109375,0.02545
-3.51287841796875,0.025500000000000002
-3.24310302734375,0.02555
-3.40240478515625,0.0256
-3.29559326171875,0.02565
-3.27728271484375,0.0257
-3.10089111328125,0.02575
-2.94219970703125,0.0258
-2.71881103515625,0.02585
-2.969970703125,0.0259
-2.67791748046875,0.02595
-2.911376953125,0.026
-2.66448974609375,0.02605
-2.55950927734375,0.0261
-2.637939453125,0.02615
-2.68951416015625,0.0262
-2.77496337890625,0.02625
-2.7032470703125,0.0263
-2.442626953125,0.026350000000000002
-2.6593017578125,0.0264
-2.7886962890625,0.02645
-2.794189453125,0.0265
-2.5286865234375,0.02655
-2.76519775390625,0.0266
-2.685546875,0.02665
-2.44842529296875,0.0267
-2.86865234375,0.02675
-2.87994384765625,0.0268
-2.896728515625,0.02685
-2.8955078125,0.0269
-3.11431884765625,0.02695
-3.21624755859375,0.027
-3.1378173828125,0.02705
-3.33282470703125,0.0271
-3.486328125,0.02715
-2.95928955078125,0.027200000000000002
-3.29559326171875,0.02725
-2.94219970703125,0.0273
-3.01971435546875,0.02735
-3.111572265625,0.0274
-3.116455078125,0.02745
-2.802734375,0.0275
-2.7569580078125,0.02755
-2.9986572265625,0.0276
-3.04901123046875,0.02765
-3.22174072265625,0.0277
-2.84942626953125,0.02775
-2.71759033203125,0.027800000000000002
-2.821044921875,0.02785
-3.0682373046875,0.0279
-3.16741943359375,0.02795
-3.2049560546875,0.028
-2.7020263671875,0.028050000000000002
-2.97637939453125,0.0281
-3.0029296875,0.02815
-2.8125,0.0282
-2.9217529296875,0.02825
-2.930908203125,0.0283
-2.75238037109375,0.02835
-3.04351806640625,0.0284
-2.71240234375,0.02845
-2.83660888671875,0.0285
-2.8448486328125,0.02855
-2.94586181640625,0.0286
-2.724609375,0.028650000000000002
-2.61932373046875,0.0287
-2.81524658203125,0.02875
-2.733154296875,0.0288
-2.9376220703125,0.02885
-2.6641845703125,0.0289
-3.0291748046875,0.02895
-2.847900390625,0.029
-3.154296875,0.02905
-3.24920654296875,0.0291
-3.18359375,0.02915
-3.04412841796875,0.0292
-3.0523681640625,0.02925
-2.94281005859375,0.0293
-3.2806396484375,0.02935
-3.14697265625,0.0294
-3.07952880859375,0.02945
-3.20892333984375,0.029500000000000002
-2.96905517578125,0.02955
-3.0755615234375,0.0296
-3.3154296875,0.02965
-2.89154052734375,0.0297
-3.2110595703125,0.02975
-2.99163818359375,0.0298
-3.00933837890625,0.02985
-3.172607421875,0.0299
-3.262939453125,0.02995
-2.950439453125,0.03
-3.245849609375,0.03005
-3.10943603515625,0.030100000000000002
-3.05572509765625,0.03015
-3.04046630859375,0.0302
-3.17626953125,0.03025
-3.134765625,0.0303
-2.91717529296875,0.030350000000000002
-3.20465087890625,0.0304
-3.1353759765625,0.03045
-3.24462890625,0.0305
-3.09600830078125,0.03055
-3.28521728515625,0.0306
-3.10699462890625,0.03065
-3.13232421875,0.0307
-3.48968505859375,0.03075
-3.40789794921875,0.0308
-3.44879150390625,0.03085
-3.24066162109375,0.0309
-3.02032470703125,0.030950000000000002
-3.3935546875,0.031
-3.443603515625,0.03105
-3.41888427734375,0.0311
-3.44451904296875,0.03115
-3.05389404296875,0.031200000000000002
-3.52081298828125,0.03125
-3.32122802734375,0.0313
-3.21746826171875,0.03135
-3.15643310546875,0.0314
-3.69140625,0.03145
-3.2818603515625,0.0315
-3.49029541015625,0.03155
-3.54217529296875,0.0316
-3.54248046875,0.03165
-3.44635009765625,0.0317
-3.621826171875,0.03175
-3.2537841796875,0.0318
-3.31573486328125,0.03185
-3.4417724609375,0.0319
-3.184814453125,0.03195
-3.15887451171875,0.032
-2.945556640625,0.03205
-3.04412841796875,0.032100000000000004
-3.10577392578125,0.03215
-3.3734130859375,0.0322
-3.23028564453125,0.03225
-3.0706787109375,0.032299999999999995
-3.06396484375,0.032350000000000004
-3.51593017578125,0.0324
-3.28125,0.03245
-3.438720703125,0.0325
-3.212890625,0.032549999999999996
-3.2598876953125,0.032600000000000004
-3.32855224609375,0.03265
-3.4033203125,0.0327
-3.26873779296875,0.03275
-3.2720947265625,0.032799999999999996
-3.16864013671875,0.032850000000000004
-3.3184814453125,0.0329
-3.0902099609375,0.03295
-3.09539794921875,0.033
-3.2513427734375,0.033049999999999996
-3.51226806640625,0.033100000000000004
-2.93548583984375,0.03315
-3.23486328125,0.0332
-3.3026123046875,0.03325
-3.116455078125,0.033299999999999996
-3.218994140625,0.033350000000000005
-3.2318115234375,0.0334
-2.9962158203125,0.03345
-3.00262451171875,0.0335
-2.9791259765625,0.033549999999999996
-3.067626953125,0.033600000000000005
-3.109130859375,0.03365
-2.79541015625,0.0337
-2.78045654296875,0.03375
-2.69134521484375,0.0338
-2.82470703125,0.033850000000000005
-2.95257568359375,0.0339
-3.03192138671875,0.03395
-2.811279296875,0.034
-3.01727294921875,0.03405
-2.93792724609375,0.034100000000000005
-3.1964111328125,0.03415
-2.7825927734375,0.0342
-3.1256103515625,0.03425
-2.83447265625,0.0343
-2.92236328125,0.03435
-3.02337646484375,0.0344
-2.78533935546875,0.03445
-2.9876708984375,0.0345
-2.958984375,0.03455
-3.06304931640625,0.0346
-2.57568359375,0.03465
-2.79876708984375,0.0347
-2.933349609375,0.03475
-2.99102783203125,0.0348
-2.6434326171875,0.03485
-3.06182861328125,0.0349
-2.96875,0.03495
-2.88818359375,0.035
-3.22113037109375,0.03505
-2.90130615234375,0.0351
-2.8887939453125,0.03515
-2.711181640625,0.0352
-2.9388427734375,0.035250000000000004
-2.98431396484375,0.0353
-3.04962158203125,0.03535
-2.86041259765625,0.0354
-2.69287109375,0.03545
-2.75604248046875,0.035500000000000004
-3.03680419921875,0.03555
-3.09295654296875,0.0356
-3.006591796875,0.03565
-2.852783203125,0.0357
-3.033447265625,0.035750000000000004
-2.90496826171875,0.0358
-2.9547119140625,0.03585
-3.07373046875,0.0359
-3.0926513671875,0.03595
-2.96142578125,0.036000000000000004
-3.16070556640625,0.03605
-2.8948974609375,0.0361
-3.0126953125,0.03615
-2.98004150390625,0.0362
-2.99560546875,0.036250000000000004
-2.97393798828125,0.0363
-2.8936767578125,0.03635
-3.021240234375,0.0364
-3.0975341796875,0.03645
-2.91473388671875,0.036500000000000005
-3.05145263671875,0.03655
-2.87384033203125,0.0366
-2.95257568359375,0.03665
-3.3380126953125,0.036699999999999997
-3.04290771484375,0.036750000000000005
-3.11798095703125,0.0368
-3.0657958984375,0.03685
-3.16680908203125,0.0369
-2.9644775390625,0.03695
-3.2110595703125,0.037
-3.1011962890625,0.03705
-3.1854248046875,0.0371
-2.93670654296875,0.03715
-3.14422607421875,0.0372
-3.15582275390625,0.03725
-3.16497802734375,0.0373
-2.935791015625,0.03735
-3.2861328125,0.0374
-3.15032958984375,0.03745
-3.17474365234375,0.0375
-3.31146240234375,0.03755
-3.30596923828125,0.0376
-3.28521728515625,0.03765
-3.18695068359375,0.0377
-3.2781982421875,0.03775
-3.08319091796875,0.0378
-3.172607421875,0.03785
-3.1982421875,0.0379
-3.12591552734375,0.03795
-2.7923583984375,0.038
-3.006591796875,0.03805
-3.204345703125,0.0381
-3.35693359375,0.03815
-3.23638916015625,0.0382
-3.199462890625,0.03825
-2.84454345703125,0.0383
-3.2098388671875,0.03835
-3.05694580078125,0.038400000000000004
-3.314208984375,0.03845
-3.23455810546875,0.0385
-2.8656005859375,0.03855
-3.00323486328125,0.0386
-2.97943115234375,0.038650000000000004
-2.97943115234375,0.0387
-3.03192138671875,0.03875
-2.955322265625,0.0388
-2.7947998046875,0.03885
-3.10882568359375,0.038900000000000004
-2.9608154296875,0.03895
-2.879638671875,0.039
-2.92022705078125,0.03905
-3.01727294921875,0.0391
-2.7471923828125,0.039150000000000004
-2.9095458984375,0.0392
-2.94921875,0.03925
-2.92724609375,0.0393
-2.7667236328125,0.03935
-2.68707275390625,0.039400000000000004
-2.9510498046875,0.03945
-2.860107421875,0.0395
-2.79754638671875,0.03955
-2.950439453125,0.0396
-2.8424072265625,0.039650000000000005
-2.8436279296875,0.0397
-2.86468505859375,0.03975
-2.80426025390625,0.0398
-3.2025146484375,0.03985
-3.00323486328125,0.039900000000000005
-2.68951416015625,0.03995
-2.84423828125,0.04
-3.1658935546875,0.04005
-3.07159423828125,0.0401
-3.18878173828125,0.040150000000000005
-2.7935791015625,0.0402
-2.9718017578125,0.04025
-2.74658203125,0.0403
-3.02215576171875,0.04035
-2.85369873046875,0.0404
-2.85736083984375,0.04045
-2.82958984375,0.0405
-3.07525634765625,0.04055
-2.87506103515625,0.0406
-2.84332275390625,0.04065
-2.974853515625,0.0407
-3.15765380859375,0.04075
-3.0517578125,0.0408
-2.9534912109375,0.04085
-3.076171875,0.0409
-3.145751953125,0.04095
-3.24127197265625,0.041
-2.9058837890625,0.04105
-2.81890869140625,0.0411
-2.66937255859375,0.04115
-2.777099609375,0.0412
-2.9437255859375,0.04125
-2.8369140625,0.0413
-2.84027099609375,0.04135
-2.9345703125,0.0414
-2.80792236328125,0.04145
-3.2269287109375,0.0415
-3.14300537109375,0.041550000000000004
-3.2568359375,0.0416
-2.9644775390625,0.04165
-3.06396484375,0.0417
-3.22967529296875,0.04175
-3.17169189453125,0.041800000000000004
-2.8167724609375,0.04185
-3.133544921875,0.0419
-3.19671630859375,0.04195
-2.66143798828125,0.042
-3.0657958984375,0.042050000000000004
-3.10943603515625,0.0421
-2.84149169921875,0.04215
-3.038330078125,0.0422
-2.87994384765625,0.04225
-2.8143310546875,0.042300000000000004
-3.082275390625,0.04235
-2.9302978515625,0.0424
-2.772216796875,0.04245
-2.67120361328125,0.0425
-2.559814453125,0.042550000000000004
-3.0828857421875,0.0426
-3.062744140625,0.04265
-2.88970947265625,0.0427
-3.06427001953125,0.04275
-2.54974365234375,0.042800000000000005
-2.781982421875,0.04285
-2.84423828125,0.0429
-2.762451171875,0.04295
-2.8204345703125,0.043000000000000003
-2.85552978515625,0.04305
-2.76397705078125,0.0431
-2.82470703125,0.04315
-2.96966552734375,0.0432
-2.874755859375,0.043250000000000004
-2.98248291015625,0.0433
-2.95654296875,0.04335
-3.03466796875,0.0434
-3.0413818359375,0.04345
-2.9571533203125,0.043500000000000004
-3.0230712890625,0.04355
-3.0615234375,0.0436
-2.52960205078125,0.04365
-3.11859130859375,0.0437
-3.00323486328125,0.04375
-3.00262451171875,0.0438
-2.97210693359375,0.04385
-3.14483642578125,0.0439
-2.9266357421875,0.04395
-3.18695068359375,0.044
-3.095703125,0.04405
-3.2757568359375,0.0441
-3.32244873046875,0.04415
-3.10089111328125,0.0442
-3.27117919921875,0.04425
-3.02337646484375,0.0443
-3.3184814453125,0.04435
-3.2806396484375,0.0444
-3.01849365234375,0.04445
-2.935791015625,0.0445
-3.128662109375,0.04455
-3.20709228515625,0.0446
-3.29010009765625,0.04465
-3.07159423828125,0.044700000000000004
-3.35357666015625,0.04475
-3.02276611328125,0.0448
-3.438720703125,0.04485
-3.36700439453125,0.0449
-3.32122802734375,0.044950000000000004
-3.050537109375,0.045
-3.26202392578125,0.04505
-3.38348388671875,0.0451
-3.16925048828125,0.04515
-3.15704345703125,0.045200000000000004
-3.2086181640625,0.04525
-3.06182861328125,0.0453
-3.0438232421875,0.04535
-3.1402587890625,0.0454
-2.92327880859375,0.045450000000000004
-3.3050537109375,0.0455
-3.19671630859375,0.04555
-2.938232421875,0.0456
-2.9766845703125,0.04565
-2.74932861328125,0.045700000000000005
-2.97637939453125,0.04575
-3.22601318359375,0.0458
-3.00933837890625,0.04585
-3.07861328125,0.0459
-2.7667236328125,0.045950000000000005
-3.09600830078125,0.046
-3.11187744140625,0.04605
-3.0889892578125,0.0461
-2.77008056640625,0.046150000000000004
-2.7996826171875,0.0462
-2.88818359375,0.04625
-2.8076171875,0.0463
-2.81524658203125,0.04635
-2.73193359375,0.046400000000000004
-3.060302734375,0.04645
-2.80609130859375,0.0465
-2.78228759765625,0.04655
-2.772216796875,0.0466
-2.77618408203125,0.046650000000000004
-2.82196044921875,0.0467
-2.9437255859375,0.04675
-3.00933837890625,0.0468
-2.92877197265625,0.04685
-2.80364990234375,0.046900000000000004
-2.7947998046875,0.04695
-2.74078369140625,0.047
-2.96844482421875,0.04705
-2.548828125,0.0471
-2.928466796875,0.047150000000000004
-3.0023193359375,0.0472
-2.97210693359375,0.04725
-2.9071044921875,0.0473
-3.009033203125,0.04735
-3.09844970703125,0.0474
-3.19091796875,0.04745
-3.34808349609375,0.0475
-3.3331298828125,0.04755
-3.231201171875,0.0476
-3.13873291015625,0.04765
-3.45855712890625,0.0477
-3.314208984375,0.04775
-3.02490234375,0.0478
-3.02154541015625,0.047850000000000004
-3.23028564453125,0.0479
-3.05145263671875,0.04795
-3.2525634765625,0.048
-3.15460205078125,0.04805
-3.1939697265625,0.048100000000000004
-2.9962158203125,0.04815
-3.18115234375,0.0482
-3.240966796875,0.04825
-3.3221435546875,0.0483
-3.32489013671875,0.048350000000000004
-3.35235595703125,0.0484
-3.21807861328125,0.04845
-3.26080322265625,0.0485
-3.1890869140625,0.04855
-3.22723388671875,0.048600000000000004
-3.4869384765625,0.04865
-3.4417724609375,0.0487
-2.94586181640625,0.04875
-3.00811767578125,0.0488
-3.14117431640625,0.048850000000000005
-2.98309326171875,0.0489
-3.12896728515625,0.04895
-2.93609619140625,0.049
-2.760009765625,0.04905
-2.85919189453125,0.049100000000000005
-2.97210693359375,0.04915
-2.60223388671875,0.0492
-2.78900146484375,0.04925
-2.840576171875,0.049300000000000004
-2.81768798828125,0.04935
-3.1243896484375,0.0494
-2.95654296875,0.04945
-2.8070068359375,0.0495
-3.040771484375,0.049550000000000004
-2.90802001953125,0.0496
-2.95196533203125,0.04965
-2.89154052734375,0.0497
-3.12347412109375,0.04975
-2.99957275390625,0.049800000000000004
-2.88726806640625,0.04985
-2.81768798828125,0.0499
-2.76397705078125,0.04995
-3.2110595703125,0.05
-3.10699462890625,0.050050000000000004
-2.99346923828125,0.050100000000000006
-2.9962158203125,0.05015
-3.07037353515625,0.0502
-2.774658203125,0.05025
-3.00994873046875,0.050300000000000004
-3.26171875,0.050350000000000006
-2.99560546875,0.0504
-2.6409912109375,0.05045
-3.0718994140625,0.0505
-3.23333740234375,0.050550000000000005
-3.19091796875,0.050600000000000006
-3.26416015625,0.05065
-3.19366455078125,0.0507
-3.30780029296875,0.05075
-3.25714111328125,0.050800000000000005
-3.426513671875,0.050850000000000006
-3.4820556640625,0.0509
-3.641357421875,0.05095
-3.3135986328125,0.051000000000000004
-3.72314453125,0.051050000000000005
-3.3074951171875,0.0511
-3.5040283203125,0.05115
-3.58123779296875,0.0512
-3.60931396484375,0.051250000000000004
-3.33526611328125,0.051300000000000005
-3.63006591796875,0.05135
-3.6322021484375,0.0514
-3.56903076171875,0.05145
-3.681640625,0.051500000000000004
-3.61175537109375,0.051550000000000006
-3.2159423828125,0.0516
-3.507080078125,0.05165
-3.55987548828125,0.0517
-3.53790283203125,0.051750000000000004
-3.60748291015625,0.051800000000000006
-3.3258056640625,0.05185
-3.34564208984375,0.0519
-3.25775146484375,0.05195
-3.3978271484375,0.052000000000000005
-3.45733642578125,0.052050000000000006
-3.4173583984375,0.0521
-3.2061767578125,0.05215
-3.4234619140625,0.0522
-3.31329345703125,0.052250000000000005
-3.26995849609375,0.0523
-3.12042236328125,0.05235
-3.1402587890625,0.0524
-3.096923828125,0.052450000000000004
-2.99072265625,0.052500000000000005
-3.12896728515625,0.05255
-3.1817626953125,0.0526
-2.82684326171875,0.05265
-2.95257568359375,0.052700000000000004
-2.879638671875,0.052750000000000005
-2.8326416015625,0.0528
-2.82684326171875,0.05285
-2.92205810546875,0.0529
-2.5518798828125,0.052950000000000004
-2.9425048828125,0.053000000000000005
-2.6190185546875,0.05305
-2.48199462890625,0.0531
-3.23638916015625,0.05315
-3.29345703125,0.053200000000000004
-2.97119140625,0.053250000000000006
-2.958984375,0.0533
-3.277587890625,0.05335
-3.28948974609375,0.0534
-3.5552978515625,0.053450000000000004
-3.203125,0.053500000000000006
-3.3013916015625,0.05355
-3.10760498046875,0.0536
-3.372802734375,0.05365
-3.3966064453125,0.053700000000000005
-3.26202392578125,0.053750000000000006
-3.392333984375,0.0538
-3.53057861328125,0.05385
-3.2470703125,0.0539
-3.050537109375,0.053950000000000005
-3.187255859375,0.054000000000000006
-3.39599609375,0.05405
-3.28765869140625,0.0541
-3.02215576171875,0.054150000000000004
-3.33160400390625,0.054200000000000005
-3.14117431640625,0.05425000000000001
-3.14361572265625,0.0543
-3.08135986328125,0.05435
-2.97943115234375,0.054400000000000004
-2.72705078125,0.054450000000000005
-2.850341796875,0.05450000000000001
-2.9052734375,0.05455
-2.6043701171875,0.0546
-2.8759765625,0.054650000000000004
-2.80181884765625,0.054700000000000006
-2.42034912109375,0.05475
-2.9205322265625,0.0548
-2.82928466796875,0.05485
-2.92327880859375,0.054900000000000004
-2.6715087890625,0.054950000000000006
-2.568359375,0.055
-2.91351318359375,0.05505
-2.92724609375,0.0551
-2.69439697265625,0.055150000000000005
-2.703857421875,0.055200000000000006
-2.9815673828125,0.05525
-2.530517578125,0.0553
-2.923583984375,0.05535
-2.84027099609375,0.055400000000000005
-2.85003662109375,0.05545
-2.755126953125,0.0555
-2.85186767578125,0.05555
-2.59307861328125,0.055600000000000004
-2.8912353515625,0.055650000000000005
-2.83416748046875,0.0557
-2.96051025390625,0.05575
-2.7532958984375,0.0558
-2.6300048828125,0.055850000000000004
-3.0767822265625,0.055900000000000005
-3.15643310546875,0.05595
-3.10272216796875,0.056
-3.25531005859375,0.05605
-2.752685546875,0.056100000000000004
-3.01055908203125,0.056150000000000005
-3.08837890625,0.0562
-2.76947021484375,0.05625
-3.3636474609375,0.0563
-3.10150146484375,0.056350000000000004
-2.94952392578125,0.056400000000000006
-2.86956787109375,0.05645
-3.07037353515625,0.0565
-2.92694091796875,0.05655
-3.1072998046875,0.056600000000000004
-2.82989501953125,0.056650000000000006
-3.0035400390625,0.0567
-2.94464111328125,0.05675
-2.97454833984375,0.0568
-2.90008544921875,0.056850000000000005
-3.27545166015625,0.056900000000000006
-2.89642333984375,0.05695
-3.2269287109375,0.057
-3.10546875,0.057050000000000003
-3.05450439453125,0.057100000000000005
-3.17535400390625,0.057150000000000006
-3.563232421875,0.0572
-3.12530517578125,0.05725
-3.2745361328125,0.057300000000000004
-3.4912109375,0.057350000000000005
-3.37982177734375,0.05740000000000001
-3.37890625,0.05745
-3.49578857421875,0.0575
-3.23486328125,0.057550000000000004
-2.96630859375,0.057600000000000005
-3.291015625,0.05765000000000001
-3.4527587890625,0.0577
-3.287353515625,0.05775
-3.316650390625,0.057800000000000004
-3.36761474609375,0.057850000000000006
-3.409423828125,0.05790000000000001
-3.582763671875,0.05795
-3.5540771484375,0.058
-3.51837158203125,0.058050000000000004
-3.4033203125,0.0581
-3.48968505859375,0.05815000000000001
-3.48541259765625,0.0582
-3.3575439453125,0.05825
-3.25469970703125,0.058300000000000005
-3.2330322265625,0.05835
-3.304443359375,0.05840000000000001
-2.7923583984375,0.05845
-3.1689453125,0.0585
-3.02520751953125,0.058550000000000005
-2.9107666015625,0.0586
-2.91412353515625,0.05865
-3.0657958984375,0.0587
-2.96600341796875,0.058750000000000004
-3.4130859375,0.058800000000000005
-3.36700439453125,0.05885
-3.11798095703125,0.0589
-2.857666015625,0.05895
-2.9962158203125,0.059000000000000004
-2.94708251953125,0.059050000000000005
-3.04046630859375,0.0591
-3.172607421875,0.05915
-2.9205322265625,0.0592
-2.71820068359375,0.059250000000000004
-2.97027587890625,0.059300000000000005
-2.965087890625,0.05935
-2.69866943359375,0.0594
-2.87933349609375,0.05945
-3.0120849609375,0.059500000000000004
-3.09051513671875,0.059550000000000006
-2.841796875,0.0596
-3.11309814453125,0.05965
-2.8594970703125,0.0597
-3.25408935546875,0.059750000000000004
-3.0059814453125,0.059800000000000006
-2.9058837890625,0.05985
-3.037109375,0.0599
-2.8887939453125,0.05995
-3.10302734375,0.060000000000000005
-3.1866455078125,0.060050000000000006
-2.78717041015625,0.0601
-3.02459716796875,0.06015
-2.94281005859375,0.060200000000000004
-2.9742431640625,0.060250000000000005
-3.02734375,0.060300000000000006
-3.125,0.06035
-2.93304443359375,0.0604
-3.10302734375,0.060450000000000004
-3.3111572265625,0.060500000000000005
-3.12652587890625,0.06055000000000001
-3.10943603515625,0.0606
-3.0572509765625,0.06065
-3.0975341796875,0.060700000000000004
-3.0029296875,0.060750000000000005
-3.3013916015625,0.06080000000000001
-3.05572509765625,0.06085
-3.04718017578125,0.0609
-2.7490234375,0.060950000000000004
-3.02459716796875,0.061000000000000006
-2.79541015625,0.06105000000000001
-2.7032470703125,0.0611
-3.01605224609375,0.06115
-2.987060546875,0.061200000000000004
-2.796630859375,0.061250000000000006
-2.781982421875,0.06130000000000001
-2.89154052734375,0.06135
-3.18115234375,0.0614
-3.13323974609375,0.061450000000000005
-2.78167724609375,0.0615
-3.106689453125,0.06155000000000001
-2.75726318359375,0.0616
-3.2672119140625,0.06165
-3.10546875,0.061700000000000005
-2.94647216796875,0.06175
-2.83782958984375,0.0618
-3.0120849609375,0.06185
-2.87628173828125,0.061900000000000004
-3.12835693359375,0.061950000000000005
-3.28582763671875,0.062
-2.860107421875,0.06205
-2.73468017578125,0.0621
-3.28582763671875,0.062150000000000004
-3.19976806640625,0.062200000000000005
-3.16986083984375,0.06225
-3.30718994140625,0.0623
-2.95257568359375,0.06235
-3.05572509765625,0.062400000000000004
-3.0743408203125,0.062450000000000006
-3.017578125,0.0625
-2.8485107421875,0.06255000000000001
-3.1463623046875,0.0626
-2.97393798828125,0.06265
-3.16162109375,0.0627
-2.85980224609375,0.06275
-3.00445556640625,0.06280000000000001
-3.02978515625,0.06285
-2.91595458984375,0.0629
-2.87139892578125,0.06295
-3.02581787109375,0.063
-2.904052734375,0.06305000000000001
-2.98919677734375,0.0631
-3.05328369140625,0.06315
-3.03558349609375,0.0632
-3.11431884765625,0.06325
-3.14971923828125,0.06330000000000001
-3.37432861328125,0.06335
-3.28704833984375,0.0634
-2.92755126953125,0.06345
-3.258056640625,0.0635
-2.91900634765625,0.06355000000000001
-2.87689208984375,0.0636
-3.34747314453125,0.06365
-3.0731201171875,0.0637
-2.91229248046875,0.06375
-3.092041015625,0.06380000000000001
-3.06488037109375,0.06385
-3.07952880859375,0.0639
-3.167724609375,0.06395
-3.27392578125,0.064
-3.1304931640625,0.06405
-3.13232421875,0.0641
-3.3038330078125,0.06415
-3.1427001953125,0.06420000000000001
-3.11676025390625,0.06425
-3.094482421875,0.0643
-3.34197998046875,0.06435
-2.93182373046875,0.0644
-3.0413818359375,0.06445000000000001
-3.209228515625,0.0645
-3.3221435546875,0.06455
-3.05999755859375,0.0646
-3.2965087890625,0.06465
-3.148193359375,0.06470000000000001
-3.31878662109375,0.06475
-3.5540771484375,0.0648
-3.533935546875,0.06485
-3.1072998046875,0.0649
-3.17718505859375,0.06495000000000001
-3.5546875,0.065
-3.43475341796875,0.06505
-3.3538818359375,0.0651
-3.42132568359375,0.06515
-3.2745361328125,0.06520000000000001
-3.12469482421875,0.06525
-3.42681884765625,0.0653
-3.22967529296875,0.06535
-3.24188232421875,0.0654
-3.03070068359375,0.06545000000000001
-3.350830078125,0.0655
-3.22967529296875,0.06555
-3.3203125,0.0656
-3.38470458984375,0.06565
-3.21624755859375,0.06570000000000001
-3.19366455078125,0.06575
-3.07220458984375,0.0658
-3.16253662109375,0.06585
-3.16741943359375,0.0659
-3.0078125,0.06595000000000001
-3.0010986328125,0.066
-2.87506103515625,0.06605
-2.82135009765625,0.0661
-3.2080078125,0.06615
-3.0474853515625,0.06620000000000001
-3.01666259765625,0.06625
-3.3001708984375,0.0663
-2.93914794921875,0.06635
-2.91900634765625,0.0664
-3.21014404296875,0.06645000000000001
-3.36273193359375,0.0665
-3.05145263671875,0.06655
-2.8045654296875,0.0666
-3.321533203125,0.06665
-3.0255126953125,0.06670000000000001
-3.11859130859375,0.06675
-3.17169189453125,0.0668
-3.04046630859375,0.06685
-2.85491943359375,0.0669
-2.8717041015625,0.06695000000000001
-2.99163818359375,0.067
-2.8955078125,0.06705
-3.07037353515625,0.0671
-3.2574462890625,0.06715
-3.09844970703125,0.06720000000000001
-3.0694580078125,0.06725
-3.2427978515625,0.0673
-3.21502685546875,0.06735000000000001
-3.1695556640625,0.0674
-2.86163330078125,0.06745000000000001
-2.98614501953125,0.0675
-2.58636474609375,0.06755
-2.79541015625,0.06760000000000001
-2.88970947265625,0.06765
-2.89337158203125,0.06770000000000001
-2.56439208984375,0.06775
-2.77923583984375,0.0678
-2.7923583984375,0.06785000000000001
-2.65167236328125,0.0679
-2.79541015625,0.06795000000000001
-2.911376953125,0.068
-2.603759765625,0.06805
-2.9498291015625,0.06810000000000001
-3.33587646484375,0.06815
-3.19183349609375,0.06820000000000001
-3.00384521484375,0.06825
-3.0181884765625,0.0683
-3.15765380859375,0.06835000000000001
-2.87200927734375,0.0684
-2.8192138671875,0.06845000000000001
-3.02825927734375,0.0685
-2.88787841796875,0.06855
-2.90496826171875,0.06860000000000001
-3.01666259765625,0.06865
-2.8033447265625,0.06870000000000001
-3.06182861328125,0.06875
-3.1976318359375,0.0688
-3.02490234375,0.06885000000000001
-2.8662109375,0.0689
-2.7813720703125,0.06895000000000001
-2.94769287109375,0.069
-3.10577392578125,0.06905
-2.78472900390625,0.06910000000000001
-2.8424072265625,0.06915
-2.8082275390625,0.06920000000000001
-2.7618408203125,0.06925
-3.2073974609375,0.0693
-2.96295166015625,0.06935000000000001
-2.41058349609375,0.0694
-2.6104736328125,0.06945000000000001
-2.86468505859375,0.0695
-2.6318359375,0.06955
-3.03802490234375,0.0696
-3.02734375,0.06965
-2.935791015625,0.06970000000000001
-2.88970947265625,0.06975
-3.09844970703125,0.0698
-2.767333984375,0.06985
-3.06365966796875,0.0699
-3.09051513671875,0.06995000000000001
-3.218994140625,0.07
-3.1732177734375,0.07005
-3.121337890625,0.0701
-3.1256103515625,0.07015
-2.94158935546875,0.07020000000000001
-3.1365966796875,0.07025
-3.24920654296875,0.0703
-3.03466796875,0.07035
-3.116455078125,0.0704
-3.17291259765625,0.07045
-3.27362060546875,0.07050000000000001
-3.0023193359375,0.07055
-3.09661865234375,0.0706
-3.13568115234375,0.07065
-3.1103515625,0.0707
-3.162841796875,0.07075000000000001
-3.32977294921875,0.0708
-3.11248779296875,0.07085
-2.75909423828125,0.0709
-3.197021484375,0.07095
-3.20953369140625,0.07100000000000001
-2.9315185546875,0.07105
-2.64068603515625,0.0711
-3.26568603515625,0.07115
-2.90740966796875,0.0712
-3.1866455078125,0.07125000000000001
-3.42071533203125,0.0713
-3.209228515625,0.07135
-3.01025390625,0.0714
-3.1402587890625,0.07145
-3.15277099609375,0.07150000000000001
-3.0975341796875,0.07155
-2.99224853515625,0.0716
-3.02215576171875,0.07165
-3.109130859375,0.0717
-2.962646484375,0.07175000000000001
-3.15582275390625,0.0718
-2.8857421875,0.07185
-3.08258056640625,0.0719
-3.2281494140625,0.07195
-3.11248779296875,0.07200000000000001
-2.95623779296875,0.07205
-3.22357177734375,0.0721
-3.223876953125,0.07215
-3.19580078125,0.0722
-2.82958984375,0.07225000000000001
-2.94158935546875,0.0723
-3.0810546875,0.07235
-2.8448486328125,0.0724
-2.96295166015625,0.07245
-2.911376953125,0.07250000000000001
-2.696533203125,0.07255
-2.7191162109375,0.0726
-2.91229248046875,0.07265
-2.77862548828125,0.0727
-3.07403564453125,0.07275000000000001
-3.2391357421875,0.0728
-3.0810546875,0.07285
-3.02215576171875,0.0729
-3.22357177734375,0.07295
-2.80731201171875,0.07300000000000001
-3.154296875,0.07305
-3.24127197265625,0.0731
-3.0804443359375,0.07315
-2.8253173828125,0.0732
-3.2330322265625,0.07325000000000001
-3.2659912109375,0.0733
-3.25836181640625,0.07335
-3.1134033203125,0.0734
-3.31512451171875,0.07345
-3.1231689453125,0.07350000000000001
-3.12469482421875,0.07355
-3.17230224609375,0.0736
-3.39141845703125,0.07365000000000001
-3.12408447265625,0.0737
-3.22479248046875,0.07375000000000001
-3.59893798828125,0.0738
-3.385009765625,0.07385
-3.24188232421875,0.07390000000000001
-3.26629638671875,0.07395
-3.40484619140625,0.07400000000000001
-2.901611328125,0.07405
-3.26995849609375,0.0741
-3.2855224609375,0.07415000000000001
-3.25469970703125,0.0742
-3.07159423828125,0.07425000000000001
-3.24462890625,0.0743
-2.9449462890625,0.07435
-2.91717529296875,0.07440000000000001
-3.40362548828125,0.07445
-3.2708740234375,0.07450000000000001
-2.77984619140625,0.07455
-3.01300048828125,0.0746
-3.2037353515625,0.07465000000000001
-3.33221435546875,0.0747
-3.1878662109375,0.07475000000000001
-3.24951171875,0.0748
-3.02734375,0.07485
-3.138427734375,0.07490000000000001
-3.24005126953125,0.07495
-3.31512451171875,0.07500000000000001
-3.27911376953125,0.07505
-3.170166015625,0.07510000000000001
-3.27789306640625,0.07515000000000001
-3.05145263671875,0.07520000000000002
-3.11798095703125,0.07525000000000001
-3.34991455078125,0.0753
-3.04107666015625,0.07535000000000001
-2.86224365234375,0.07540000000000001
-3.358154296875,0.07545000000000002
-3.12347412109375,0.07550000000000001
-3.24371337890625,0.07555
-3.2763671875,0.07560000000000001
-3.3514404296875,0.07565000000000001
-3.1591796875,0.07570000000000002
-3.24066162109375,0.07575000000000001
-3.48480224609375,0.0758
-3.14178466796875,0.07585000000000001
-3.2427978515625,0.07590000000000001
-3.226318359375,0.07595000000000002
-3.2427978515625,0.07600000000000001
-2.83050537109375,0.07605
-3.09722900390625,0.07610000000000001
-3.10546875,0.07615000000000001
-2.92022705078125,0.07620000000000002
-2.8765869140625,0.07625000000000001
-2.97607421875,0.0763
-2.796630859375,0.07635000000000002
-3.06121826171875,0.07640000000000001
-2.955322265625,0.07645000000000002
-2.77252197265625,0.07650000000000001
-2.87200927734375,0.07655
-3.031005859375,0.0766
-3.2562255859375,0.07665000000000001
-3.14788818359375,0.07670000000000002
-2.73040771484375,0.07675000000000001
-3.17596435546875,0.07680000000000001
-2.8216552734375,0.07685
-2.6177978515625,0.07690000000000001
-3.13629150390625,0.07695000000000002
-2.71453857421875,0.07700000000000001
-2.8973388671875,0.07705000000000001
-2.8216552734375,0.0771
-2.96417236328125,0.07715000000000001
-2.67364501953125,0.07720000000000002
-2.90374755859375,0.07725000000000001
-3.2781982421875,0.07730000000000001
-3.32000732421875,0.07735
-2.98370361328125,0.07740000000000001
-3.27392578125,0.07745
-3.20037841796875,0.07750000000000001
-3.26690673828125,0.07755000000000001
-3.447265625,0.0776
-3.6334228515625,0.07765000000000001
-2.90008544921875,0.0777
-3.39630126953125,0.07775000000000001
-3.671875,0.07780000000000001
-3.5919189453125,0.07785
-3.48114013671875,0.07790000000000001
-3.6114501953125,0.07795
-3.60992431640625,0.07800000000000001
-3.49853515625,0.07805000000000001
-3.7548828125,0.0781
-3.8275146484375,0.07815000000000001
-3.7908935546875,0.0782
-3.39508056640625,0.07825000000000001
-4.034423828125,0.07830000000000001
-3.8775634765625,0.07835
-3.5638427734375,0.07840000000000001
-3.65447998046875,0.07845
-3.74603271484375,0.07850000000000001
-3.28857421875,0.07855000000000001
-3.583984375,0.0786
-3.47015380859375,0.07865000000000001
-3.49395751953125,0.0787
-3.56781005859375,0.07875000000000001
-3.63037109375,0.07880000000000001
-3.27178955078125,0.07885
-3.25469970703125,0.07890000000000001
-3.45855712890625,0.07895
-3.26080322265625,0.07900000000000001
-3.1787109375,0.07905000000000001
-2.84088134765625,0.0791
-3.0975341796875,0.07915000000000001
-3.01788330078125,0.0792
-3.05267333984375,0.07925000000000001
-3.02703857421875,0.07930000000000001
-2.59124755859375,0.07935
-2.64007568359375,0.07940000000000001
-2.7325439453125,0.07945
-2.58148193359375,0.07950000000000002
-2.5537109375,0.07955000000000001
-2.3944091796875,0.0796
-2.4993896484375,0.07965000000000001
-2.4102783203125,0.07970000000000001
-2.46551513671875,0.07975000000000002
-2.8668212890625,0.07980000000000001
-2.62481689453125,0.07985
-2.45208740234375,0.07990000000000001
-2.7239990234375,0.07995000000000001
-2.77984619140625,0.08000000000000002
-2.8076171875,0.08005000000000001
-3.23638916015625,0.0801
-2.9498291015625,0.08015000000000001
-2.95867919921875,0.08020000000000001
-3.204345703125,0.08025000000000002
-3.34320068359375,0.08030000000000001
-2.9345703125,0.08035
-3.18023681640625,0.08040000000000001
-3.27667236328125,0.08045000000000001
-3.31390380859375,0.08050000000000002
-2.994384765625,0.08055000000000001
-2.99896240234375,0.0806
-3.1298828125,0.08065000000000001
-3.13446044921875,0.08070000000000001
-2.852783203125,0.08075000000000002
-3.240966796875,0.08080000000000001
-2.73681640625,0.08085
-3.06671142578125,0.08090000000000001
-2.9010009765625,0.08095000000000001
-2.9437255859375,0.08100000000000002
-2.7301025390625,0.08105000000000001
-2.87200927734375,0.0811
-2.82379150390625,0.08115000000000001
-3.12042236328125,0.08120000000000001
-2.84393310546875,0.08125000000000002
-3.1304931640625,0.08130000000000001
-2.861328125,0.08135
-2.6385498046875,0.08140000000000001
-3.14300537109375,0.08145000000000001
-2.99407958984375,0.08150000000000002
-2.82562255859375,0.08155000000000001
-2.71209716796875,0.0816
-2.93975830078125,0.08165000000000001
-2.62939453125,0.08170000000000001
-2.80059814453125,0.08175000000000002
-2.95989990234375,0.08180000000000001
-2.79632568359375,0.08185
-2.884521484375,0.08190000000000001
-3.12896728515625,0.08195000000000001
-2.80670166015625,0.08200000000000002
-3.04443359375,0.08205000000000001
-3.14300537109375,0.0821
-3.1048583984375,0.08215000000000001
-3.0126953125,0.08220000000000001
-2.89703369140625,0.08225000000000002
-3.216552734375,0.08230000000000001
-3.145751953125,0.08235
-3.17291259765625,0.08240000000000001
-3.17352294921875,0.08245000000000001
-3.0181884765625,0.08250000000000002
-3.0621337890625,0.08255000000000001
-3.2818603515625,0.0826
-3.3038330078125,0.08265000000000002
-3.02459716796875,0.08270000000000001
-3.12103271484375,0.08275000000000002
-3.267822265625,0.08280000000000001
-3.203125,0.08285000000000001
-3.23822021484375,0.08290000000000002
-3.194580078125,0.08295000000000001
-3.05755615234375,0.08300000000000002
-2.82562255859375,0.08305000000000001
-2.8271484375,0.08310000000000001
-2.802734375,0.08315
-2.79205322265625,0.08320000000000001
-3.1353759765625,0.08325000000000002
-3.14361572265625,0.08330000000000001
-2.886962890625,0.08335000000000001
-3.01727294921875,0.0834
-3.34716796875,0.08345000000000001
-3.07464599609375,0.08350000000000002
-3.16680908203125,0.08355000000000001
-3.2830810546875,0.08360000000000001
-3.30963134765625,0.08365
-3.10150146484375,0.08370000000000001
-3.5113525390625,0.08375000000000002
-3.43658447265625,0.08380000000000001
-3.18603515625,0.08385000000000001
-3.316650390625,0.0839
-3.40057373046875,0.08395000000000001
-3.0389404296875,0.084
-3.3282470703125,0.08405000000000001
-3.0169677734375,0.08410000000000001
-3.19366455078125,0.08415
-2.9315185546875,0.08420000000000001
-2.88909912109375,0.08425
-3.13323974609375,0.08430000000000001
-3.06121826171875,0.08435000000000001
-2.86163330078125,0.0844
-3.3050537109375,0.08445000000000001
-3.03253173828125,0.0845
-3.1500244140625,0.08455000000000001
-3.58245849609375,0.08460000000000001
-3.40576171875,0.08465
-3.22723388671875,0.08470000000000001
-3.14239501953125,0.08475
-3.433837890625,0.08480000000000001
-3.070068359375,0.08485000000000001
-3.223876953125,0.0849
-3.23150634765625,0.08495000000000001
-3.33160400390625,0.085
-3.15338134765625,0.08505000000000001
-3.0511474609375,0.08510000000000001
-3.03466796875,0.08515
-3.32244873046875,0.08520000000000001
-3.2464599609375,0.08525
-3.22662353515625,0.08530000000000001
-2.87261962890625,0.08535000000000001
-3.23211669921875,0.0854
-3.40850830078125,0.08545000000000001
-3.37860107421875,0.0855
-3.03314208984375,0.08555000000000001
-3.02459716796875,0.08560000000000001
-3.099365234375,0.08565
-3.04595947265625,0.08570000000000001
-3.00384521484375,0.08575
-3.021240234375,0.08580000000000002
-3.1024169921875,0.08585000000000001
-2.764892578125,0.0859
-3.22998046875,0.08595000000000001
-3.02581787109375,0.08600000000000001
-3.26873779296875,0.08605000000000002
-3.27423095703125,0.08610000000000001
-3.28857421875,0.08615
-3.08197021484375,0.08620000000000001
-3.21563720703125,0.08625000000000001
-3.0523681640625,0.08630000000000002
-3.0078125,0.08635000000000001
-3.34869384765625,0.0864
-3.4271240234375,0.08645000000000001
-3.0047607421875,0.08650000000000001
-3.1231689453125,0.08655000000000002
-3.04962158203125,0.08660000000000001
-3.125,0.08665
-2.90435791015625,0.08670000000000001
-2.80303955078125,0.08675000000000001
-2.86834716796875,0.08680000000000002
-2.60223388671875,0.08685000000000001
-3.03802490234375,0.0869
-3.00750732421875,0.08695000000000001
-2.57354736328125,0.08700000000000001
-2.90771484375,0.08705000000000002
-3.0194091796875,0.08710000000000001
-2.84332275390625,0.08715
-2.97760009765625,0.08720000000000001
-2.71270751953125,0.08725000000000001
-2.92205810546875,0.08730000000000002
-2.6177978515625,0.08735000000000001
-2.87811279296875,0.0874
-2.96875,0.08745000000000001
-2.7716064453125,0.08750000000000001
-2.74993896484375,0.08755000000000002
-3.03497314453125,0.08760000000000001
-2.607421875,0.08765
-2.78045654296875,0.08770000000000001
-3.00811767578125,0.08775000000000001
-3.06640625,0.08780000000000002
-2.83599853515625,0.08785000000000001
-2.82958984375,0.0879
-3.07159423828125,0.08795000000000001
-2.7825927734375,0.08800000000000001
-3.13232421875,0.08805000000000002
-3.00567626953125,0.08810000000000001
-3.236083984375,0.08815
-2.72705078125,0.08820000000000001
-2.86376953125,0.08825000000000001
-2.938232421875,0.08830000000000002
-3.12347412109375,0.08835000000000001
-2.84759521484375,0.0884
-3.1195068359375,0.08845000000000001
-2.6470947265625,0.08850000000000001
-2.97393798828125,0.08855000000000002
-3.10821533203125,0.08860000000000001
-2.90679931640625,0.08865
-2.8704833984375,0.08870000000000001
-2.87261962890625,0.08875000000000001
-2.77069091796875,0.08880000000000002
-2.98553466796875,0.08885000000000001
-2.880859375,0.0889
-2.896728515625,0.08895000000000002
-2.8509521484375,0.08900000000000001
-2.89337158203125,0.08905000000000002
-3.19793701171875,0.08910000000000001
-3.1103515625,0.08915000000000001
-3.216552734375,0.08920000000000002
-3.1585693359375,0.08925000000000001
-3.24493408203125,0.08930000000000002
-2.9443359375,0.08935000000000001
-3.0010986328125,0.08940000000000001
-3.07464599609375,0.08945000000000002
-3.001708984375,0.08950000000000001
-3.17474365234375,0.08955
-3.03680419921875,0.08960000000000001
-2.81005859375,0.08965000000000001
-3.0413818359375,0.08970000000000002
-3.28338623046875,0.08975000000000001
-3.32183837890625,0.0898
-3.00048828125,0.08985000000000001
-3.125,0.08990000000000001
-3.4368896484375,0.08995000000000002
-3.22418212890625,0.09000000000000001
-3.25958251953125,0.09005
-3.42864990234375,0.09010000000000001
-3.03863525390625,0.09015000000000001
-3.14208984375,0.09020000000000002
-3.333740234375,0.09025000000000001
-3.16070556640625,0.0903
-3.16162109375,0.09035000000000001
-3.00201416015625,0.09040000000000001
-3.42742919921875,0.09045000000000002
-3.223876953125,0.09050000000000001
-3.23577880859375,0.09055
-3.5888671875,0.09060000000000001
-3.51409912109375,0.09065000000000001
-3.40667724609375,0.0907
-3.49884033203125,0.09075000000000001
-3.248291015625,0.0908
-3.2958984375,0.09085000000000001
-3.73443603515625,0.09090000000000001
-3.70361328125,0.09095
-3.28033447265625,0.09100000000000001
-3.4613037109375,0.09105
-3.38653564453125,0.09110000000000001
-3.36029052734375,0.09115000000000001
-3.44482421875,0.0912
-3.24188232421875,0.09125000000000001
-3.25408935546875,0.0913
-2.94921875,0.09135000000000001
-3.3221435546875,0.09140000000000001
-3.4710693359375,0.09145
-3.3306884765625,0.09150000000000001
-3.08807373046875,0.09155
-3.55072021484375,0.09160000000000001
-3.04168701171875,0.09165000000000001
-3.30963134765625,0.0917
-3.2958984375,0.09175000000000001
-3.1201171875,0.0918
-2.98919677734375,0.09185000000000001
-3.2611083984375,0.09190000000000001
-3.35723876953125,0.09195
-3.34808349609375,0.09200000000000001
-3.187255859375,0.09205
-3.24554443359375,0.09210000000000002
-3.0877685546875,0.09215000000000001
-2.8240966796875,0.0922
-3.31329345703125,0.09225000000000001
-3.27423095703125,0.09230000000000001
-3.115234375,0.09235000000000002
-3.07098388671875,0.09240000000000001
-3.3258056640625,0.09245
-2.9608154296875,0.09250000000000001
-3.40240478515625,0.09255000000000001
-3.22021484375,0.09260000000000002
-3.11004638671875,0.09265000000000001
-3.1494140625,0.0927
-2.83447265625,0.09275000000000001
-2.90435791015625,0.09280000000000001
-3.2012939453125,0.09285000000000002
-2.9791259765625,0.09290000000000001
-3.2537841796875,0.09295
-2.7093505859375,0.09300000000000001
-2.8424072265625,0.09305000000000001
-3.157958984375,0.09310000000000002
-2.9425048828125,0.09315000000000001
-2.796630859375,0.0932
-3.1597900390625,0.09325000000000001
-2.53936767578125,0.09330000000000001
-2.86651611328125,0.09335000000000002
-3.11981201171875,0.09340000000000001
-2.86102294921875,0.09345
-2.686767578125,0.09350000000000001
-3.00506591796875,0.09355000000000001
-2.99835205078125,0.09360000000000002
-2.84515380859375,0.09365000000000001
-3.05389404296875,0.0937
-3.11492919921875,0.09375000000000001
-3.2476806640625,0.09380000000000001
-2.9937744140625,0.09385000000000002
-2.96875,0.09390000000000001
-3.06610107421875,0.09395
-2.8857421875,0.09400000000000001
-3.11492919921875,0.09405000000000001
-3.25958251953125,0.09410000000000002
-2.843017578125,0.09415000000000001
-3.04595947265625,0.0942
-2.9840087890625,0.09425000000000001
-2.99530029296875,0.09430000000000001
-2.9693603515625,0.09435000000000002
-3.018798828125,0.09440000000000001
-2.95684814453125,0.09445
-2.97210693359375,0.09450000000000001
-3.04229736328125,0.09455000000000001
-3.17596435546875,0.09460000000000002
-2.838134765625,0.09465000000000001
-2.71514892578125,0.0947
-3.03802490234375,0.09475000000000001
-2.80029296875,0.09480000000000001
-2.8460693359375,0.09485000000000002
-2.5958251953125,0.09490000000000001
-2.7850341796875,0.09495
-2.64923095703125,0.09500000000000001
-2.96234130859375,0.09505000000000001
-2.92449951171875,0.09510000000000002
-3.067626953125,0.09515000000000001
-2.95135498046875,0.0952
-2.79083251953125,0.09525000000000002
-2.78656005859375,0.09530000000000001
-2.71759033203125,0.09535000000000002
-3.03436279296875,0.09540000000000001
-2.93487548828125,0.09545000000000001
-2.77587890625,0.09550000000000002
-2.6873779296875,0.09555000000000001
-2.857666015625,0.0956
-2.67730712890625,0.09565000000000001
-2.9449462890625,0.09570000000000001
-2.9327392578125,0.09575000000000002
-2.78656005859375,0.09580000000000001
-2.66082763671875,0.09585
-2.88330078125,0.09590000000000001
-2.88482666015625,0.09595000000000001
-3.0242919921875,0.09600000000000002
-2.71820068359375,0.09605000000000001
-3.06365966796875,0.0961
-2.88482666015625,0.09615000000000001
-2.86468505859375,0.09620000000000001
-2.96142578125,0.09625000000000002
-2.8155517578125,0.09630000000000001
-2.5775146484375,0.09635
-2.7520751953125,0.09640000000000001
-2.61993408203125,0.09645000000000001
-2.843017578125,0.09650000000000002
-2.78076171875,0.09655000000000001
-2.8802490234375,0.0966
-2.784423828125,0.09665000000000001
-2.85797119140625,0.09670000000000001
-2.84820556640625,0.09675000000000002
-2.9681396484375,0.09680000000000001
-3.01666259765625,0.09685
-3.10302734375,0.09690000000000001
-3.15338134765625,0.09695000000000001
-3.06182861328125,0.09700000000000002
-3.22052001953125,0.09705000000000001
-3.25714111328125,0.0971
-3.07708740234375,0.09715000000000001
-3.026123046875,0.09720000000000001
-3.18817138671875,0.09725000000000002
-2.68829345703125,0.09730000000000001
-3.03314208984375,0.09735
-3.037109375,0.09740000000000001
-2.95501708984375,0.09745000000000001
-3.050537109375,0.09750000000000002
-3.2086181640625,0.09755000000000001
-3.18634033203125,0.0976
-3.40911865234375,0.09765000000000001
-3.289794921875,0.09770000000000001
-3.414306640625,0.09775000000000002
-3.04656982421875,0.09780000000000001
-2.9986572265625,0.09785
-3.30322265625,0.09790000000000001
-2.96112060546875,0.09795000000000001
-2.8076171875,0.09800000000000002
-2.95684814453125,0.09805000000000001
-3.0621337890625,0.0981
-2.9412841796875,0.09815000000000002
-2.97943115234375,0.09820000000000001
-3.1890869140625,0.09825
-3.0609130859375,0.09830000000000001
-3.1182861328125,0.09835
-3.0853271484375,0.09840000000000002
-3.22357177734375,0.09845000000000001
-3.25103759765625,0.0985
-3.49884033203125,0.09855000000000001
-3.66546630859375,0.09860000000000001
-3.27880859375,0.09865000000000002
-3.2293701171875,0.09870000000000001
-3.29376220703125,0.09875
-3.28369140625,0.09880000000000001
-3.2220458984375,0.09885000000000001
-3.17230224609375,0.09890000000000002
-2.99346923828125,0.09895000000000001
-3.0133056640625,0.099
-3.23089599609375,0.09905000000000001
-3.21990966796875,0.09910000000000001
-3.07647705078125,0.09915000000000002
-2.89520263671875,0.09920000000000001
-3.3697509765625,0.09925
-3.17718505859375,0.09930000000000001
-3.15216064453125,0.09935000000000001
-3.128662109375,0.09940000000000002
-3.13720703125,0.09945000000000001
-2.9913330078125,0.0995
-3.2464599609375,0.09955000000000001
-3.29376220703125,0.09960000000000001
-3.2525634765625,0.09965000000000002
-3.038330078125,0.09970000000000001
-3.297119140625,0.09975
-2.8204345703125,0.09980000000000001
-2.9193115234375,0.09985000000000001
-3.06610107421875,0.09990000000000002
-3.09783935546875,0.09995000000000001
-3.04962158203125,0.1
-3.05328369140625,0.10005
-3.116455078125,0.10010000000000001
-3.22540283203125,0.10015
-3.5003662109375,0.10020000000000001
-3.5858154296875,0.10025
-3.26873779296875,0.1003
-3.27545166015625,0.10035000000000001
-3.33831787109375,0.1004
-3.27880859375,0.10045000000000001
-3.4271240234375,0.1005
-3.27178955078125,0.10055
-3.477783203125,0.10060000000000001
-3.19183349609375,0.10065
-3.3514404296875,0.10070000000000001
-3.2684326171875,0.10075
-3.326416015625,0.1008
-3.15460205078125,0.10085000000000001
-3.497314453125,0.1009
-3.02093505859375,0.10095000000000001
-3.367919921875,0.101
-3.6181640625,0.10105
-3.5174560546875,0.10110000000000001
-3.19793701171875,0.10115
-3.3599853515625,0.10120000000000001
-3.41278076171875,0.10125
-3.1085205078125,0.1013
-3.28765869140625,0.10135000000000001
-3.12713623046875,0.1014
-3.245849609375,0.10145000000000001
-2.9931640625,0.1015
-2.93182373046875,0.10155
-3.0718994140625,0.10160000000000001
-3.02215576171875,0.10165
-3.067626953125,0.10170000000000001
-3.12957763671875,0.10175000000000001
-2.78076171875,0.1018
-2.97821044921875,0.10185000000000001
-2.90008544921875,0.1019
-2.96722412109375,0.10195
-3.026123046875,0.10200000000000001
-3.1536865234375,0.10205
-3.201904296875,0.10210000000000001
-3.1280517578125,0.10215
-2.989501953125,0.1022
-3.4619140625,0.10225000000000001
-3.1097412109375,0.1023
-2.91015625,0.10235000000000001
-3.15673828125,0.1024
-2.91717529296875,0.10245
-3.0926513671875,0.10250000000000001
-3.03802490234375,0.10255
-2.96051025390625,0.10260000000000001
-2.877197265625,0.10265
-2.99835205078125,0.1027
-3.0615234375,0.10275000000000001
-3.2269287109375,0.1028
-2.962646484375,0.10285000000000001
-3.056640625,0.1029
-2.7703857421875,0.10295
-2.94921875,0.10300000000000001
-3.03924560546875,0.10305
-3.27178955078125,0.10310000000000001
-2.7838134765625,0.10315
-2.9168701171875,0.1032
-2.9248046875,0.10325000000000001
-3.1317138671875,0.1033
-3.28460693359375,0.10335000000000001
-3.21197509765625,0.1034
-2.92999267578125,0.10345
-3.22906494140625,0.10350000000000001
-3.436279296875,0.10355
-3.3477783203125,0.10360000000000001
-3.62945556640625,0.10365
-3.35723876953125,0.1037
-3.7548828125,0.10375000000000001
-3.64532470703125,0.1038
-3.67767333984375,0.10385000000000001
-3.541259765625,0.1039
-3.80035400390625,0.10395
-3.6865234375,0.10400000000000001
-4.02130126953125,0.10405
-3.55224609375,0.10410000000000001
-3.78662109375,0.10415
-4.02587890625,0.1042
-3.9410400390625,0.10425000000000001
-3.626708984375,0.1043
-3.433837890625,0.10435000000000001
-3.4942626953125,0.1044
-3.5968017578125,0.10445
-3.60504150390625,0.10450000000000001
-3.4796142578125,0.10455
-3.6407470703125,0.1046
-3.47442626953125,0.10465
-3.7890625,0.1047
-3.92822265625,0.10475000000000001
-3.40362548828125,0.1048
-3.7054443359375,0.10485
-3.4490966796875,0.10490000000000001
-3.218994140625,0.10495
-3.49853515625,0.10500000000000001
-3.35418701171875,0.10505
-3.140869140625,0.1051
-3.22662353515625,0.10515000000000001
-3.29315185546875,0.1052
-2.9693603515625,0.10525000000000001
-2.85369873046875,0.1053
-2.84759521484375,0.10535
-3.084716796875,0.10540000000000001
-2.80517578125,0.10545
-2.7862548828125,0.10550000000000001
-3.074951171875,0.10555
-2.80059814453125,0.1056
-2.989501953125,0.10565000000000001
-3.07281494140625,0.1057
-2.68218994140625,0.10575000000000001
-2.68035888671875,0.1058
-3.04046630859375,0.10585
-2.9718017578125,0.10590000000000001
-3.03558349609375,0.10595
-3.0206298828125,0.10600000000000001
-2.90924072265625,0.10605
-3.13446044921875,0.1061
-3.2147216796875,0.10615000000000001
-3.29437255859375,0.1062
-3.6383056640625,0.10625000000000001
-3.14483642578125,0.1063
-3.33831787109375,0.10635
-3.16650390625,0.10640000000000001
-3.4967041015625,0.10645
-3.35418701171875,0.10650000000000001
-3.4234619140625,0.10655
-3.04412841796875,0.1066
-3.46588134765625,0.10665000000000001
-3.37249755859375,0.1067
-3.27789306640625,0.10675000000000001
-3.12103271484375,0.1068
-3.03802490234375,0.10685
-3.167724609375,0.10690000000000001
-2.84210205078125,0.10695
-2.95928955078125,0.10700000000000001
-2.92816162109375,0.10705
-2.8564453125,0.1071
-2.615966796875,0.10715000000000001
-2.90924072265625,0.1072
-2.734375,0.10725000000000001
-2.90252685546875,0.1073
-3.0023193359375,0.10735
-2.79754638671875,0.10740000000000001
-2.674560546875,0.10745
-2.77496337890625,0.10750000000000001
-2.4896240234375,0.10755
-2.7166748046875,0.1076
-2.75360107421875,0.10765000000000001
-2.53692626953125,0.1077
-2.6190185546875,0.10775000000000001
-2.4932861328125,0.1078
-2.92144775390625,0.10785
-2.943115234375,0.10790000000000001
-2.49755859375,0.10795
-2.786865234375,0.10800000000000001
-2.87506103515625,0.10805000000000001
-2.7288818359375,0.1081
-2.9058837890625,0.10815000000000001
-2.98370361328125,0.1082
-2.64404296875,0.10825000000000001
-2.923583984375,0.10830000000000001
-2.94525146484375,0.10835
-2.783203125,0.10840000000000001
-2.8900146484375,0.10845
-2.79998779296875,0.10850000000000001
-2.83050537109375,0.10855000000000001
-2.60345458984375,0.1086
-2.71942138671875,0.10865000000000001
-3.094482421875,0.1087
-3.0963134765625,0.10875000000000001
-3.0169677734375,0.10880000000000001
-3.11248779296875,0.10885
-2.69012451171875,0.10890000000000001
-2.7532958984375,0.10895
-3.109130859375,0.10900000000000001
-3.19488525390625,0.10905000000000001
-2.9827880859375,0.1091
-2.9180908203125,0.10915000000000001
-2.99407958984375,0.1092
-3.1378173828125,0.10925000000000001
-3.0865478515625,0.10930000000000001
-3.09600830078125,0.10935
-3.15338134765625,0.10940000000000001
-2.828369140625,0.10945
-3.08990478515625,0.1095
-3.0035400390625,0.10955000000000001
-3.0938720703125,0.1096
-2.95379638671875,0.10965000000000001
-3.3843994140625,0.1097
-2.85552978515625,0.10975
-3.1060791015625,0.10980000000000001
-3.2647705078125,0.10985
-3.143310546875,0.10990000000000001
-3.25531005859375,0.10995
-3.22906494140625,0.11
-3.24676513671875,0.11005000000000001
-3.251953125,0.1101
-3.3099365234375,0.11015000000000001
-3.38592529296875,0.1102
-3.25347900390625,0.11025
-3.0181884765625,0.11030000000000001
-3.11553955078125,0.11035
-3.13873291015625,0.11040000000000001
-3.30902099609375,0.11045
-3.08746337890625,0.1105
-3.28399658203125,0.11055000000000001
-3.26507568359375,0.1106
-3.33984375,0.11065
-3.14453125,0.1107
-3.419189453125,0.11075
-3.1842041015625,0.11080000000000001
-3.33465576171875,0.11085
-3.04534912109375,0.1109
-3.2861328125,0.11095000000000001
-3.3587646484375,0.111
-3.29864501953125,0.11105000000000001
-3.043212890625,0.1111
-3.02276611328125,0.11115
-3.22540283203125,0.11120000000000001
-2.84942626953125,0.11125
-2.94219970703125,0.11130000000000001
-3.05908203125,0.11135
-3.00506591796875,0.1114
-2.94586181640625,0.11145000000000001
-3.170166015625,0.1115
-3.10150146484375,0.11155000000000001
-3.27423095703125,0.1116
-3.1280517578125,0.11165
-3.1085205078125,0.11170000000000001
-3.0548095703125,0.11175
-3.0255126953125,0.11180000000000001
-3.3807373046875,0.11185
-3.3258056640625,0.1119
-3.17840576171875,0.11195000000000001
-3.135986328125,0.112
-2.8973388671875,0.11205000000000001
-3.14300537109375,0.1121
-3.115234375,0.11215
-3.1341552734375,0.11220000000000001
-2.95257568359375,0.11225
-2.74932861328125,0.11230000000000001
-3.13446044921875,0.11235
-3.0426025390625,0.1124
-3.0126953125,0.11245000000000001
-3.07708740234375,0.1125
-3.2696533203125,0.11255000000000001
-3.27239990234375,0.1126
-3.36090087890625,0.11265
-3.3624267578125,0.11270000000000001
-3.3489990234375,0.11275
-3.13323974609375,0.11280000000000001
-3.47686767578125,0.11285
-3.074951171875,0.1129
-3.15643310546875,0.11295000000000001
-3.21533203125,0.113
-3.05450439453125,0.11305000000000001
-2.97119140625,0.1131
-3.04931640625,0.11315
-2.95867919921875,0.11320000000000001
-3.30169677734375,0.11325
-3.3660888671875,0.11330000000000001
-3.12835693359375,0.11335
-3.01666259765625,0.1134
-2.8961181640625,0.11345000000000001
-3.1512451171875,0.1135
-3.1298828125,0.11355000000000001
-3.15704345703125,0.1136
-2.75146484375,0.11365
-2.89154052734375,0.11370000000000001
-2.899169921875,0.11375
-3.15399169921875,0.11380000000000001
-2.89154052734375,0.11385
-2.8179931640625,0.1139
-2.75360107421875,0.11395000000000001
-3.06976318359375,0.114
-2.841796875,0.11405000000000001
-3.031005859375,0.11410000000000001
-2.98614501953125,0.11415
-3.17962646484375,0.11420000000000001
-2.98187255859375,0.11425
-2.93792724609375,0.11430000000000001
-2.95806884765625,0.11435000000000001
-2.7978515625,0.1144
-2.940673828125,0.11445000000000001
-3.1854248046875,0.1145
-3.038330078125,0.11455000000000001
-2.869873046875,0.11460000000000001
-3.06732177734375,0.11465
-2.84454345703125,0.11470000000000001
-3.21441650390625,0.11475
-3.050537109375,0.11480000000000001
-2.80120849609375,0.11485000000000001
-2.8045654296875,0.1149
-2.99530029296875,0.11495000000000001
-3.0029296875,0.115
-3.08197021484375,0.11505000000000001
-3.333740234375,0.11510000000000001
-2.967529296875,0.11515
-2.95745849609375,0.11520000000000001
-3.26416015625,0.11525
-2.9876708984375,0.11530000000000001
-3.2342529296875,0.11535000000000001
-2.95318603515625,0.1154
-3.0078125,0.11545000000000001
-3.38043212890625,0.1155
-3.02581787109375,0.11555000000000001
-2.9656982421875,0.11560000000000001
-2.95013427734375,0.11565
-3.173828125,0.11570000000000001
-2.96783447265625,0.11575
-3.0291748046875,0.11580000000000001
-3.04656982421875,0.11585000000000001
-3.16375732421875,0.1159
-2.98309326171875,0.11595000000000001
-3.037109375,0.116
-2.88299560546875,0.11605000000000001
-2.99468994140625,0.11610000000000001
-3.18603515625,0.11615
-3.15032958984375,0.1162
-2.989501953125,0.11625
-3.1182861328125,0.11630000000000001
-2.9754638671875,0.11635000000000001
-3.25836181640625,0.1164
-3.64013671875,0.11645
-3.45703125,0.1165
-3.038330078125,0.11655000000000001
-3.35784912109375,0.11660000000000001
-3.47320556640625,0.11665
-3.41094970703125,0.1167
-3.45062255859375,0.11675
-3.01116943359375,0.11680000000000001
-3.13323974609375,0.11685000000000001
-2.9296875,0.1169
-3.1085205078125,0.11695
-2.85858154296875,0.117
-2.93365478515625,0.11705
-2.91595458984375,0.11710000000000001
-3.16192626953125,0.11715
-2.845458984375,0.1172
-3.1170654296875,0.11725000000000001
-3.17474365234375,0.1173
-3.36639404296875,0.11735000000000001
-3.14239501953125,0.1174
-3.1842041015625,0.11745
-3.3154296875,0.11750000000000001
-3.0926513671875,0.11755
-3.199462890625,0.11760000000000001
-3.1231689453125,0.11765
-2.90924072265625,0.1177
-3.0621337890625,0.11775000000000001
-2.9901123046875,0.1178
-3.09326171875,0.11785000000000001
-3.20526123046875,0.1179
-3.11309814453125,0.11795
-3.1549072265625,0.11800000000000001
-2.98095703125,0.11805
-3.36639404296875,0.11810000000000001
-3.377685546875,0.11815
-3.36578369140625,0.1182
-3.2513427734375,0.11825000000000001
-3.17901611328125,0.1183
-3.2501220703125,0.11835000000000001
-3.2586669921875,0.1184
-2.79541015625,0.11845
-3.08380126953125,0.11850000000000001
-3.07342529296875,0.11855
-2.68310546875,0.11860000000000001
-3.03741455078125,0.11865
-2.97332763671875,0.1187
-3.02154541015625,0.11875000000000001
-2.989501953125,0.1188
-2.95501708984375,0.11885000000000001
-2.9010009765625,0.1189
-2.95684814453125,0.11895
-3.03863525390625,0.11900000000000001
-2.9302978515625,0.11905
-2.7349853515625,0.11910000000000001
-2.89154052734375,0.11915
-2.97210693359375,0.1192
-3.017578125,0.11925000000000001
-3.1549072265625,0.1193
-3.04656982421875,0.11935000000000001
-2.7178955078125,0.1194
-2.81036376953125,0.11945
-2.886962890625,0.11950000000000001
-2.9315185546875,0.11955
-3.0523681640625,0.11960000000000001
-2.933349609375,0.11965
-2.61871337890625,0.1197
-2.8369140625,0.11975000000000001
-3.04779052734375,0.1198
-2.9278564453125,0.11985000000000001
-2.9498291015625,0.1199
-2.93121337890625,0.11995
-2.9425048828125,0.12000000000000001
-2.933349609375,0.12005
-2.93426513671875,0.12010000000000001
-3.00872802734375,0.12015
-2.9901123046875,0.1202
-2.69622802734375,0.12025000000000001
-3.1658935546875,0.1203
-2.8228759765625,0.12035000000000001
-3.06671142578125,0.12040000000000001
-2.8948974609375,0.12045
-3.0322265625,0.12050000000000001
-2.89215087890625,0.12055
-2.87078857421875,0.12060000000000001
-2.90283203125,0.12065000000000001
-2.86102294921875,0.1207
-3.0682373046875,0.12075000000000001
-2.889404296875,0.1208
-2.711181640625,0.12085000000000001
-2.68585205078125,0.12090000000000001
-2.97119140625,0.12095
-2.9949951171875,0.12100000000000001
-2.880859375,0.12105
-2.65869140625,0.12110000000000001
-3.04443359375,0.12115000000000001
-2.77862548828125,0.1212
-3.14422607421875,0.12125000000000001
-2.85736083984375,0.1213
-2.957763671875,0.12135000000000001
-2.74200439453125,0.12140000000000001
-2.9296875,0.12145
-2.7734375,0.12150000000000001
-2.84027099609375,0.12155
-2.8271484375,0.12160000000000001
-2.81707763671875,0.12165000000000001
-2.850341796875,0.1217
-2.5067138671875,0.12175000000000001
-2.8875732421875,0.1218
-3.0096435546875,0.12185000000000001
-2.8961181640625,0.12190000000000001
-2.75604248046875,0.12195
-2.9608154296875,0.12200000000000001
-2.82745361328125,0.12205
-3.0377197265625,0.12210000000000001
-3.1170654296875,0.12215000000000001
-2.7191162109375,0.1222
-2.86468505859375,0.12225000000000001
-2.8070068359375,0.1223
-2.84454345703125,0.12235000000000001
-3.0267333984375,0.12240000000000001
-3.094482421875,0.12245
-3.04534912109375,0.12250000000000001
-2.68707275390625,0.12255
-3.074951171875,0.12260000000000001
-3.19091796875,0.12265000000000001
-3.18267822265625,0.1227
-3.09661865234375,0.12275
-3.20343017578125,0.1228
-2.91168212890625,0.12285000000000001
-3.070068359375,0.12290000000000001
-3.15887451171875,0.12295
-3.267822265625,0.123
-3.15521240234375,0.12305
-3.14910888671875,0.12310000000000001
-3.319091796875,0.12315000000000001
-3.1134033203125,0.1232
-3.297119140625,0.12325
-3.33038330078125,0.1233
-3.30718994140625,0.12335000000000002
-3.09051513671875,0.12340000000000001
-3.34625244140625,0.12345
-3.094482421875,0.1235
-3.17108154296875,0.12355000000000001
-3.06427001953125,0.1236
-3.3587646484375,0.12365000000000001
-2.99530029296875,0.1237
-3.2635498046875,0.12375
-3.41705322265625,0.12380000000000001
-3.13323974609375,0.12385
-3.3709716796875,0.12390000000000001
-3.1756591796875,0.12395
-3.10699462890625,0.124
-3.056640625,0.12405000000000001
-3.3367919921875,0.1241
-3.43719482421875,0.12415000000000001
-3.1842041015625,0.1242
-2.95440673828125,0.12425
-3.22174072265625,0.12430000000000001
-3.04931640625,0.12435
-3.1243896484375,0.12440000000000001
-3.05694580078125,0.12445
-3.2330322265625,0.1245
-3.02276611328125,0.12455000000000001
-3.17840576171875,0.1246
-3.26904296875,0.12465000000000001
-3.26690673828125,0.1247
-3.16650390625,0.12475
-3.28338623046875,0.12480000000000001
-3.199462890625,0.12485
-2.98797607421875,0.12490000000000001
-3.2806396484375,0.12495
-3.1378173828125,0.125
-3.05267333984375,0.12505
-2.9730224609375,0.1251
-3.0413818359375,0.12514999999999998
-2.91778564453125,0.1252
-3.255615234375,0.12525
-3.2269287109375,0.1253
-2.77557373046875,0.12535
-2.96234130859375,0.1254
-3.309326171875,0.12545
-3.0517578125,0.1255
-3.43475341796875,0.12555
-3.2830810546875,0.1256
-3.36578369140625,0.12564999999999998
-3.35205078125,0.1257
-3.56292724609375,0.12575
-3.3843994140625,0.1258
-3.37799072265625,0.12585
-3.3441162109375,0.1259
-3.3642578125,0.12595
-3.22052001953125,0.126
-3.182373046875,0.12605
-3.22784423828125,0.1261
-3.389892578125,0.12614999999999998
-3.41705322265625,0.1262
-3.09326171875,0.12625
-3.35693359375,0.1263
-3.22540283203125,0.12635
-3.20953369140625,0.1264
-3.36669921875,0.12645
-3.20404052734375,0.1265
-3.4136962890625,0.12655
-3.54705810546875,0.1266
-3.34320068359375,0.12664999999999998
-3.20892333984375,0.1267
-3.10333251953125,0.12675
-3.13690185546875,0.1268
-2.69073486328125,0.12685
-2.8680419921875,0.1269
-3.0767822265625,0.12695
-2.84454345703125,0.127
-2.85369873046875,0.12705
-2.92022705078125,0.1271
-2.8277587890625,0.12714999999999999
-2.97943115234375,0.1272
-3.1890869140625,0.12725
-3.10211181640625,0.1273
-3.232421875,0.12735
-2.91839599609375,0.1274
-3.32061767578125,0.12745
-3.1549072265625,0.1275
-3.028564453125,0.12755
-2.9315185546875,0.1276
-3.1756591796875,0.12764999999999999
-2.97271728515625,0.1277
-3.08563232421875,0.12775
-2.91656494140625,0.1278
-3.18878173828125,0.12785
-2.8521728515625,0.1279
-3.0108642578125,0.12795
-3.06640625,0.128
-3.1884765625,0.12805
-3.2684326171875,0.1281
-3.19091796875,0.12815
-2.91015625,0.1282
-2.94158935546875,0.12825
-2.85430908203125,0.1283
-2.9656982421875,0.12835
-3.30230712890625,0.12840000000000001
-3.023681640625,0.12845
-2.69775390625,0.1285
-2.64190673828125,0.12855
-2.880859375,0.1286
-2.60498046875,0.12865
-2.89520263671875,0.1287
-2.83599853515625,0.12875
-2.76885986328125,0.1288
-2.799072265625,0.12885
-2.8594970703125,0.1289
-2.7008056640625,0.12895
-2.71942138671875,0.129
-2.96722412109375,0.12905
-2.9779052734375,0.1291
-2.786865234375,0.12915
-2.8558349609375,0.1292
-2.847900390625,0.12925
-3.1109619140625,0.1293
-2.64892578125,0.12935
-2.77374267578125,0.1294
-2.928466796875,0.12945
-2.8363037109375,0.1295
-2.706298828125,0.12955
-2.9681396484375,0.1296
-2.7801513671875,0.12965
-2.7587890625,0.1297
-3.19549560546875,0.12975
-3.27301025390625,0.1298
-3.153076171875,0.12985
-3.145751953125,0.1299
-3.12225341796875,0.12995
-2.945556640625,0.13
-3.314208984375,0.13005
-3.6083984375,0.1301
-3.4918212890625,0.13015
-3.40484619140625,0.1302
-3.52691650390625,0.13025
-3.4747314453125,0.1303
-3.59832763671875,0.13035
-3.642578125,0.1304
-3.66943359375,0.13045
-3.4918212890625,0.1305
-3.4967041015625,0.13055
-3.685302734375,0.1306
-3.42742919921875,0.13065
-3.64837646484375,0.1307
-3.35601806640625,0.13075
-3.577880859375,0.1308
-3.2763671875,0.13085
-3.37432861328125,0.1309
-3.25103759765625,0.13095
-3.2830810546875,0.131
-3.12103271484375,0.13105
-3.338623046875,0.1311
-3.07861328125,0.13115
-3.302001953125,0.1312
-3.6163330078125,0.13125
-3.25286865234375,0.1313
-2.803955078125,0.13135
-2.9327392578125,0.1314
-2.89031982421875,0.13145
-2.7362060546875,0.1315
-2.92724609375,0.13155
-2.73345947265625,0.1316
-2.447509765625,0.13165
-2.3919677734375,0.13169999999999998
-2.58758544921875,0.13175
-2.37518310546875,0.1318
-2.42767333984375,0.13185
-2.5054931640625,0.1319
-2.54150390625,0.13195
-2.55096435546875,0.132
-2.7716064453125,0.13205
-2.7423095703125,0.1321
-2.58941650390625,0.13215
-3.00140380859375,0.13219999999999998
-3.1463623046875,0.13225
-2.852783203125,0.1323
-3.28399658203125,0.13235
-3.11065673828125,0.1324
-3.48876953125,0.13245
-3.1878662109375,0.1325
-3.07220458984375,0.13255
-3.33251953125,0.1326
-3.360595703125,0.13265
-3.17413330078125,0.13269999999999998
-3.6968994140625,0.13275
-3.08990478515625,0.1328
-2.84942626953125,0.13285
-3.58795166015625,0.1329
-3.6114501953125,0.13295
-3.150634765625,0.133
-3.065185546875,0.13305
-3.28765869140625,0.1331
-3.05908203125,0.13315
-3.3642578125,0.13319999999999999
-3.411865234375,0.13325
-3.30108642578125,0.1333
-2.9180908203125,0.13335
-3.00933837890625,0.1334
-3.10333251953125,0.13345
-3.089599609375,0.1335
-3.15399169921875,0.13355
-3.14666748046875,0.1336
-2.70416259765625,0.13365
-2.82196044921875,0.13369999999999999
-3.104248046875,0.13375
-2.8399658203125,0.1338
-2.96783447265625,0.13385
-3.0364990234375,0.1339
-2.8704833984375,0.13395
-2.962646484375,0.134
-3.092041015625,0.13405
-3.011474609375,0.1341
-2.97515869140625,0.13415
-2.7777099609375,0.13419999999999999
-3.35479736328125,0.13425
-3.0621337890625,0.1343
-3.1390380859375,0.13435
-3.27301025390625,0.1344
-3.37188720703125,0.13445000000000001
-3.1158447265625,0.1345
-3.1591796875,0.13455
-3.22265625,0.1346
-3.21044921875,0.13465
-3.38623046875,0.1347
-3.3026123046875,0.13475
-3.1097412109375,0.1348
-3.12835693359375,0.13485
-3.27606201171875,0.1349
-3.128662109375,0.13495
-3.09906005859375,0.135
-3.12591552734375,0.13505
-3.53363037109375,0.1351
-3.0938720703125,0.13515
-3.21868896484375,0.1352
-3.436279296875,0.13525
-3.223876953125,0.1353
-3.06427001953125,0.13535
-3.2623291015625,0.1354
-2.93609619140625,0.13545
-3.0499267578125,0.1355
-2.90374755859375,0.13555
-3.12530517578125,0.1356
-3.00567626953125,0.13565
-2.926025390625,0.1357
-3.46435546875,0.13575
-3.43505859375,0.1358
-3.1585693359375,0.13585
-3.3087158203125,0.1359
-3.08990478515625,0.13595
-2.95257568359375,0.136
-3.44329833984375,0.13605
-3.2867431640625,0.1361
-3.06488037109375,0.13615
-3.09967041015625,0.1362
-3.193359375,0.13625
-2.94158935546875,0.1363
-3.08013916015625,0.13635
-3.30474853515625,0.1364
-3.1976318359375,0.13645
-2.9095458984375,0.1365
-3.1707763671875,0.13655
-3.4014892578125,0.1366
-3.39111328125,0.13665
-3.17718505859375,0.1367
-3.55560302734375,0.13675
-3.00445556640625,0.1368
-3.2647705078125,0.13685
-3.35540771484375,0.1369
-3.17291259765625,0.13695
-3.2037353515625,0.137
-3.0841064453125,0.13705
-3.1097412109375,0.1371
-3.3056640625,0.13715
-3.26080322265625,0.1372
-3.4521484375,0.13725
-3.27484130859375,0.1373
-2.93243408203125,0.13735
-3.40911865234375,0.1374
-3.363037109375,0.13745
-3.369140625,0.1375
-3.1121826171875,0.13755
-3.35235595703125,0.1376
-3.0487060546875,0.13765
-3.47015380859375,0.1377
-3.39691162109375,0.13775
-3.1390380859375,0.1378
-3.26629638671875,0.13785
-3.128662109375,0.1379
-3.03741455078125,0.13795
-3.1793212890625,0.138
-3.18634033203125,0.13805
-3.25927734375,0.1381
-3.05206298828125,0.13815
-2.901611328125,0.1382
-3.55865478515625,0.13825
-3.1982421875,0.1383
-3.16162109375,0.13835
-3.3123779296875,0.1384
-2.9388427734375,0.13845
-3.0792236328125,0.1385
-3.18359375,0.13855
-2.97271728515625,0.1386
-2.9986572265625,0.13865
-2.8662109375,0.1387
-3.12713623046875,0.13875
-2.7392578125,0.1388
-2.67547607421875,0.13885
-3.06732177734375,0.1389
-2.9449462890625,0.13895
-2.7972412109375,0.139
-2.79052734375,0.13905
-2.8985595703125,0.1391
-2.8668212890625,0.13915
-3.0889892578125,0.1392
-3.30718994140625,0.13924999999999998
-2.7783203125,0.1393
-2.88848876953125,0.13935
-2.91107177734375,0.1394
-2.67120361328125,0.13945
-2.8118896484375,0.1395
-2.83050537109375,0.13955
-2.806396484375,0.1396
-2.78778076171875,0.13965
-2.7325439453125,0.1397
-3.02764892578125,0.13974999999999999
-2.93701171875,0.1398
-2.681884765625,0.13985
-3.0755615234375,0.1399
-2.69500732421875,0.13995
-2.833251953125,0.14
-2.80670166015625,0.14005
-2.8485107421875,0.1401
-2.57965087890625,0.14015
-2.76824951171875,0.1402
-2.80487060546875,0.14024999999999999
-3.09814453125,0.1403
-2.88421630859375,0.14035
-2.9052734375,0.1404
-2.7484130859375,0.14045
-2.64739990234375,0.1405
-2.90740966796875,0.14055
-2.80609130859375,0.1406
-2.9241943359375,0.14065
-2.64801025390625,0.1407
-2.95074462890625,0.14075
-2.6763916015625,0.1408
-2.94586181640625,0.14085
-2.93975830078125,0.1409
-2.66845703125,0.14095
-2.88665771484375,0.14100000000000001
-2.93731689453125,0.14105
-2.7783203125,0.1411
-3.05877685546875,0.14115
-2.9254150390625,0.1412
-3.14361572265625,0.14125
-2.90496826171875,0.1413
-2.79541015625,0.14135
-3.02520751953125,0.1414
-2.677001953125,0.14145
-2.92999267578125,0.1415
-2.82745361328125,0.14155
-2.681884765625,0.1416
-2.84515380859375,0.14165
-3.101806640625,0.1417
-3.11370849609375,0.14175
-2.996826171875,0.1418
-3.07373046875,0.14185
-3.072509765625,0.1419
-3.0078125,0.14195
-3.0615234375,0.142
-3.2568359375,0.14205
-3.39324951171875,0.1421
-3.10211181640625,0.14215
-3.13201904296875,0.1422
-3.2183837890625,0.14225
-3.09600830078125,0.1423
-3.13568115234375,0.14235
-3.34197998046875,0.1424
-2.86102294921875,0.14245
-3.03436279296875,0.1425
-3.19671630859375,0.14255
-3.1048583984375,0.1426
-3.01849365234375,0.14265
-3.26690673828125,0.1427
-3.33831787109375,0.14275
-3.10333251953125,0.1428
-3.31512451171875,0.14285
-3.41217041015625,0.1429
-3.36456298828125,0.14295
-3.08807373046875,0.143
-3.29132080078125,0.14305
-2.906494140625,0.1431
-3.20953369140625,0.14315
-3.1317138671875,0.1432
-3.232421875,0.14325
-2.896728515625,0.1433
-2.8076171875,0.14335
-3.27972412109375,0.1434
-3.25286865234375,0.14345
-3.18267822265625,0.1435
-3.04534912109375,0.14355
-3.07281494140625,0.1436
-3.2220458984375,0.14365
-3.43017578125,0.1437
-3.50250244140625,0.14375
-3.23974609375,0.1438
-2.913818359375,0.14385
-3.140869140625,0.1439
-2.8753662109375,0.14395
-3.00323486328125,0.144
-3.03436279296875,0.14405
-2.803955078125,0.1441
-2.71270751953125,0.14415
-2.9217529296875,0.1442
-2.93975830078125,0.14425
-2.987060546875,0.1443
-2.9742431640625,0.14435
-3.22784423828125,0.1444
-2.89215087890625,0.14445
-2.95989990234375,0.1445
-2.94342041015625,0.14455
-2.86956787109375,0.1446
-3.00506591796875,0.14465
-2.811279296875,0.1447
-2.91473388671875,0.14475
-2.8759765625,0.1448
-3.05450439453125,0.14485
-2.97210693359375,0.1449
-2.8704833984375,0.14495
-2.81707763671875,0.145
-3.082275390625,0.14505
-2.96173095703125,0.1451
-3.10455322265625,0.14515
-3.16741943359375,0.1452
-3.1982421875,0.14525
-2.9437255859375,0.1453
-3.1732177734375,0.14535
-3.21807861328125,0.1454
-2.93609619140625,0.14545
-3.03009033203125,0.1455
-2.94189453125,0.14555
-2.825927734375,0.1456
-2.8363037109375,0.14565
-2.80181884765625,0.1457
-3.10791015625,0.14575
-2.74200439453125,0.1458
-2.8582763671875,0.14585
-2.91839599609375,0.1459
-2.7545166015625,0.14595
-2.987060546875,0.146
-3.15826416015625,0.14605
-2.8643798828125,0.1461
-2.85247802734375,0.14615
-3.22723388671875,0.1462
-3.052978515625,0.14625
-3.00140380859375,0.1463
-2.93121337890625,0.14635
-3.08929443359375,0.1464
-2.7557373046875,0.14645
-2.81494140625,0.1465
-2.818603515625,0.14655
-2.98248291015625,0.1466
-3.09478759765625,0.14665
-2.713623046875,0.1467
-2.83538818359375,0.14675
-2.99774169921875,0.14679999999999999
-3.11370849609375,0.14685
-3.2330322265625,0.1469
-3.0450439453125,0.14695
-2.78167724609375,0.147
-3.03131103515625,0.14705
-2.918701171875,0.1471
-3.09173583984375,0.14715
-2.74261474609375,0.1472
-3.05572509765625,0.14725
-2.730712890625,0.1473
-2.6239013671875,0.14735
-2.73468017578125,0.1474
-2.85400390625,0.14745
-2.71209716796875,0.1475
-2.8802490234375,0.14755
-2.43560791015625,0.1476
-2.71148681640625,0.14765
-2.8411865234375,0.1477
-2.88848876953125,0.14775
-2.76397705078125,0.1478
-2.816162109375,0.14785
-2.691650390625,0.1479
-2.8985595703125,0.14795
-2.889404296875,0.148
-2.76397705078125,0.14805
-2.83355712890625,0.1481
-2.6483154296875,0.14815
-2.87139892578125,0.1482
-2.80029296875,0.14825
-2.81646728515625,0.1483
-2.89520263671875,0.14835
-2.68310546875,0.1484
-2.44537353515625,0.14845
-2.838134765625,0.1485
-2.74444580078125,0.14855
-2.606201171875,0.1486
-2.733154296875,0.14865
-2.9095458984375,0.1487
-2.75787353515625,0.14875
-2.7520751953125,0.1488
-2.9229736328125,0.14885
-3.13201904296875,0.1489
-2.72308349609375,0.14895
-2.92724609375,0.149
-2.87353515625,0.14905
-2.85400390625,0.1491
-3.00872802734375,0.14915
-3.28521728515625,0.1492
-2.85369873046875,0.14925
-2.83935546875,0.1493
-3.19915771484375,0.14935
-3.20068359375,0.1494
-3.2098388671875,0.14945
-2.98431396484375,0.1495
-3.01055908203125,0.14955
-3.1982421875,0.1496
-3.1890869140625,0.14965
-3.20587158203125,0.1497
-3.4173583984375,0.14975
-3.04656982421875,0.1498
-3.2659912109375,0.14985
-3.0084228515625,0.1499
-3.1878662109375,0.14995
-3.1781005859375,0.15
-3.24951171875,0.15005
-3.0267333984375,0.15009999999999998
-3.153076171875,0.15015
-3.14056396484375,0.1502
-3.172607421875,0.15025
-3.19244384765625,0.1503
-3.04931640625,0.15034999999999998
-3.21746826171875,0.1504
-2.8619384765625,0.15045
-2.99560546875,0.1505
-3.092041015625,0.15055
-3.126220703125,0.15059999999999998
-2.87567138671875,0.15065
-3.24493408203125,0.1507
-2.9180908203125,0.15075
-3.15826416015625,0.1508
-3.29986572265625,0.15084999999999998
-3.25225830078125,0.1509
-2.7789306640625,0.15095
-3.02032470703125,0.151
-2.9046630859375,0.15105
-3.0584716796875,0.15109999999999998
-2.97119140625,0.15115
-2.6806640625,0.1512
-2.90313720703125,0.15125
-2.5567626953125,0.1513
-3.07708740234375,0.15134999999999998
-3.153076171875,0.1514
-2.7447509765625,0.15145
-2.98187255859375,0.1515
-3.0035400390625,0.15155
-2.8509521484375,0.15159999999999998
-3.11492919921875,0.15165
-3.17169189453125,0.1517
-2.99407958984375,0.15175
-3.12469482421875,0.1518
-3.204345703125,0.15184999999999998
-3.1982421875,0.1519
-3.167724609375,0.15195
-3.23760986328125,0.152
-3.2965087890625,0.15205
-2.86834716796875,0.15209999999999999
-3.1500244140625,0.15215
-3.43017578125,0.1522
-3.31573486328125,0.15225
-3.2733154296875,0.1523
-3.31817626953125,0.15234999999999999
-3.03466796875,0.1524
-2.90191650390625,0.15245
-3.29437255859375,0.1525
-3.32427978515625,0.15255
-3.1805419921875,0.15259999999999999
-3.184814453125,0.15265
-3.1048583984375,0.1527
-3.20404052734375,0.15275
-3.31695556640625,0.1528
-3.4222412109375,0.15284999999999999
-3.69659423828125,0.1529
-3.031005859375,0.15295
-3.5980224609375,0.153
-3.2391357421875,0.15305
-3.148193359375,0.15309999999999999
-3.1329345703125,0.15315
-3.31298828125,0.1532
-2.8765869140625,0.15325
-2.9718017578125,0.1533
-2.8851318359375,0.15335
-2.97149658203125,0.15339999999999998
-3.0364990234375,0.15345
-2.926025390625,0.1535
-3.05450439453125,0.15355
-2.85675048828125,0.1536
-2.99652099609375,0.15364999999999998
-3.1719970703125,0.1537
-2.9632568359375,0.15375
-2.55767822265625,0.1538
-2.943115234375,0.15385
-2.734375,0.15389999999999998
-3.1719970703125,0.15395
-3.00811767578125,0.154
-2.96966552734375,0.15405
-2.80609130859375,0.1541
-3.02093505859375,0.15414999999999998
-2.75543212890625,0.1542
-3.0938720703125,0.15425
-3.08319091796875,0.1543
-2.923583984375,0.15435
-3.031005859375,0.15439999999999998
-2.71087646484375,0.15445
-3.13720703125,0.1545
-3.1756591796875,0.15455
-2.713623046875,0.1546
-2.81463623046875,0.15464999999999998
-3.10638427734375,0.1547
-2.72796630859375,0.15475
-3.0194091796875,0.1548
-3.1781005859375,0.15485
-2.8558349609375,0.15489999999999998
-2.89886474609375,0.15495
-3.074951171875,0.155
-2.9144287109375,0.15505
-3.048095703125,0.1551
-2.977294921875,0.15514999999999998
-2.96722412109375,0.1552
-2.93731689453125,0.15525
-3.0426025390625,0.1553
-3.3978271484375,0.15535
-3.33526611328125,0.15539999999999998
-3.2696533203125,0.15545
-3.49884033203125,0.1555
-3.33648681640625,0.15555
-3.24493408203125,0.1556
-3.7994384765625,0.15564999999999998
-3.82476806640625,0.1557
-3.6663818359375,0.15575
-3.57330322265625,0.1558
-3.70025634765625,0.15585
-3.78814697265625,0.15589999999999998
-3.4881591796875,0.15595
-3.73321533203125,0.156
-3.7628173828125,0.15605
-3.4423828125,0.1561
-3.60809326171875,0.15614999999999998
-3.328857421875,0.1562
-3.45245361328125,0.15625
-3.43231201171875,0.1563
-3.66485595703125,0.15635
-3.2470703125,0.15639999999999998
-3.194580078125,0.15645
-3.47686767578125,0.1565
-3.3978271484375,0.15655
-3.52203369140625,0.1566
-3.32427978515625,0.15664999999999998
-3.6859130859375,0.1567
-3.46435546875,0.15675
-3.60443115234375,0.1568
-3.42010498046875,0.15685
-3.45062255859375,0.15689999999999998
-2.94891357421875,0.15695
-3.1097412109375,0.157
-2.91015625,0.15705
-3.0670166015625,0.1571
-2.9052734375,0.15714999999999998
-3.06060791015625,0.1572
-2.83538818359375,0.15725
-2.82196044921875,0.1573
-2.79510498046875,0.15735
-3.00994873046875,0.15739999999999998
-2.77496337890625,0.15745
-3.02276611328125,0.1575
-3.01910400390625,0.15755
-2.933349609375,0.1576
-3.15765380859375,0.15764999999999998
-3.20648193359375,0.1577
-3.173828125,0.15775
-2.9681396484375,0.1578
-2.99163818359375,0.15785
-2.9132080078125,0.15789999999999998
-3.23699951171875,0.15795
-3.1866455078125,0.158
-3.18634033203125,0.15805
-3.089599609375,0.1581
-3.431396484375,0.15814999999999999
-3.27545166015625,0.1582
-3.4716796875,0.15825
-3.32916259765625,0.1583
-3.40179443359375,0.15835
-3.28094482421875,0.15839999999999999
-3.3843994140625,0.15845
-3.541259765625,0.1585
-3.4222412109375,0.15855
-2.93487548828125,0.1586
-3.1488037109375,0.15864999999999999
-3.0859375,0.1587
-2.94219970703125,0.15875
-3.08197021484375,0.1588
-2.94769287109375,0.15885
-3.1378173828125,0.15889999999999999
-2.68463134765625,0.15894999999999998
-2.77191162109375,0.159
-2.90679931640625,0.15905
-2.64556884765625,0.1591
-2.7996826171875,0.15914999999999999
-2.92816162109375,0.1592
-2.786865234375,0.15925
-2.76031494140625,0.1593
-2.78717041015625,0.15935
-2.9266357421875,0.1594
-2.728271484375,0.15944999999999998
-2.97943115234375,0.1595
-2.6416015625,0.15955
-2.7679443359375,0.1596
-2.95562744140625,0.15965
-2.77496337890625,0.1597
-2.64923095703125,0.15975
-2.6220703125,0.1598
-2.70751953125,0.15985
-2.69927978515625,0.1599
-2.9388427734375,0.15994999999999998
-2.51708984375,0.16
-2.81646728515625,0.16005
-2.74749755859375,0.1601
-2.91473388671875,0.16015
-2.95623779296875,0.1602
-3.043212890625,0.16025
-2.701416015625,0.1603
-3.11004638671875,0.16035
-2.8253173828125,0.1604
-3.01544189453125,0.16044999999999998
-2.77191162109375,0.1605
-3.11370849609375,0.16055
-2.7899169921875,0.1606
-2.9498291015625,0.16065
-2.63397216796875,0.1607
-2.7294921875,0.16075
-2.9608154296875,0.1608
-2.95867919921875,0.16085
-2.7301025390625,0.1609
-2.71148681640625,0.16094999999999998
-2.82318115234375,0.161
-2.71240234375,0.16105
-2.93701171875,0.1611
-2.79876708984375,0.16115
-2.7972412109375,0.16119999999999998
-2.71392822265625,0.16125
-2.9541015625,0.1613
-2.78717041015625,0.16135
-2.96478271484375,0.1614
-2.7593994140625,0.16144999999999998
-2.79205322265625,0.1615
-2.78045654296875,0.16155
-3.00445556640625,0.1616
-3.00384521484375,0.16165
-3.03192138671875,0.16169999999999998
-3.084716796875,0.16175
-2.95684814453125,0.1618
-2.85919189453125,0.16185
-3.0535888671875,0.1619
-2.97332763671875,0.16194999999999998
-3.17169189453125,0.162
-3.13934326171875,0.16205
-2.98187255859375,0.1621
-3.20220947265625,0.16215
-3.08746337890625,0.16219999999999998
-3.0511474609375,0.16225
-3.14239501953125,0.1623
-3.06732177734375,0.16235
-2.72369384765625,0.1624
-2.88330078125,0.16244999999999998
-3.1854248046875,0.1625
-3.14544677734375,0.16255
-2.72308349609375,0.1626
-3.07037353515625,0.16265
-2.86834716796875,0.16269999999999998
-2.87261962890625,0.16275
-3.02093505859375,0.1628
-2.8912353515625,0.16285
-2.740478515625,0.1629
-2.56134033203125,0.16294999999999998
-2.8582763671875,0.163
-2.85919189453125,0.16305
-3.089599609375,0.1631
-2.80609130859375,0.16315
-2.63946533203125,0.16319999999999998
-2.8253173828125,0.16325
-2.87872314453125,0.1633
-2.88482666015625,0.16335
-3.02642822265625,0.1634
-2.64984130859375,0.16344999999999998
-2.89947509765625,0.1635
-2.95074462890625,0.16355
-2.774658203125,0.1636
-2.6641845703125,0.16365
-2.8302001953125,0.16369999999999998
-2.8106689453125,0.16375
-2.8826904296875,0.1638
-2.43072509765625,0.16385
-2.88726806640625,0.1639
-3.11370849609375,0.16394999999999998
-3.05419921875,0.164
-2.7947998046875,0.16405
-2.7972412109375,0.1641
-3.0706787109375,0.16415
-2.9522705078125,0.16419999999999998
-2.98675537109375,0.16425
-2.8289794921875,0.1643
-2.83905029296875,0.16435
-2.72674560546875,0.1644
-2.9425048828125,0.16444999999999999
-2.69378662109375,0.1645
-3.0206298828125,0.16455
-2.7166748046875,0.1646
-3.0877685546875,0.16465
-2.86376953125,0.16469999999999999
-3.1634521484375,0.16475
-3.14239501953125,0.1648
-3.03680419921875,0.16485
-3.15521240234375,0.1649
-3.05938720703125,0.16494999999999999
-2.9022216796875,0.165
-3.001708984375,0.16505
-2.75054931640625,0.1651
-3.0517578125,0.16515
-2.8741455078125,0.16519999999999999
-2.52838134765625,0.16525
-2.8204345703125,0.1653
-2.75970458984375,0.16535
-2.84027099609375,0.1654
-2.9345703125,0.16544999999999999
-2.822265625,0.16549999999999998
-2.55767822265625,0.16555
-2.984619140625,0.1656
-3.06427001953125,0.16565
-2.85369873046875,0.1657
-2.5360107421875,0.16575
-2.92724609375,0.1658
-2.7301025390625,0.16585
-2.6519775390625,0.1659
-2.81768798828125,0.16595
-2.70050048828125,0.16599999999999998
-2.734375,0.16605
-2.71514892578125,0.1661
-2.87750244140625,0.16615
-3.04443359375,0.1662
-3.0401611328125,0.16625
-2.991943359375,0.1663
-2.69927978515625,0.16635
-2.92236328125,0.1664
-2.9815673828125,0.16645
-3.1793212890625,0.16649999999999998
-3.2427978515625,0.16655
-3.157958984375,0.1666
-3.228759765625,0.16665
-3.29345703125,0.1667
-3.08441162109375,0.16675
-3.2513427734375,0.1668
-3.314208984375,0.16685
-2.9168701171875,0.1669
-3.056640625,0.16695
-3.017578125,0.16699999999999998
-3.07098388671875,0.16705
-3.1585693359375,0.1671
-3.1182861328125,0.16715
-3.07861328125,0.1672
-3.07769775390625,0.16725
-3.11309814453125,0.1673
-3.25714111328125,0.16735
-3.01727294921875,0.1674
-3.03466796875,0.16745
-3.08349609375,0.16749999999999998
-2.95806884765625,0.16755
-3.26629638671875,0.1676
-2.9498291015625,0.16765
-3.160400390625,0.1677
-2.90252685546875,0.16775
-3.245849609375,0.1678
-3.01971435546875,0.16785
-3.31024169921875,0.1679
-3.14971923828125,0.16795
-3.0859375,0.16799999999999998
-3.2501220703125,0.16805
-2.97210693359375,0.1681
-2.97760009765625,0.16815
-3.255615234375,0.1682
-3.1463623046875,0.16825
-3.1915283203125,0.1683
-3.11920166015625,0.16835
-2.83416748046875,0.1684
-3.26690673828125,0.16845
-3.45794677734375,0.16849999999999998
-3.02642822265625,0.16855
-3.14697265625,0.1686
-3.3868408203125,0.16865
-3.07403564453125,0.1687
-3.3404541015625,0.16874999999999998
-3.1805419921875,0.1688
-3.24310302734375,0.16885
-2.8936767578125,0.1689
-2.98187255859375,0.16895
-3.0181884765625,0.16899999999999998
-2.9937744140625,0.16905
-3.0413818359375,0.1691
-2.9949951171875,0.16915
-2.93792724609375,0.1692
-2.9046630859375,0.16924999999999998
-3.10211181640625,0.1693
-3.3660888671875,0.16935
-2.99041748046875,0.1694
-3.3123779296875,0.16945
-2.83172607421875,0.16949999999999998
-3.1219482421875,0.16955
-2.918701171875,0.1696
-3.12744140625,0.16965
-3.08013916015625,0.1697
-2.8289794921875,0.16974999999999998
-2.8717041015625,0.1698
-2.82440185546875,0.16985
-2.989501953125,0.1699
-2.87078857421875,0.16995
-3.0517578125,0.16999999999999998
-2.8057861328125,0.17005
-2.9901123046875,0.1701
-3.21746826171875,0.17015
-3.1414794921875,0.1702
-2.9083251953125,0.17024999999999998
-3.18603515625,0.1703
-3.1109619140625,0.17035
-3.03985595703125,0.1704
-3.22998046875,0.17045
-3.011474609375,0.17049999999999998
-2.9705810546875,0.17055
-3.0096435546875,0.1706
-2.91168212890625,0.17065
-2.911376953125,0.1707
-3.1475830078125,0.17074999999999999
-2.95166015625,0.1708
-3.06915283203125,0.17085
-2.7264404296875,0.1709
-2.939453125,0.17095
-2.92938232421875,0.17099999999999999
-2.95135498046875,0.17105
-2.94189453125,0.1711
-3.092041015625,0.17115
-3.06610107421875,0.1712
-2.96844482421875,0.17124999999999999
-3.11920166015625,0.1713
-3.09600830078125,0.17135
-3.00140380859375,0.1714
-2.98248291015625,0.17145
-2.7130126953125,0.17149999999999999
-2.66265869140625,0.17154999999999998
-3.17840576171875,0.1716
-2.96722412109375,0.17165
-2.8814697265625,0.1717
-2.72613525390625,0.17174999999999999
-2.9840087890625,0.1718
-2.8717041015625,0.17185
-2.94525146484375,0.1719
-2.91229248046875,0.17195
-3.08380126953125,0.172
-2.57659912109375,0.17204999999999998
-3.08563232421875,0.1721
-2.9913330078125,0.17215
-3.0364990234375,0.1722
-2.79388427734375,0.17225
-3.03497314453125,0.1723
-2.83172607421875,0.17235
-2.889404296875,0.1724
-2.960205078125,0.17245
-3.02337646484375,0.1725
-2.9345703125,0.17254999999999998
-2.85980224609375,0.1726
-2.72705078125,0.17265
-2.85308837890625,0.1727
-2.78961181640625,0.17275
-2.838134765625,0.1728
-2.8558349609375,0.17285
-2.57598876953125,0.1729
-2.669677734375,0.17295
-2.88421630859375,0.173
-2.8704833984375,0.17304999999999998
-2.7056884765625,0.1731
-2.90069580078125,0.17315
-2.7935791015625,0.1732
-2.889404296875,0.17325
-3.028564453125,0.1733
-2.93701171875,0.17335
-2.5897216796875,0.1734
-2.691650390625,0.17345
-2.7264404296875,0.1735
-2.5628662109375,0.17354999999999998
-2.84393310546875,0.1736
-2.564697265625,0.17365
-2.70355224609375,0.1737
-2.78289794921875,0.17375
-2.5836181640625,0.1738
-3.0047607421875,0.17385
-3.067626953125,0.1739
-2.821044921875,0.17395
-3.084716796875,0.174
-2.830810546875,0.17404999999999998
-3.03314208984375,0.1741
-2.95379638671875,0.17415
-2.9730224609375,0.1742
-2.8460693359375,0.17425
-3.045654296875,0.1743
-2.82806396484375,0.17435
-2.899169921875,0.1744
-3.0694580078125,0.17445
-2.95806884765625,0.1745
-2.74932861328125,0.17454999999999998
-2.92022705078125,0.1746
-3.03497314453125,0.17465
-3.045654296875,0.1747
-3.31787109375,0.17475
-3.038330078125,0.1748
-3.145751953125,0.17485
-2.9461669921875,0.1749
-3.157958984375,0.17495
-2.9852294921875,0.175
-2.91290283203125,0.17504999999999998
-2.91839599609375,0.17509999999999998
-3.0780029296875,0.17514999999999997
-2.7978515625,0.1752
-3.20465087890625,0.17525
-3.03192138671875,0.17529999999999998
-3.04962158203125,0.17534999999999998
-3.01788330078125,0.1754
-2.96051025390625,0.17545
-2.95074462890625,0.1755
-3.14666748046875,0.17554999999999998
-2.9180908203125,0.17559999999999998
-3.10943603515625,0.17564999999999997
-3.1719970703125,0.1757
-3.0731201171875,0.17575
-3.10272216796875,0.17579999999999998
-3.07037353515625,0.17584999999999998
-2.9852294921875,0.1759
-3.14056396484375,0.17595
-2.939453125,0.176
-2.5634765625,0.17604999999999998
-2.906494140625,0.17609999999999998
-3.1988525390625,0.17614999999999997
-2.89886474609375,0.1762
-2.74322509765625,0.17625
-2.90924072265625,0.17629999999999998
-2.94769287109375,0.17634999999999998
-2.98980712890625,0.1764
-2.8656005859375,0.17645
-2.99835205078125,0.1765
-2.69195556640625,0.17654999999999998
-2.6611328125,0.17659999999999998
-2.9229736328125,0.17664999999999997
-2.73468017578125,0.1767
-2.95745849609375,0.17675
-3.04168701171875,0.17679999999999998
-2.796630859375,0.17684999999999998
-2.9791259765625,0.1769
-2.89398193359375,0.17695
-2.9541015625,0.177
-3.09600830078125,0.17704999999999999
-2.9632568359375,0.17709999999999998
-3.00872802734375,0.17714999999999997
-3.1256103515625,0.1772
-3.11767578125,0.17725
-3.1134033203125,0.17729999999999999
-3.287353515625,0.17734999999999998
-3.08685302734375,0.1774
-3.07769775390625,0.17745
-2.8125,0.1775
-3.3062744140625,0.17754999999999999
-3.24981689453125,0.17759999999999998
-3.18603515625,0.17764999999999997
-3.17596435546875,0.1777
-3.3148193359375,0.17775
-3.4869384765625,0.17779999999999999
-3.47991943359375,0.17784999999999998
-3.35174560546875,0.1779
-3.04046630859375,0.17795
-3.27301025390625,0.178
-2.91168212890625,0.17804999999999999
-3.109130859375,0.17809999999999998
-2.833251953125,0.17814999999999998
-2.94708251953125,0.1782
-2.68524169921875,0.17825
-2.95013427734375,0.1783
-2.7691650390625,0.17834999999999998
-3.016357421875,0.1784
-3.11798095703125,0.17845
-2.91900634765625,0.1785
-2.84881591796875,0.17855
-3.062744140625,0.17859999999999998
-2.96966552734375,0.17864999999999998
-3.12652587890625,0.1787
-3.02642822265625,0.17875
-3.15399169921875,0.1788
-3.09478759765625,0.17884999999999998
-2.802734375,0.17889999999999998
-3.0615234375,0.17895
-3.0682373046875,0.179
-2.8863525390625,0.17905
-3.13262939453125,0.17909999999999998
-3.11676025390625,0.17914999999999998
-2.8692626953125,0.1792
-3.34136962890625,0.17925
-3.34228515625,0.1793
-3.1915283203125,0.17934999999999998
-3.0169677734375,0.17939999999999998
-3.10699462890625,0.17945
-3.04229736328125,0.1795
-3.140869140625,0.17955
-2.87017822265625,0.17959999999999998
-3.14117431640625,0.17964999999999998
-2.7197265625,0.1797
-2.88116455078125,0.17975
-3.00506591796875,0.1798
-3.0865478515625,0.17984999999999998
-2.96600341796875,0.17989999999999998
-3.02490234375,0.17995
-2.62664794921875,0.18
-2.7838134765625,0.18005
-2.73223876953125,0.18009999999999998
-3.0120849609375,0.18014999999999998
-3.045654296875,0.1802
-3.087158203125,0.18025
-2.88330078125,0.1803
-3.1561279296875,0.18034999999999998
-3.0511474609375,0.18039999999999998
-3.1646728515625,0.18045
-3.10791015625,0.1805
-2.68463134765625,0.18055
-2.80914306640625,0.18059999999999998
-2.7960205078125,0.18064999999999998
-2.8045654296875,0.1807
-2.73406982421875,0.18075
-2.96051025390625,0.1808
-2.6611328125,0.18084999999999998
-3.16864013671875,0.18089999999999998
-3.10699462890625,0.18095
-3.06121826171875,0.181
-2.87353515625,0.18105
-3.06732177734375,0.18109999999999998
-3.27056884765625,0.18114999999999998
-3.2135009765625,0.1812
-3.14727783203125,0.18125
-3.16436767578125,0.1813
-3.284912109375,0.18134999999999998
-3.0816650390625,0.18139999999999998
-3.109130859375,0.18145
-3.05572509765625,0.1815
-3.19580078125,0.18155
-3.31146240234375,0.18159999999999998
-3.29315185546875,0.18164999999999998
-3.2470703125,0.18169999999999997
-3.46343994140625,0.18175
-3.37493896484375,0.1818
-3.79913330078125,0.18184999999999998
-3.66424560546875,0.18189999999999998
-3.59832763671875,0.18195
-3.33099365234375,0.182
-3.63128662109375,0.18205
-3.74847412109375,0.18209999999999998
-3.70269775390625,0.18214999999999998
-3.26019287109375,0.18219999999999997
-3.5333251953125,0.18225
-3.629150390625,0.1823
-3.1610107421875,0.18234999999999998
-3.409423828125,0.18239999999999998
-3.30230712890625,0.18245
-3.25103759765625,0.1825
-3.21441650390625,0.18255
-3.243408203125,0.18259999999999998
-3.03436279296875,0.18264999999999998
-3.1842041015625,0.18269999999999997
-2.872314453125,0.18275
-2.8924560546875,0.1828
-2.7386474609375,0.18284999999999998
-2.7581787109375,0.18289999999999998
-3.0218505859375,0.18295
-2.96142578125,0.183
-2.4957275390625,0.18305
-2.73773193359375,0.18309999999999998
-2.2125244140625,0.18314999999999998
-2.57415771484375,0.18319999999999997
-2.44110107421875,0.18325
-2.80517578125,0.1833
-2.5701904296875,0.18334999999999999
-2.53753662109375,0.18339999999999998
-2.58819580078125,0.18345
-2.752685546875,0.1835
-2.74688720703125,0.18355
-2.93487548828125,0.18359999999999999
-2.90191650390625,0.18364999999999998
-2.81341552734375,0.18369999999999997
-3.15887451171875,0.18375
-3.155517578125,0.1838
-2.96142578125,0.18384999999999999
-2.9046630859375,0.18389999999999998
-3.3074951171875,0.18395
-2.72430419921875,0.184
-3.19305419921875,0.18405
-3.25714111328125,0.18409999999999999
-3.16192626953125,0.18414999999999998
-3.0572509765625,0.18419999999999997
-3.143310546875,0.18425
-3.1024169921875,0.1843
-3.3251953125,0.18434999999999999
-3.09356689453125,0.18439999999999998
-3.30108642578125,0.18445
-3.2989501953125,0.1845
-3.00048828125,0.18455
-3.10638427734375,0.1846
-3.26171875,0.18464999999999998
-3.25164794921875,0.18469999999999998
-3.13385009765625,0.18475
-2.79296875,0.1848
-2.906494140625,0.18485
-3.18756103515625,0.18489999999999998
-2.99163818359375,0.18494999999999998
-3.0218505859375,0.185
-2.747802734375,0.18505
-2.80029296875,0.1851
-2.59033203125,0.18514999999999998
-2.91351318359375,0.18519999999999998
-2.841796875,0.18525
-2.81005859375,0.1853
-2.79266357421875,0.18535
-2.8680419921875,0.18539999999999998
-2.9107666015625,0.18544999999999998
-2.9132080078125,0.1855
-2.890625,0.18555
-3.1170654296875,0.1856
-2.93853759765625,0.18564999999999998
-3.00933837890625,0.18569999999999998
-3.26690673828125,0.18575
-3.09234619140625,0.1858
-3.245849609375,0.18585
-3.22113037109375,0.18589999999999998
-3.05816650390625,0.18594999999999998
-3.173828125,0.186
-3.10638427734375,0.18605
-3.360595703125,0.1861
-3.32305908203125,0.18614999999999998
-3.138427734375,0.18619999999999998
-3.330078125,0.18625
-3.26446533203125,0.1863
-3.4686279296875,0.18635
-3.24462890625,0.18639999999999998
-3.46954345703125,0.18644999999999998
-2.9425048828125,0.1865
-3.09814453125,0.18655
-3.27880859375,0.1866
-3.23699951171875,0.18664999999999998
-2.87872314453125,0.18669999999999998
-3.238525390625,0.18675
-3.25927734375,0.1868
-2.95989990234375,0.18685
-3.23211669921875,0.18689999999999998
-3.19244384765625,0.18694999999999998
-3.29132080078125,0.187
-3.20281982421875,0.18705
-3.24188232421875,0.1871
-3.1182861328125,0.18714999999999998
-3.20343017578125,0.18719999999999998
-3.277587890625,0.18725
-3.309326171875,0.1873
-2.85369873046875,0.18735
-3.0572509765625,0.18739999999999998
-3.19488525390625,0.18744999999999998
-3.41888427734375,0.1875
-3.145751953125,0.18755
-3.12042236328125,0.1876
-2.899169921875,0.18764999999999998
-3.04351806640625,0.18769999999999998
-3.07830810546875,0.18775
-3.13629150390625,0.1878
-3.27880859375,0.18785
-2.9925537109375,0.18789999999999998
-3.040771484375,0.18794999999999998
-3.16680908203125,0.188
-3.3648681640625,0.18805
-3.21258544921875,0.1881
-3.1842041015625,0.18814999999999998
-3.1353759765625,0.18819999999999998
-3.5076904296875,0.18825
-3.4112548828125,0.1883
-3.3306884765625,0.18835
-3.48846435546875,0.18839999999999998
-3.41033935546875,0.18844999999999998
-3.03253173828125,0.1885
-3.38409423828125,0.18855
-3.2958984375,0.1886
-3.3673095703125,0.18864999999999998
-3.3416748046875,0.18869999999999998
-3.27911376953125,0.18875
-3.28399658203125,0.1888
-3.270263671875,0.18885
-3.3447265625,0.18889999999999998
-3.40667724609375,0.18894999999999998
-3.24981689453125,0.189
-3.20281982421875,0.18905
-3.2244873046875,0.1891
-3.0865478515625,0.18914999999999998
-3.46588134765625,0.18919999999999998
-3.37158203125,0.18924999999999997
-3.19732666015625,0.1893
-3.138427734375,0.18935
-3.11187744140625,0.18939999999999999
-3.33648681640625,0.18944999999999998
-3.5650634765625,0.1895
-2.99224853515625,0.18955
-3.3740234375,0.1896
-3.12103271484375,0.18964999999999999
-3.2366943359375,0.18969999999999998
-3.3135986328125,0.18974999999999997
-3.28460693359375,0.1898
-2.90008544921875,0.18985
-3.29498291015625,0.18989999999999999
-3.2562255859375,0.18994999999999998
-3.19427490234375,0.19
-3.08685302734375,0.19005
-3.29254150390625,0.1901
-3.06304931640625,0.19014999999999999
-3.006591796875,0.19019999999999998
-3.17840576171875,0.19024999999999997
-3.00872802734375,0.1903
-3.243408203125,0.19035
-3.07342529296875,0.19039999999999999
-3.060302734375,0.19044999999999998
-2.796630859375,0.1905
-2.71881103515625,0.19055
-2.9754638671875,0.1906
-3.1005859375,0.19065
-3.08990478515625,0.19069999999999998
-3.02764892578125,0.19074999999999998
-2.66021728515625,0.1908
-3.12896728515625,0.19085
-3.1878662109375,0.1909
-3.27728271484375,0.19094999999999998
-3.09539794921875,0.191
-2.90924072265625,0.19105
-3.2318115234375,0.1911
-3.1463623046875,0.19115
-3.02215576171875,0.19119999999999998
-2.92510986328125,0.19124999999999998
-3.316650390625,0.1913
-2.9217529296875,0.19135
-3.031005859375,0.1914
-2.9833984375,0.19144999999999998
-2.9876708984375,0.19149999999999998
-3.074951171875,0.19155
-3.116455078125,0.1916
-2.91534423828125,0.19165
-3.28369140625,0.19169999999999998
-3.1561279296875,0.19174999999999998
-3.1414794921875,0.1918
-2.93548583984375,0.19185
-2.90008544921875,0.1919
-3.12469482421875,0.19194999999999998
-3.2568359375,0.19199999999999998
-3.18603515625,0.19205
-3.087158203125,0.1921
-3.03009033203125,0.19215
-2.83721923828125,0.19219999999999998
-3.13385009765625,0.19224999999999998
-2.955322265625,0.1923
-3.12347412109375,0.19235
-3.193359375,0.1924
-3.033447265625,0.19244999999999998
-2.94189453125,0.19249999999999998
-3.33038330078125,0.19255
-3.19976806640625,0.1926
-3.22418212890625,0.19265
-3.0059814453125,0.19269999999999998
-3.35418701171875,0.19274999999999998
-3.20648193359375,0.1928
-3.12103271484375,0.19285
-3.19580078125,0.1929
-3.36578369140625,0.19294999999999998
-2.79571533203125,0.19299999999999998
-3.34259033203125,0.19305
-3.40545654296875,0.1931
-3.08807373046875,0.19315
-3.30078125,0.19319999999999998
-3.36639404296875,0.19324999999999998
-3.2177734375,0.1933
-3.46099853515625,0.19335
-3.32550048828125,0.1934
-3.51806640625,0.19344999999999998
-3.68499755859375,0.19349999999999998
-3.482666015625,0.19355
-3.58917236328125,0.1936
-3.30169677734375,0.19365
-3.3990478515625,0.19369999999999998
-3.47747802734375,0.19374999999999998
-3.60687255859375,0.1938
-3.2647705078125,0.19385
-3.26873779296875,0.1939
-3.26904296875,0.19394999999999998
-3.37799072265625,0.19399999999999998
-3.26934814453125,0.19405
-3.5308837890625,0.1941
-3.26751708984375,0.19415
-3.49853515625,0.19419999999999998
-3.61328125,0.19424999999999998
-3.53790283203125,0.1943
-3.30657958984375,0.19435
-3.30413818359375,0.1944
-3.6944580078125,0.19444999999999998
-3.2696533203125,0.19449999999999998
-3.2989501953125,0.19455
-3.4759521484375,0.1946
-3.134765625,0.19465
-3.12530517578125,0.19469999999999998
-3.26416015625,0.19474999999999998
-3.15948486328125,0.1948
-3.49853515625,0.19485
-3.29925537109375,0.1949
-2.99163818359375,0.19494999999999998
-3.21990966796875,0.19499999999999998
-2.969970703125,0.19505
-3.1085205078125,0.1951
-3.3721923828125,0.19515
-3.2061767578125,0.19519999999999998
-3.0926513671875,0.19524999999999998
-2.80731201171875,0.1953
-2.9766845703125,0.19535
-3.21441650390625,0.1954
-3.00933837890625,0.19544999999999998
-2.6995849609375,0.19549999999999998
-2.7825927734375,0.19555
-3.09844970703125,0.1956
-2.8350830078125,0.19565
-2.89276123046875,0.19569999999999999
-2.81890869140625,0.19574999999999998
-3.10882568359375,0.1958
-2.90557861328125,0.19585
-2.92083740234375,0.1959
-2.70416259765625,0.19594999999999999
-2.78594970703125,0.19599999999999998
-2.90496826171875,0.19605
-3.0914306640625,0.1961
-2.7642822265625,0.19615
-3.00872802734375,0.19619999999999999
-3.0145263671875,0.19624999999999998
-2.90557861328125,0.1963
-2.82440185546875,0.19635
-2.8656005859375,0.1964
-2.7642822265625,0.19644999999999999
-2.8826904296875,0.19649999999999998
-2.96051025390625,0.19655
-2.76611328125,0.1966
-2.94708251953125,0.19665
-2.83966064453125,0.19669999999999999
-2.7374267578125,0.19674999999999998
-2.786865234375,0.19679999999999997
-2.81280517578125,0.19685
-2.9718017578125,0.1969
-2.98004150390625,0.19695
-2.60101318359375,0.19699999999999998
-2.9449462890625,0.19704999999999998
-2.94647216796875,0.1971
-2.83966064453125,0.19715
-2.7447509765625,0.1972
-3.08837890625,0.19724999999999998
-2.6495361328125,0.19729999999999998
-2.85552978515625,0.19735
-2.8448486328125,0.1974
-2.894287109375,0.19745
-2.7056884765625,0.19749999999999998
-2.85736083984375,0.19754999999999998
-2.80029296875,0.1976
-2.7484130859375,0.19765
-2.89642333984375,0.1977
-2.945556640625,0.19774999999999998
-2.77374267578125,0.19779999999999998
-2.528076171875,0.19785
-2.811279296875,0.1979
-2.87200927734375,0.19795
-2.8912353515625,0.19799999999999998
-2.99072265625,0.19804999999999998
-2.55706787109375,0.1981
-2.720947265625,0.19815
-2.84942626953125,0.1982
-2.7923583984375,0.19824999999999998
-2.93853759765625,0.19829999999999998
-2.7117919921875,0.19835
-2.6495361328125,0.1984
-2.5628662109375,0.19845
-2.725830078125,0.19849999999999998
-2.696533203125,0.19854999999999998
-2.689208984375,0.1986
-2.557373046875,0.19865
-2.75787353515625,0.1987
-2.774658203125,0.19874999999999998
-2.6312255859375,0.19879999999999998
-2.60467529296875,0.19885
-2.72552490234375,0.1989
-2.6666259765625,0.19895
-2.50762939453125,0.19899999999999998
-2.6654052734375,0.19904999999999998
-2.689208984375,0.1991
-2.674560546875,0.19915
-2.752685546875,0.1992
-2.6483154296875,0.19924999999999998
-2.802734375,0.19929999999999998
-2.838134765625,0.19935
-2.7630615234375,0.1994
-2.9547119140625,0.19945
-2.67669677734375,0.19949999999999998
-2.8369140625,0.19954999999999998
-2.66387939453125,0.1996
-2.896728515625,0.19965
-3.04473876953125,0.1997
-2.75421142578125,0.19974999999999998
-2.655029296875,0.19979999999999998
-2.7899169921875,0.19985
-2.80181884765625,0.1999
-2.72003173828125,0.19995
-2.70233154296875,0.2
-2.80120849609375,0.20005
-2.8466796875,0.2001
-2.70721435546875,0.20015000000000002
-2.8424072265625,0.20020000000000002
-2.77252197265625,0.20025
-3.04443359375,0.2003
-2.7972412109375,0.20035
-3.0743408203125,0.20040000000000002
-2.5927734375,0.20045000000000002
-2.97210693359375,0.2005
-3.2220458984375,0.20055
-3.2830810546875,0.2006
-2.90985107421875,0.20065000000000002
-3.2586669921875,0.20070000000000002
-3.389892578125,0.20075
-3.41827392578125,0.2008
-3.310546875,0.20085
-3.11248779296875,0.20090000000000002
-3.09661865234375,0.20095000000000002
-3.32305908203125,0.201
-3.15673828125,0.20105
-3.1976318359375,0.2011
-3.544921875,0.20115000000000002
-3.36029052734375,0.20120000000000002
-3.1964111328125,0.20125
-3.24737548828125,0.2013
-3.38470458984375,0.20135
-3.4429931640625,0.20140000000000002
-3.3184814453125,0.20145000000000002
-2.99957275390625,0.2015
-3.30810546875,0.20155
-3.22418212890625,0.2016
-3.19793701171875,0.20165000000000002
-2.99835205078125,0.20170000000000002
-3.1622314453125,0.20175
-2.98614501953125,0.2018
-2.88116455078125,0.20185
-3.0584716796875,0.20190000000000002
-3.12774658203125,0.20195000000000002
-2.85675048828125,0.202
-2.99530029296875,0.20205
-2.95196533203125,0.2021
-2.7093505859375,0.20215000000000002
-3.11370849609375,0.20220000000000002
-3.3154296875,0.20225
-2.9339599609375,0.2023
-2.80120849609375,0.20235
-3.0389404296875,0.20240000000000002
-2.90618896484375,0.20245000000000002
-3.04656982421875,0.2025
-3.17901611328125,0.20255
-2.70904541015625,0.2026
-3.018798828125,0.20265000000000002
-3.07708740234375,0.20270000000000002
-2.95654296875,0.20275
-3.27178955078125,0.2028
-3.0908203125,0.20285
-2.977294921875,0.20290000000000002
-2.806396484375,0.20295000000000002
-3.134765625,0.203
-3.1866455078125,0.20305
-3.0096435546875,0.2031
-3.1085205078125,0.20315
-3.3624267578125,0.20320000000000002
-3.25592041015625,0.20325000000000001
-3.250732421875,0.2033
-3.3251953125,0.20335
-3.41705322265625,0.20340000000000003
-3.28033447265625,0.20345000000000002
-2.852783203125,0.20350000000000001
-3.31878662109375,0.20355
-3.1524658203125,0.2036
-3.2562255859375,0.20365
-3.3111572265625,0.20370000000000002
-3.2135009765625,0.20375000000000001
-2.94097900390625,0.2038
-3.14300537109375,0.20385
-3.2733154296875,0.2039
-3.23822021484375,0.20395000000000002
-3.131103515625,0.20400000000000001
-3.22601318359375,0.20405
-3.1640625,0.2041
-3.44818115234375,0.20415
-3.5821533203125,0.20420000000000002
-3.5113525390625,0.20425000000000001
-3.42315673828125,0.2043
-3.05389404296875,0.20435
-3.424072265625,0.2044
-3.27423095703125,0.20445000000000002
-2.94097900390625,0.20450000000000002
-3.11798095703125,0.20455
-3.28857421875,0.2046
-2.76580810546875,0.20465
-3.1976318359375,0.20470000000000002
-3.0523681640625,0.20475000000000002
-3.12225341796875,0.2048
-3.1500244140625,0.20485
-3.0718994140625,0.2049
-2.79296875,0.20495000000000002
-2.8271484375,0.20500000000000002
-3.16802978515625,0.20505
-3.27301025390625,0.2051
-2.803955078125,0.20515
-2.85552978515625,0.20520000000000002
-3.27239990234375,0.20525000000000002
-3.07708740234375,0.2053
-3.15155029296875,0.20535
-3.2098388671875,0.2054
-2.833251953125,0.20545000000000002
-3.10791015625,0.20550000000000002
-2.95745849609375,0.20555
-2.79876708984375,0.2056
-3.3935546875,0.20565
-3.15277099609375,0.20570000000000002
-2.82379150390625,0.20575000000000002
-3.07586669921875,0.2058
-3.20556640625,0.20585
-3.157958984375,0.2059
-3.39111328125,0.20595000000000002
-2.9608154296875,0.20600000000000002
-3.16680908203125,0.20605
-2.989501953125,0.2061
-2.9833984375,0.20615
-3.07037353515625,0.20620000000000002
-3.074951171875,0.20625000000000002
-2.87139892578125,0.2063
-3.126220703125,0.20635
-3.20556640625,0.2064
-3.24981689453125,0.20645000000000002
-3.2501220703125,0.20650000000000002
-3.5028076171875,0.20655
-3.37432861328125,0.2066
-3.49395751953125,0.20665
-3.67767333984375,0.20670000000000002
-3.84185791015625,0.20675000000000002
-3.902587890625,0.2068
-3.653564453125,0.20685
-3.79302978515625,0.2069
-3.57269287109375,0.20695000000000002
-3.819580078125,0.20700000000000002
-3.7127685546875,0.20705
-3.502197265625,0.2071
-3.6865234375,0.20715
-3.60107421875,0.20720000000000002
-3.3001708984375,0.20725000000000002
-3.86016845703125,0.2073
-3.59466552734375,0.20735
-3.67645263671875,0.2074
-3.40789794921875,0.20745000000000002
-3.597412109375,0.20750000000000002
-3.77105712890625,0.20755
-3.7408447265625,0.2076
-3.2763671875,0.20765
-3.519287109375,0.20770000000000002
-3.86444091796875,0.20775000000000002
-3.37646484375,0.2078
-3.43475341796875,0.20785
-3.5455322265625,0.2079
-3.3380126953125,0.20795000000000002
-3.25225830078125,0.20800000000000002
-3.355712890625,0.20805
-2.9376220703125,0.2081
-3.3245849609375,0.20815
-3.2220458984375,0.20820000000000002
-3.10302734375,0.20825000000000002
-2.9681396484375,0.2083
-2.62298583984375,0.20835
-2.89459228515625,0.2084
-2.96051025390625,0.20845000000000002
-2.8924560546875,0.20850000000000002
-2.97149658203125,0.20855
-2.57293701171875,0.2086
-2.8472900390625,0.20865
-2.98828125,0.20870000000000002
-2.7557373046875,0.20875000000000002
-2.96722412109375,0.2088
-2.8643798828125,0.20885
-2.93060302734375,0.2089
-2.95013427734375,0.20895000000000002
-3.10791015625,0.20900000000000002
-2.95379638671875,0.20905
-3.409423828125,0.2091
-3.32763671875,0.20915
-3.1219482421875,0.2092
-3.0865478515625,0.20925000000000002
-3.40423583984375,0.2093
-3.4686279296875,0.20935
-3.5943603515625,0.2094
-3.0908203125,0.20945000000000003
-3.267822265625,0.20950000000000002
-3.2818603515625,0.20955000000000001
-3.18817138671875,0.2096
-3.04901123046875,0.20965
-3.331298828125,0.2097
-3.0535888671875,0.20975000000000002
-3.04779052734375,0.20980000000000001
-3.238525390625,0.20985
-2.83477783203125,0.2099
-2.94769287109375,0.20995000000000003
-2.7447509765625,0.21000000000000002
-2.8607177734375,0.21005000000000001
-2.77008056640625,0.2101
-2.94464111328125,0.21015
-2.8533935546875,0.2102
-2.70965576171875,0.21025000000000002
-2.57598876953125,0.21030000000000001
-2.84210205078125,0.21035
-2.57781982421875,0.2104
-2.64739990234375,0.21045000000000003
-2.767333984375,0.21050000000000002
-2.92694091796875,0.21055000000000001
-2.587890625,0.2106
-2.698974609375,0.21065
-2.60711669921875,0.2107
-2.83660888671875,0.21075000000000002
-2.647705078125,0.21080000000000002
-2.6593017578125,0.21085
-2.7972412109375,0.2109
-2.4139404296875,0.21095
-2.78594970703125,0.21100000000000002
-2.81646728515625,0.21105000000000002
-2.80609130859375,0.2111
-2.51800537109375,0.21115
-2.6617431640625,0.2112
-2.55828857421875,0.21125000000000002
-3.02154541015625,0.21130000000000002
-3.0706787109375,0.21135
-2.781982421875,0.2114
-2.6702880859375,0.21145
-2.950439453125,0.21150000000000002
-2.9730224609375,0.21155000000000002
-3.031005859375,0.2116
-3.16131591796875,0.21165
-2.806396484375,0.2117
-2.70965576171875,0.21175000000000002
-3.0157470703125,0.21180000000000002
-2.79693603515625,0.21185
-2.774658203125,0.2119
-2.9364013671875,0.21195
-3.04931640625,0.21200000000000002
-3.03131103515625,0.21205000000000002
-2.79998779296875,0.2121
-3.01361083984375,0.21215
-2.947998046875,0.2122
-3.19671630859375,0.21225000000000002
-2.80517578125,0.21230000000000002
-2.83599853515625,0.21235
-3.09600830078125,0.2124
-3.1085205078125,0.21245
-2.94952392578125,0.21250000000000002
-2.9766845703125,0.21255000000000002
-2.86346435546875,0.2126
-2.9132080078125,0.21265
-3.14697265625,0.2127
-3.01483154296875,0.21275000000000002
-2.91290283203125,0.21280000000000002
-3.08441162109375,0.21285
-2.8851318359375,0.2129
-2.994384765625,0.21295
-3.46160888671875,0.21300000000000002
-3.15460205078125,0.21305000000000002
-2.840576171875,0.2131
-3.34014892578125,0.21315
-3.21533203125,0.2132
-3.18603515625,0.21325000000000002
-3.2635498046875,0.21330000000000002
-3.28033447265625,0.21335
-3.310546875,0.2134
-3.2012939453125,0.21345
-3.14483642578125,0.21350000000000002
-2.930908203125,0.21355000000000002
-3.17626953125,0.2136
-3.2452392578125,0.21365
-3.2757568359375,0.2137
-2.83477783203125,0.21375000000000002
-2.97454833984375,0.21380000000000002
-3.21868896484375,0.21385
-3.182373046875,0.2139
-2.91595458984375,0.21395
-3.04779052734375,0.21400000000000002
-3.1787109375,0.21405000000000002
-2.92572021484375,0.2141
-3.2122802734375,0.21415
-3.07281494140625,0.2142
-3.09478759765625,0.21425000000000002
-2.7813720703125,0.21430000000000002
-3.08990478515625,0.21435
-2.799072265625,0.2144
-2.9925537109375,0.21445
-2.86895751953125,0.21450000000000002
-2.93212890625,0.21455000000000002
-2.581787109375,0.2146
-2.9132080078125,0.21465
-3.0072021484375,0.2147
-3.05206298828125,0.21475000000000002
-3.00018310546875,0.21480000000000002
-3.00567626953125,0.21485
-2.88848876953125,0.2149
-3.06732177734375,0.21495
-2.8875732421875,0.21500000000000002
-3.05877685546875,0.21505000000000002
-3.0548095703125,0.2151
-2.84759521484375,0.21515
-2.89031982421875,0.2152
-2.99102783203125,0.21525000000000002
-2.9931640625,0.21530000000000002
-2.9949951171875,0.21535
-3.038330078125,0.2154
-2.64068603515625,0.21545
-3.03314208984375,0.21550000000000002
-3.04931640625,0.21555000000000002
-3.01788330078125,0.2156
-2.9400634765625,0.21565
-2.8717041015625,0.2157
-2.7801513671875,0.21575
-2.93243408203125,0.21580000000000002
-3.12744140625,0.21585000000000001
-2.98065185546875,0.2159
-2.73590087890625,0.21595
-3.01666259765625,0.21600000000000003
-2.943115234375,0.21605000000000002
-2.9583740234375,0.21610000000000001
-2.95867919921875,0.21615
-2.9522705078125,0.2162
-2.47833251953125,0.21625
-2.8955078125,0.21630000000000002
-2.67822265625,0.21635000000000001
-2.481689453125,0.2164
-2.78594970703125,0.21645
-2.7850341796875,0.21650000000000003
-2.67120361328125,0.21655000000000002
-2.70843505859375,0.21660000000000001
-2.774658203125,0.21665
-2.91412353515625,0.2167
-2.95684814453125,0.21675
-2.8289794921875,0.21680000000000002
-2.80792236328125,0.21685000000000001
-2.72064208984375,0.2169
-2.86773681640625,0.21695
-2.91656494140625,0.21700000000000003
-2.8228759765625,0.21705000000000002
-2.79449462890625,0.21710000000000002
-2.97882080078125,0.21715
-2.82958984375,0.2172
-2.76885986328125,0.21725
-2.9541015625,0.21730000000000002
-2.957763671875,0.21735000000000002
-2.950439453125,0.2174
-2.8521728515625,0.21745
-3.2147216796875,0.21750000000000003
-3.07220458984375,0.21755000000000002
-3.1781005859375,0.21760000000000002
-3.07586669921875,0.21765
-3.134765625,0.2177
-2.9107666015625,0.21775
-3.10211181640625,0.21780000000000002
-3.11187744140625,0.21785000000000002
-2.9534912109375,0.2179
-3.02215576171875,0.21795
-2.9034423828125,0.21800000000000003
-2.68463134765625,0.21805000000000002
-3.09112548828125,0.21810000000000002
-2.96783447265625,0.21815
-3.01055908203125,0.2182
-2.68310546875,0.21825
-2.78961181640625,0.21830000000000002
-3.1787109375,0.21835000000000002
-3.10638427734375,0.2184
-2.9345703125,0.21845
-2.98736572265625,0.21850000000000003
-3.406982421875,0.21855000000000002
-2.900390625,0.21860000000000002
-3.233642578125,0.21865
-3.2952880859375,0.2187
-3.2354736328125,0.21875
-3.13873291015625,0.21880000000000002
-3.25653076171875,0.21885000000000002
-2.84576416015625,0.2189
-3.38775634765625,0.21895
-3.0706787109375,0.219
-3.1640625,0.21905000000000002
-2.9864501953125,0.21910000000000002
-2.74444580078125,0.21915
-3.0035400390625,0.2192
-3.12103271484375,0.21925
-3.12713623046875,0.21930000000000002
-3.101806640625,0.21935000000000002
-2.7301025390625,0.2194
-3.067626953125,0.21945
-3.1597900390625,0.2195
-2.97637939453125,0.21955000000000002
-3.25225830078125,0.21960000000000002
-3.05816650390625,0.21965
-2.94708251953125,0.2197
-2.95806884765625,0.21975
-3.17596435546875,0.21980000000000002
-3.02154541015625,0.21985000000000002
-3.19183349609375,0.2199
-3.1591796875,0.21995
-3.12744140625,0.22
-3.046875,0.22005000000000002
-3.10943603515625,0.22010000000000002
-2.97943115234375,0.22015
-3.4051513671875,0.2202
-2.950439453125,0.22025
-3.1829833984375,0.22030000000000002
-3.0865478515625,0.22035000000000002
-3.00537109375,0.2204
-3.1414794921875,0.22045
-3.46710205078125,0.2205
-2.996826171875,0.22055000000000002
-3.17352294921875,0.22060000000000002
-3.3270263671875,0.22065
-3.1060791015625,0.2207
-3.1610107421875,0.22075
-3.0322265625,0.22080000000000002
-2.9425048828125,0.22085000000000002
-2.7471923828125,0.2209
-3.02215576171875,0.22095
-3.14208984375,0.221
-2.9345703125,0.22105000000000002
-2.94830322265625,0.22110000000000002
-3.02642822265625,0.22115
-2.99560546875,0.2212
-3.11187744140625,0.22125
-3.06884765625,0.2213
-3.09783935546875,0.22135000000000002
-2.94830322265625,0.2214
-3.15948486328125,0.22145
-3.09814453125,0.2215
-3.05999755859375,0.22155000000000002
-3.00994873046875,0.22160000000000002
-2.828369140625,0.22165
-3.00384521484375,0.2217
-2.6348876953125,0.22175
-2.825927734375,0.2218
-2.8778076171875,0.22185000000000002
-2.79632568359375,0.22190000000000001
-2.69866943359375,0.22195
-2.86163330078125,0.222
-2.7099609375,0.22205000000000003
-3.17535400390625,0.22210000000000002
-3.2073974609375,0.22215000000000001
-2.96112060546875,0.2222
-2.8515625,0.22225
-2.96875,0.2223
-2.92572021484375,0.22235000000000002
-2.99407958984375,0.22240000000000001
-3.09722900390625,0.22245
-2.93243408203125,0.2225
-2.794189453125,0.22255000000000003
-3.02001953125,0.22260000000000002
-2.884521484375,0.22265000000000001
-2.71514892578125,0.2227
-2.87017822265625,0.22275
-2.93304443359375,0.2228
-2.916259765625,0.22285000000000002
-2.63519287109375,0.22290000000000001
-3.0267333984375,0.22295
-2.9571533203125,0.223
-3.21746826171875,0.22305000000000003
-2.9949951171875,0.22310000000000002
-2.88360595703125,0.22315000000000002
-2.88299560546875,0.2232
-2.91290283203125,0.22325
-3.017578125,0.2233
-3.01666259765625,0.22335000000000002
-2.82073974609375,0.22340000000000002
-2.75726318359375,0.22345
-2.98797607421875,0.2235
-2.79693603515625,0.22355000000000003
-2.8973388671875,0.22360000000000002
-2.8533935546875,0.22365000000000002
-2.7410888671875,0.2237
-2.689208984375,0.22375
-3.101806640625,0.2238
-2.75360107421875,0.22385000000000002
-2.78961181640625,0.22390000000000002
-2.92266845703125,0.22395
-2.8076171875,0.224
-2.69134521484375,0.22405000000000003
-3.0169677734375,0.22410000000000002
-2.90435791015625,0.22415000000000002
-2.95562744140625,0.2242
-2.79876708984375,0.22425
-2.88421630859375,0.2243
-2.77008056640625,0.22435000000000002
-2.72857666015625,0.22440000000000002
-2.891845703125,0.22445
-3.125,0.2245
-2.63885498046875,0.22455000000000003
-2.74566650390625,0.22460000000000002
-2.87689208984375,0.22465000000000002
-3.01544189453125,0.2247
-2.8106689453125,0.22475
-2.7142333984375,0.2248
-3.02642822265625,0.22485000000000002
-2.82623291015625,0.22490000000000002
-3.08746337890625,0.22495
-3.08441162109375,0.225
-2.98065185546875,0.22505
-2.879638671875,0.2251
-3.03741455078125,0.22515000000000002
-2.8472900390625,0.2252
-3.1781005859375,0.22525
-3.033447265625,0.2253
-2.8753662109375,0.22535
-2.66143798828125,0.2254
-3.13995361328125,0.22545
-3.092041015625,0.2255
-3.0975341796875,0.22555
-3.26873779296875,0.2256
-3.232421875,0.22565000000000002
-3.07861328125,0.2257
-3.243408203125,0.22575
-3.0548095703125,0.2258
-3.10516357421875,0.22585
-3.29071044921875,0.2259
-3.16436767578125,0.22595
-3.233642578125,0.226
-3.20281982421875,0.22605
-3.404541015625,0.2261
-3.302001953125,0.22615000000000002
-3.1756591796875,0.2262
-3.02703857421875,0.22625
-3.1475830078125,0.2263
-3.20037841796875,0.22635
-3.14971923828125,0.2264
-3.10791015625,0.22645
-3.0560302734375,0.2265
-2.98431396484375,0.22655
-2.98828125,0.2266
-3.28338623046875,0.22665000000000002
-3.08258056640625,0.2267
-2.89306640625,0.22675
-3.21807861328125,0.2268
-3.02093505859375,0.22685
-3.12530517578125,0.2269
-3.3740234375,0.22695
-3.189697265625,0.227
-2.87567138671875,0.22705
-3.26080322265625,0.2271
-3.082275390625,0.22715000000000002
-2.884521484375,0.2272
-3.1829833984375,0.22725
-3.22998046875,0.2273
-3.06976318359375,0.22735
-2.724609375,0.2274
-2.92144775390625,0.22745
-3.216552734375,0.2275
-3.267822265625,0.22755
-3.02001953125,0.2276
-3.31268310546875,0.22765000000000002
-2.86529541015625,0.2277
-3.11981201171875,0.22775
-3.4246826171875,0.2278
-3.22509765625,0.22785
-3.06640625,0.2279
-3.16253662109375,0.22795
-3.04931640625,0.228
-2.923583984375,0.22805
-3.355712890625,0.2281
-3.221435546875,0.22815000000000002
-2.9681396484375,0.22820000000000001
-3.145751953125,0.22825
-3.34075927734375,0.2283
-3.4130859375,0.22835
-3.5137939453125,0.2284
-3.42987060546875,0.22845000000000001
-3.61846923828125,0.2285
-3.19610595703125,0.22855
-3.5052490234375,0.2286
-3.40423583984375,0.22865000000000002
-3.49365234375,0.22870000000000001
-3.5443115234375,0.22875
-3.42315673828125,0.2288
-3.2562255859375,0.22885
-3.310546875,0.2289
-3.30810546875,0.22895000000000001
-3.22723388671875,0.229
-3.2000732421875,0.22905
-2.94891357421875,0.2291
-3.11920166015625,0.22915
-3.10028076171875,0.22920000000000001
-3.0743408203125,0.22925
-2.75390625,0.2293
-3.16009521484375,0.22935
-2.735595703125,0.2294
-3.11004638671875,0.22945000000000002
-3.170166015625,0.2295
-2.99285888671875,0.22955
-2.95684814453125,0.2296
-3.182373046875,0.22965
-2.85369873046875,0.22970000000000002
-3.33160400390625,0.22975
-2.96722412109375,0.2298
-3.0914306640625,0.22985
-2.86956787109375,0.2299
-3.028564453125,0.22995000000000002
-2.81494140625,0.23
-2.91839599609375,0.23005
-3.21563720703125,0.2301
-3.187255859375,0.23015
-2.918701171875,0.23020000000000002
-3.2000732421875,0.23025
-3.1182861328125,0.2303
-3.045654296875,0.23035
-3.02947998046875,0.2304
-3.20068359375,0.23045000000000002
-2.90435791015625,0.2305
-2.9901123046875,0.23055
-3.046875,0.2306
-3.16741943359375,0.23065
-2.87261962890625,0.23070000000000002
-3.1103515625,0.23075
-3.02001953125,0.2308
-2.7447509765625,0.23085
-2.79754638671875,0.2309
-2.78594970703125,0.23095000000000002
-3.0206298828125,0.231
-2.65411376953125,0.23105
-2.725830078125,0.2311
-2.76214599609375,0.23115
-2.520751953125,0.23120000000000002
-2.87109375,0.23125
-3.03955078125,0.2313
-2.55706787109375,0.23135
-2.630615234375,0.2314
-2.9437255859375,0.23145
-2.87872314453125,0.2315
-2.835693359375,0.23155
-3.07525634765625,0.2316
-2.77923583984375,0.23165
-2.52685546875,0.23170000000000002
-3.00079345703125,0.23175
-2.96112060546875,0.2318
-3.01727294921875,0.23185
-2.69195556640625,0.2319
-2.82958984375,0.23195
-3.10699462890625,0.232
-3.16253662109375,0.23205
-3.0108642578125,0.2321
-3.0712890625,0.23215
-3.2305908203125,0.23220000000000002
-3.37738037109375,0.23225
-3.48297119140625,0.2323
-3.32763671875,0.23235
-3.48297119140625,0.2324
-3.1610107421875,0.23245
-3.40057373046875,0.2325
-2.9742431640625,0.23255
-3.37310791015625,0.2326
-3.34320068359375,0.23265
-3.3258056640625,0.23270000000000002
-3.41217041015625,0.23275
-3.46099853515625,0.2328
-3.2696533203125,0.23285
-3.7237548828125,0.2329
-3.79608154296875,0.23295
-3.63128662109375,0.233
-3.27789306640625,0.23305
-3.5577392578125,0.2331
-3.30413818359375,0.23315
-3.47198486328125,0.23320000000000002
-3.69537353515625,0.23325
-3.34716796875,0.2333
-3.094482421875,0.23335
-3.04962158203125,0.2334
-3.37890625,0.23345
-3.12408447265625,0.2335
-2.99713134765625,0.23355
-2.99713134765625,0.2336
-3.197021484375,0.23365
-3.055419921875,0.23370000000000002
-3.16009521484375,0.23375
-2.77069091796875,0.2338
-2.84210205078125,0.23385
-2.6641845703125,0.2339
-2.69439697265625,0.23395
-2.56439208984375,0.234
-2.40570068359375,0.23405
-2.37640380859375,0.2341
-2.64404296875,0.23415
-2.169189453125,0.23420000000000002
-2.34130859375,0.23425
-2.451171875,0.2343
-2.410888671875,0.23435
-2.45849609375,0.2344
-2.65655517578125,0.23445
-2.3870849609375,0.23450000000000001
-2.860107421875,0.23455
-3.2952880859375,0.2346
-3.27301025390625,0.23465
-3.0780029296875,0.2347
-3.267822265625,0.23475000000000001
-3.2513427734375,0.2348
-3.1494140625,0.23485
-3.448486328125,0.2349
-3.38714599609375,0.23495
-3.41766357421875,0.23500000000000001
-3.17626953125,0.23505
-3.25103759765625,0.2351
-3.21380615234375,0.23515
-3.17138671875,0.2352
-3.309326171875,0.23525000000000001
-3.49365234375,0.2353
-3.1494140625,0.23535
-3.30352783203125,0.2354
-3.39447021484375,0.23545
-3.40850830078125,0.23550000000000001
-3.1219482421875,0.23555
-2.9998779296875,0.2356
-3.211669921875,0.23565
-2.92724609375,0.2357
-3.17779541015625,0.23575000000000002
-3.08837890625,0.2358
-2.83721923828125,0.23585
-2.7685546875,0.2359
-3.01055908203125,0.23595
-2.91839599609375,0.23600000000000002
-2.8155517578125,0.23605
-3.07830810546875,0.2361
-2.81890869140625,0.23615
-2.80853271484375,0.2362
-3.3026123046875,0.23625000000000002
-3.18267822265625,0.2363
-3.13262939453125,0.23635
-3.0645751953125,0.2364
-2.86865234375,0.23645
-2.9376220703125,0.23650000000000002
-2.95257568359375,0.23655
-2.9119873046875,0.2366
-3.01727294921875,0.23665
-3.304443359375,0.2367
-2.97698974609375,0.23675000000000002
-3.3209228515625,0.2368
-3.26263427734375,0.23685
-3.39752197265625,0.2369
-3.328857421875,0.23695
-3.29742431640625,0.23700000000000002
-3.0047607421875,0.23705
-3.26080322265625,0.2371
-3.2861328125,0.23715
-3.31146240234375,0.2372
-3.04351806640625,0.23725000000000002
-3.3026123046875,0.2373
-3.09814453125,0.23735
-3.22052001953125,0.2374
-3.27178955078125,0.23745
-3.2135009765625,0.23750000000000002
-2.80029296875,0.23755
-3.25439453125,0.2376
-2.933349609375,0.23765
-3.11767578125,0.2377
-3.63525390625,0.23775000000000002
-3.29559326171875,0.2378
-2.840576171875,0.23785
-3.39141845703125,0.2379
-3.4002685546875,0.23795
-3.40179443359375,0.23800000000000002
-3.41278076171875,0.23805
-3.3160400390625,0.2381
-3.2220458984375,0.23815
-3.1280517578125,0.2382
-3.08349609375,0.23825000000000002
-3.0792236328125,0.2383
-3.392333984375,0.23835
-2.97637939453125,0.2384
-3.48785400390625,0.23845
-3.07220458984375,0.23850000000000002
-3.2733154296875,0.23855
-3.35296630859375,0.2386
-3.47686767578125,0.23865
-3.206787109375,0.2387
-3.489990234375,0.23875000000000002
-3.39508056640625,0.2388
-3.56231689453125,0.23885
-3.67706298828125,0.2389
-3.5272216796875,0.23895
-3.14697265625,0.23900000000000002
-3.0694580078125,0.23905
-3.7152099609375,0.2391
-3.4283447265625,0.23915
-3.39111328125,0.2392
-3.3489990234375,0.23925000000000002
-3.3941650390625,0.2393
-3.0755615234375,0.23935
-3.67584228515625,0.2394
-3.49212646484375,0.23945
-3.392333984375,0.2395
-3.2672119140625,0.23955
-3.5821533203125,0.2396
-3.5137939453125,0.23965
-3.28948974609375,0.2397
-3.26690673828125,0.23975000000000002
-3.32244873046875,0.2398
-3.3135986328125,0.23985
-3.07220458984375,0.2399
-3.2647705078125,0.23995
-3.42620849609375,0.24
-3.24066162109375,0.24005
-3.25347900390625,0.2401
-3.280029296875,0.24015
-3.1378173828125,0.2402
-3.51348876953125,0.24025000000000002
-3.39935302734375,0.2403
-3.23638916015625,0.24035
-3.16314697265625,0.2404
-3.32122802734375,0.24045
-3.3453369140625,0.2405
-3.53729248046875,0.24055
-3.4259033203125,0.2406
-3.23394775390625,0.24065
-2.81402587890625,0.2407
-3.36883544921875,0.24075000000000002
-3.2232666015625,0.24080000000000001
-3.145751953125,0.24085
-3.172607421875,0.2409
-3.1353759765625,0.24095
-2.7593994140625,0.241
-3.03131103515625,0.24105000000000001
-2.7227783203125,0.2411
-2.80792236328125,0.24115
-3.001708984375,0.2412
-2.98736572265625,0.24125
-2.97119140625,0.24130000000000001
-2.86865234375,0.24135
-2.9852294921875,0.2414
-3.00537109375,0.24145
-3.13812255859375,0.2415
-2.6092529296875,0.24155000000000001
-2.8668212890625,0.2416
-2.83203125,0.24165
-2.91168212890625,0.2417
-2.845458984375,0.24175
-2.82012939453125,0.24180000000000001
-2.8118896484375,0.24185
-2.908935546875,0.2419
-2.8466796875,0.24195
-2.89154052734375,0.242
-2.98492431640625,0.24205000000000002
-2.82989501953125,0.2421
-2.66754150390625,0.24215
-2.9248046875,0.2422
-3.2818603515625,0.24225
-2.9132080078125,0.24230000000000002
-2.5909423828125,0.24235
-2.85400390625,0.2424
-3.1268310546875,0.24245
-2.781982421875,0.2425
-3.10333251953125,0.24255000000000002
-2.93609619140625,0.2426
-2.81890869140625,0.24265
-2.77313232421875,0.2427
-2.8350830078125,0.24275
-2.76611328125,0.24280000000000002
-2.89337158203125,0.24285
-2.84942626953125,0.2429
-2.99163818359375,0.24295
-2.7197265625,0.243
-2.7703857421875,0.24305000000000002
-3.07525634765625,0.2431
-3.1353759765625,0.24315
-2.83599853515625,0.2432
-3.03466796875,0.24325
-2.95074462890625,0.24330000000000002
-2.8619384765625,0.24335
-3.2122802734375,0.2434
-3.18817138671875,0.24345
-2.70355224609375,0.2435
-2.9254150390625,0.24355000000000002
-3.0548095703125,0.2436
-2.706298828125,0.24365
-3.02093505859375,0.2437
-2.9669189453125,0.24375
-2.90771484375,0.24380000000000002
-2.838134765625,0.24385
-3.26629638671875,0.2439
-3.1805419921875,0.24395
-3.29071044921875,0.244
-3.23638916015625,0.24405000000000002
-3.5150146484375,0.2441
-3.0621337890625,0.24415
-3.34075927734375,0.2442
-3.04534912109375,0.24425
-3.1500244140625,0.24430000000000002
-3.27056884765625,0.24435
-3.15643310546875,0.2444
-2.989501953125,0.24445
-3.38134765625,0.2445
-3.4039306640625,0.24455000000000002
-3.2537841796875,0.2446
-3.28582763671875,0.24465
-3.19580078125,0.2447
-3.3721923828125,0.24475
-3.47137451171875,0.24480000000000002
-3.2366943359375,0.24485
-3.08837890625,0.2449
-3.189697265625,0.24495
-2.9217529296875,0.245
-3.45001220703125,0.24505000000000002
-3.19122314453125,0.2451
-3.1219482421875,0.24515
-3.01300048828125,0.2452
-3.450927734375,0.24525
-2.84149169921875,0.24530000000000002
-3.192138671875,0.24535
-3.2696533203125,0.2454
-3.204345703125,0.24545
-3.01025390625,0.2455
-3.25836181640625,0.24555000000000002
-3.03009033203125,0.2456
-2.95745849609375,0.24565
-3.165283203125,0.2457
-3.3978271484375,0.24575
-3.09112548828125,0.24580000000000002
-2.83203125,0.24585
-3.16131591796875,0.2459
-3.0975341796875,0.24595
-3.1158447265625,0.246
-3.18878173828125,0.24605000000000002
-2.99835205078125,0.2461
-3.0255126953125,0.24615
-3.133544921875,0.2462
-3.145751953125,0.24625
-3.07281494140625,0.24630000000000002
-3.2244873046875,0.24635
-3.0377197265625,0.2464
-2.9693603515625,0.24645
-2.82470703125,0.2465
-3.04412841796875,0.24655
-3.17230224609375,0.2466
-2.669677734375,0.24665
-2.85614013671875,0.2467
-3.03741455078125,0.24675
-2.8863525390625,0.24680000000000002
-2.8466796875,0.24685
-3.07952880859375,0.2469
-2.742919921875,0.24695
-2.669677734375,0.247
-3.10150146484375,0.24705
-2.9608154296875,0.24710000000000001
-3.07586669921875,0.24715
-3.1158447265625,0.2472
-3.07586669921875,0.24725
-2.74566650390625,0.2473
-3.02886962890625,0.24735000000000001
-2.90679931640625,0.2474
-3.109130859375,0.24745
-2.796630859375,0.2475
-2.8497314453125,0.24755
-2.9241943359375,0.24760000000000001
-3.16192626953125,0.24765
-3.04473876953125,0.2477
-2.85400390625,0.24775
-2.95074462890625,0.2478
-2.9779052734375,0.24785000000000001
-3.2147216796875,0.2479
-3.02032470703125,0.24795
-3.023681640625,0.248
-2.9638671875,0.24805
-2.97027587890625,0.24810000000000001
-2.64007568359375,0.24815
-3.2501220703125,0.2482
-2.9376220703125,0.24825
-2.8399658203125,0.2483
-2.62420654296875,0.24835000000000002
-2.95013427734375,0.2484
-2.8668212890625,0.24845
-2.93426513671875,0.2485
-3.18115234375,0.24855
-3.17840576171875,0.24860000000000002
-2.91259765625,0.24865
-3.05145263671875,0.2487
-2.83843994140625,0.24875
-2.87200927734375,0.2488
-3.2501220703125,0.24885000000000002
-3.07373046875,0.2489
-2.86163330078125,0.24895
-2.8094482421875,0.249
-3.02703857421875,0.24905
-3.04168701171875,0.24910000000000002
-2.77008056640625,0.24915
-2.91168212890625,0.2492
-2.97576904296875,0.24925
-3.004150390625,0.2493
-2.9730224609375,0.24935000000000002
-2.9547119140625,0.2494
-2.76885986328125,0.24945
-2.96295166015625,0.2495
-2.89215087890625,0.24955
-2.7850341796875,0.24960000000000002
-2.7252197265625,0.24965
-2.808837890625,0.2497
-2.85125732421875,0.24975
-2.56256103515625,0.2498
-2.82318115234375,0.24985000000000002
-2.9241943359375,0.2499
-2.78564453125,0.24995
-2.691650390625,0.25
-2.97149658203125,0.25005
-2.58819580078125,0.2501
-2.59307861328125,0.25015
-3.0438232421875,0.2502
-3.0120849609375,0.25025
-2.77191162109375,0.2503
-2.71728515625,0.25035
-2.90771484375,0.2504
-2.747802734375,0.25045
-2.933349609375,0.2505
-2.7911376953125,0.25055
-2.99713134765625,0.2506
-2.803955078125,0.25065
-2.8173828125,0.2507
-2.89306640625,0.25075
-2.91839599609375,0.2508
-3.02276611328125,0.25085
-3.03466796875,0.2509
-2.62176513671875,0.25095
-2.93182373046875,0.251
-3.2421875,0.25105
-2.972412109375,0.2511
-2.8326416015625,0.25115
-2.911376953125,0.2512
-2.91290283203125,0.25125
-2.96844482421875,0.2513
-3.177490234375,0.25135
-3.040771484375,0.2514
-2.9833984375,0.25145
-2.843017578125,0.2515
-3.1854248046875,0.25155
-3.08197021484375,0.2516
-3.24981689453125,0.25165
-3.4783935546875,0.2517
-3.3380126953125,0.25175
-3.1524658203125,0.2518
-3.34075927734375,0.25185
-3.287353515625,0.2519
-3.216552734375,0.25195
-3.3721923828125,0.252
-3.18695068359375,0.25205
-2.98492431640625,0.2521
-3.13720703125,0.25215
-3.19793701171875,0.2522
-2.9638671875,0.25225
-3.0548095703125,0.2523
-2.98004150390625,0.25235
-3.28277587890625,0.2524
-3.021240234375,0.25245
-3.10302734375,0.2525
-3.29071044921875,0.25255
-2.93243408203125,0.2526
-2.88909912109375,0.25265
-3.16162109375,0.2527
-2.772216796875,0.25275
-3.092041015625,0.2528
-2.92572021484375,0.25285
-3.1097412109375,0.2529
-2.82073974609375,0.25295
-2.9705810546875,0.253
-3.36334228515625,0.25305
-3.33404541015625,0.2531
-2.97210693359375,0.25315
-3.46221923828125,0.2532
-2.87139892578125,0.25325
-2.8961181640625,0.2533
-3.3251953125,0.25335
-3.22662353515625,0.2534
-2.86041259765625,0.25345
-2.82073974609375,0.2535
-3.01300048828125,0.25355
-2.8314208984375,0.2536
-2.93792724609375,0.25365
-3.01361083984375,0.2537
-2.96630859375,0.25375
-2.83477783203125,0.2538
-3.02947998046875,0.25385
-3.15673828125,0.2539
-3.2623291015625,0.25395
-3.01849365234375,0.254
-3.55194091796875,0.25405
-2.958984375,0.2541
-3.1134033203125,0.25415
-3.427734375,0.2542
-3.42620849609375,0.25425
-3.11248779296875,0.2543
-3.2574462890625,0.25435
-3.1640625,0.2544
-3.33984375,0.25445
-3.24005126953125,0.2545
-3.46038818359375,0.25455
-3.37860107421875,0.2546
-3.05938720703125,0.25465
-3.70361328125,0.2547
-3.73382568359375,0.25475
-3.55865478515625,0.2548
-3.33740234375,0.25485
-3.385009765625,0.2549
-3.21990966796875,0.25495
-3.61480712890625,0.255
-3.31146240234375,0.25505
-3.15887451171875,0.2551
-3.31207275390625,0.25515
-3.25836181640625,0.2552
-2.8167724609375,0.25525
-3.12255859375,0.2553
-3.16680908203125,0.25535
-2.9827880859375,0.2554
-2.8851318359375,0.25545
-2.80059814453125,0.2555
-3.24310302734375,0.25555
-3.0377197265625,0.2556
-2.96600341796875,0.25565
-3.304443359375,0.2557
-2.6812744140625,0.25575
-2.83111572265625,0.2558
-3.14178466796875,0.25585
-2.7581787109375,0.2559
-2.77587890625,0.25595
-2.73590087890625,0.256
-2.88330078125,0.25605
-2.77984619140625,0.2561
-2.87445068359375,0.25615
-3.21746826171875,0.2562
-3.092041015625,0.25625
-2.874755859375,0.2563
-3.0487060546875,0.25635
-3.14697265625,0.2564
-3.04290771484375,0.25645
-3.1689453125,0.2565
-3.13446044921875,0.25655
-2.8033447265625,0.2566
-3.050537109375,0.25665
-3.13018798828125,0.2567
-2.71728515625,0.25675
-2.91168212890625,0.25680000000000003
-3.0511474609375,0.25685
-2.94708251953125,0.2569
-2.97210693359375,0.25695
-2.87078857421875,0.257
-3.2012939453125,0.25705
-3.3245849609375,0.2571
-2.9693603515625,0.25715
-3.63189697265625,0.2572
-3.1219482421875,0.25725
-3.44970703125,0.2573
-3.31451416015625,0.25735
-3.6749267578125,0.2574
-3.30657958984375,0.25745
-3.65631103515625,0.2575
-3.55682373046875,0.25755
-3.8372802734375,0.2576
-3.6053466796875,0.25765
-3.84368896484375,0.2577
-3.40179443359375,0.25775
-3.1903076171875,0.2578
-3.853759765625,0.25785
-3.79241943359375,0.2579
-3.58123779296875,0.25795
-3.23272705078125,0.258
-3.5491943359375,0.25805
-3.5089111328125,0.2581
-3.626708984375,0.25815
-3.80279541015625,0.2582
-3.38348388671875,0.25825
-3.486328125,0.2583
-3.68194580078125,0.25835
-3.33984375,0.2584
-3.515625,0.25845
-3.30780029296875,0.2585
-3.45245361328125,0.25855
-3.36669921875,0.2586
-3.06396484375,0.25865
-3.40240478515625,0.2587
-3.12774658203125,0.25875
-3.01483154296875,0.2588
-3.1610107421875,0.25885
-2.9095458984375,0.2589
-2.95623779296875,0.25895
-3.106689453125,0.259
-3.1134033203125,0.25905
-2.6373291015625,0.2591
-2.84942626953125,0.25915
-2.90191650390625,0.2592
-2.89459228515625,0.25925
-2.97515869140625,0.2593
-2.91107177734375,0.25935
-2.94525146484375,0.2594
-2.9486083984375,0.25945
-3.048095703125,0.2595
-3.04534912109375,0.25955
-3.1622314453125,0.2596
-3.11920166015625,0.25965
-3.3953857421875,0.2597
-3.13446044921875,0.25975
-3.3807373046875,0.2598
-3.3990478515625,0.25985
-3.04443359375,0.2599
-3.4423828125,0.25995
-3.319091796875,0.26
-3.2891845703125,0.26005
-3.34320068359375,0.2601
-3.29498291015625,0.26015
-3.4820556640625,0.2602
-3.29620361328125,0.26025
-3.14910888671875,0.2603
-3.4564208984375,0.26035
-3.00872802734375,0.2604
-3.2318115234375,0.26045
-2.81005859375,0.2605
-3.0487060546875,0.26055
-2.65655517578125,0.2606
-2.94036865234375,0.26065
-3.148193359375,0.2607
-3.013916015625,0.26075
-2.7447509765625,0.2608
-2.98248291015625,0.26085
-2.841796875,0.2609
-2.7838134765625,0.26095
-2.97332763671875,0.261
-3.01788330078125,0.26105
-2.84912109375,0.2611
-2.69287109375,0.26115
-2.8338623046875,0.2612
-2.64007568359375,0.26125
-2.80426025390625,0.2613
-2.83935546875,0.26135
-2.90496826171875,0.2614
-2.63885498046875,0.26145
-2.8790283203125,0.2615
-2.857666015625,0.26155
-3.070068359375,0.2616
-2.67364501953125,0.26165
-3.074951171875,0.2617
-2.7264404296875,0.26175
-2.7630615234375,0.2618
-2.95867919921875,0.26185
-2.97698974609375,0.2619
-2.9376220703125,0.26195
-2.95440673828125,0.262
-2.82257080078125,0.26205
-2.93914794921875,0.2621
-3.02093505859375,0.26215
-3.21746826171875,0.2622
-2.71820068359375,0.26225
-2.81646728515625,0.2623
-3.20526123046875,0.26234999999999997
-3.2391357421875,0.2624
-3.035888671875,0.26245
-2.80242919921875,0.2625
-2.98583984375,0.26255
-2.92816162109375,0.2626
-3.03466796875,0.26265
-3.1097412109375,0.2627
-2.95989990234375,0.26275
-3.06640625,0.2628
-3.0718994140625,0.26285000000000003
-2.98583984375,0.2629
-3.10028076171875,0.26295
-3.260498046875,0.263
-3.15826416015625,0.26305
-2.95196533203125,0.2631
-2.91534423828125,0.26315
-3.21502685546875,0.2632
-3.05694580078125,0.26325
-3.07830810546875,0.2633
-3.2275390625,0.26335
-2.91046142578125,0.2634
-3.0999755859375,0.26345
-3.31634521484375,0.2635
-3.289794921875,0.26355
-3.1488037109375,0.2636
-2.83447265625,0.26365
-3.42132568359375,0.2637
-3.08258056640625,0.26375
-3.14544677734375,0.2638
-3.27606201171875,0.26385000000000003
-3.070068359375,0.2639
-3.06915283203125,0.26395
-3.44329833984375,0.264
-3.1591796875,0.26405
-3.21258544921875,0.2641
-3.33984375,0.26415
-3.25592041015625,0.2642
-3.01666259765625,0.26425
-3.09173583984375,0.2643
-3.1512451171875,0.26435
-2.90679931640625,0.2644
-2.969970703125,0.26445
-2.8802490234375,0.2645
-3.15338134765625,0.26455
-2.7435302734375,0.2646
-2.72705078125,0.26465
-3.24676513671875,0.2647
-3.07464599609375,0.26475
-2.6873779296875,0.2648
-3.21441650390625,0.26485
-2.73529052734375,0.2649
-2.84576416015625,0.26495
-2.85247802734375,0.265
-2.84027099609375,0.26505
-2.55767822265625,0.2651
-2.6318359375,0.26515
-2.93365478515625,0.2652
-3.040771484375,0.26525
-2.7667236328125,0.2653
-2.83660888671875,0.26535
-2.860107421875,0.2654
-2.77252197265625,0.26545
-3.05572509765625,0.2655
-3.1866455078125,0.26555
-2.8350830078125,0.2656
-3.02093505859375,0.26565
-2.99591064453125,0.2657
-2.933349609375,0.26575
-2.99468994140625,0.2658
-3.060302734375,0.26585
-2.97027587890625,0.2659
-2.8155517578125,0.26595
-2.80364990234375,0.266
-2.999267578125,0.26605
-3.09661865234375,0.2661
-2.886962890625,0.26615
-3.21197509765625,0.2662
-2.89459228515625,0.26625
-2.943115234375,0.2663
-3.076171875,0.26635
-3.31878662109375,0.2664
-2.80303955078125,0.26645
-3.1585693359375,0.2665
-2.9632568359375,0.26655
-2.99957275390625,0.2666
-3.13690185546875,0.26665
-3.157958984375,0.2667
-2.889404296875,0.26675
-2.6593017578125,0.2668
-3.00994873046875,0.26685
-3.00994873046875,0.2669
-2.94891357421875,0.26695
-2.5689697265625,0.267
-2.94830322265625,0.26705
-2.7215576171875,0.2671
-3.11798095703125,0.26715
-3.0255126953125,0.2672
-2.76763916015625,0.26725
-2.83843994140625,0.2673
-3.03192138671875,0.26735
-2.8533935546875,0.2674
-2.8167724609375,0.26745
-2.8790283203125,0.2675
-2.9296875,0.26755
-2.90618896484375,0.2676
-2.79022216796875,0.26765
-2.996826171875,0.2677
-2.75604248046875,0.26775
-2.962646484375,0.2678
-2.99407958984375,0.26785
-2.88665771484375,0.2679
-2.867431640625,0.26795
-3.34625244140625,0.268
-3.2098388671875,0.26805
-3.0322265625,0.2681
-3.0615234375,0.26815
-3.1256103515625,0.2682
-2.8277587890625,0.26825
-2.98431396484375,0.2683
-3.02215576171875,0.26835
-2.98492431640625,0.26839999999999997
-2.91107177734375,0.26845
-2.77008056640625,0.2685
-2.8802490234375,0.26855
-2.83660888671875,0.2686
-3.0120849609375,0.26865
-3.28399658203125,0.2687
-2.843017578125,0.26875
-3.13995361328125,0.2688
-3.21624755859375,0.26885
-3.07952880859375,0.26890000000000003
-3.34014892578125,0.26895
-3.23577880859375,0.269
-3.167724609375,0.26905
-2.9949951171875,0.2691
-3.043212890625,0.26915
-3.21807861328125,0.2692
-3.29132080078125,0.26925
-3.07037353515625,0.2693
-3.2818603515625,0.26935
-3.1829833984375,0.2694
-3.255615234375,0.26945
-3.34991455078125,0.2695
-3.5198974609375,0.26955
-2.8887939453125,0.2696
-3.24371337890625,0.26965
-3.54156494140625,0.2697
-3.55682373046875,0.26975
-3.42193603515625,0.2698
-3.502197265625,0.26985
-3.1854248046875,0.26990000000000003
-3.255615234375,0.26995
-3.172607421875,0.27
-3.4320068359375,0.27005
-3.2769775390625,0.2701
-3.24462890625,0.27015
-3.38409423828125,0.2702
-3.02459716796875,0.27025
-3.251953125,0.2703
-3.38714599609375,0.27035
-3.15155029296875,0.2704
-2.95623779296875,0.27045
-3.2391357421875,0.2705
-3.16131591796875,0.27055
-3.36212158203125,0.2706
-3.40545654296875,0.27065
-3.3056640625,0.2707
-3.15277099609375,0.27075
-3.22418212890625,0.2708
-3.3831787109375,0.27085
-3.35235595703125,0.27090000000000003
-3.18572998046875,0.27095
-3.013916015625,0.271
-3.21014404296875,0.27105
-2.99102783203125,0.2711
-3.31634521484375,0.27115
-3.33221435546875,0.2712
-2.85980224609375,0.27125
-3.11553955078125,0.2713
-3.43414306640625,0.27135
-2.9803466796875,0.2714
-3.40972900390625,0.27145
-3.30291748046875,0.2715
-3.28704833984375,0.27155
-3.11065673828125,0.2716
-3.27880859375,0.27165
-3.333740234375,0.2717
-2.94525146484375,0.27175
-3.21807861328125,0.2718
-3.21136474609375,0.27185
-3.28643798828125,0.2719
-2.97149658203125,0.27195
-3.12835693359375,0.272
-3.20648193359375,0.27205
-2.93914794921875,0.2721
-2.97027587890625,0.27215
-3.14605712890625,0.2722
-2.90618896484375,0.27225
-3.18939208984375,0.2723
-3.15887451171875,0.27235
-2.9864501953125,0.2724
-2.84088134765625,0.27245
-2.823486328125,0.2725
-3.13446044921875,0.27255
-3.0841064453125,0.2726
-2.78778076171875,0.27265
-3.1658935546875,0.2727
-2.82012939453125,0.27275
-2.9205322265625,0.2728
-3.13507080078125,0.27285
-3.0865478515625,0.2729
-2.9412841796875,0.27295
-3.0401611328125,0.273
-3.0517578125,0.27305
-3.13232421875,0.2731
-3.0780029296875,0.27315
-3.336181640625,0.2732
-3.07708740234375,0.27325
-3.1964111328125,0.2733
-3.31146240234375,0.27335
-3.03466796875,0.2734
-3.1500244140625,0.27345
-3.10272216796875,0.2735
-3.17535400390625,0.27355
-2.7899169921875,0.2736
-2.7020263671875,0.27365
-2.94036865234375,0.2737
-3.06488037109375,0.27375
-2.78350830078125,0.2738
-3.106689453125,0.27385
-2.744140625,0.2739
-2.98431396484375,0.27395
-3.0712890625,0.274
-3.1854248046875,0.27405
-2.78472900390625,0.2741
-2.7801513671875,0.27415
-3.13568115234375,0.2742
-3.017578125,0.27425
-3.1005859375,0.2743
-3.01544189453125,0.27435
-2.85186767578125,0.2744
-2.84759521484375,0.27444999999999997
-2.92388916015625,0.2745
-3.03436279296875,0.27455
-2.9443359375,0.2746
-3.001708984375,0.27465
-3.14727783203125,0.2747
-2.91107177734375,0.27475
-3.18023681640625,0.2748
-3.2843017578125,0.27485
-2.92999267578125,0.2749
-3.09326171875,0.27495
-2.918701171875,0.275
-3.10302734375,0.27505
-2.86346435546875,0.2751
-2.9644775390625,0.27515
-3.08837890625,0.2752
-2.784423828125,0.27525
-2.71697998046875,0.2753
-3.0029296875,0.27535
-2.78076171875,0.2754
-2.99560546875,0.27545
-2.96905517578125,0.27549999999999997
-2.852783203125,0.27555
-2.5750732421875,0.2756
-3.08319091796875,0.27565
-3.3245849609375,0.2757
-3.09661865234375,0.27575
-2.7874755859375,0.2758
-3.341064453125,0.27585
-3.0096435546875,0.2759
-3.17230224609375,0.27595
-3.2928466796875,0.27599999999999997
-3.3282470703125,0.27605
-2.98004150390625,0.2761
-3.1964111328125,0.27615
-3.32061767578125,0.2762
-3.0487060546875,0.27625
-3.17352294921875,0.2763
-3.30596923828125,0.27635
-3.2855224609375,0.2764
-3.23028564453125,0.27645
-3.18572998046875,0.27649999999999997
-3.31268310546875,0.27655
-3.5009765625,0.2766
-3.19061279296875,0.27665
-3.5064697265625,0.2767
-2.87811279296875,0.27675
-3.13812255859375,0.2768
-3.2769775390625,0.27685
-3.17108154296875,0.2769
-2.860107421875,0.27695
-3.12652587890625,0.27699999999999997
-2.8253173828125,0.27705
-2.955322265625,0.2771
-2.974853515625,0.27715
-3.07220458984375,0.2772
-2.76336669921875,0.27725
-2.9638671875,0.2773
-3.2452392578125,0.27735
-3.14605712890625,0.2774
-3.294677734375,0.27745
-3.038330078125,0.27749999999999997
-3.2952880859375,0.27755
-3.01361083984375,0.2776
-3.05633544921875,0.27765
-3.04229736328125,0.2777
-2.8973388671875,0.27775
-3.121337890625,0.2778
-3.20098876953125,0.27785
-2.78839111328125,0.2779
-3.07098388671875,0.27795
-3.13232421875,0.27799999999999997
-3.1231689453125,0.27805
-3.0877685546875,0.2781
-2.98126220703125,0.27815
-3.004150390625,0.2782
-3.1591796875,0.27825
-3.14117431640625,0.2783
-3.26690673828125,0.27835
-2.8106689453125,0.2784
-2.96539306640625,0.27845
-3.1280517578125,0.27849999999999997
-3.0401611328125,0.27854999999999996
-2.9266357421875,0.2786
-2.86773681640625,0.27865
-3.16802978515625,0.2787
-3.065185546875,0.27875
-3.3880615234375,0.2788
-3.3740234375,0.27885
-3.4295654296875,0.2789
-3.18878173828125,0.27895
-3.19488525390625,0.27899999999999997
-3.1005859375,0.27905
-3.34930419921875,0.2791
-3.60931396484375,0.27915
-3.59344482421875,0.2792
-3.3319091796875,0.27925
-3.5418701171875,0.2793
-3.5003662109375,0.27935
-3.0963134765625,0.2794
-3.29132080078125,0.27945
-3.39447021484375,0.27949999999999997
-3.11309814453125,0.27954999999999997
-2.9071044921875,0.2796
-3.0389404296875,0.27965
-3.1231689453125,0.2797
-3.11126708984375,0.27975
-3.16802978515625,0.2798
-3.12347412109375,0.27985
-2.94464111328125,0.2799
-3.09600830078125,0.27995
-3.197021484375,0.27999999999999997
-3.13568115234375,0.28005
-2.8472900390625,0.2801
-3.08837890625,0.28015
-3.11370849609375,0.2802
-3.30352783203125,0.28025
-3.2012939453125,0.2803
-3.38409423828125,0.28035
-3.03375244140625,0.2804
-3.12744140625,0.28045
-3.3502197265625,0.28049999999999997
-3.41094970703125,0.28054999999999997
-3.36029052734375,0.2806
-3.36639404296875,0.28065
-3.44970703125,0.2807
-3.11248779296875,0.28075
-3.35296630859375,0.2808
-3.2965087890625,0.28085
-3.24371337890625,0.2809
-3.09906005859375,0.28095
-3.0859375,0.28099999999999997
-2.8436279296875,0.28105
-3.24432373046875,0.2811
-3.24188232421875,0.28115
-3.087158203125,0.2812
-2.901611328125,0.28125
-3.24188232421875,0.2813
-3.038330078125,0.28135
-3.048095703125,0.2814
-2.88848876953125,0.28145
-3.0645751953125,0.2815
-2.79083251953125,0.28154999999999997
-2.705078125,0.2816
-3.065185546875,0.28165
-2.77374267578125,0.2817
-2.62603759765625,0.28175
-2.9364013671875,0.2818
-2.9840087890625,0.28185
-2.8369140625,0.2819
-3.095703125,0.28195
-3.17230224609375,0.282
-3.25592041015625,0.28205
-2.9107666015625,0.2821
-2.8839111328125,0.28215
-2.97821044921875,0.2822
-2.83050537109375,0.28225
-3.24066162109375,0.2823
-3.2135009765625,0.28235
-3.1256103515625,0.2824
-3.02642822265625,0.28245
-3.076171875,0.2825
-3.19732666015625,0.28254999999999997
-3.04901123046875,0.2826
-3.48388671875,0.28265
-3.12103271484375,0.2827
-3.19793701171875,0.28275
-3.63250732421875,0.2828
-3.73565673828125,0.28285
-3.326416015625,0.2829
-3.6700439453125,0.28295
-3.55010986328125,0.283
-3.40972900390625,0.28304999999999997
-3.63739013671875,0.2831
-3.37921142578125,0.28315
-3.58551025390625,0.2832
-3.61297607421875,0.28325
-3.60565185546875,0.2833
-3.7176513671875,0.28335
-3.87451171875,0.2834
-3.81011962890625,0.28345
-3.8641357421875,0.2835
-3.39996337890625,0.28354999999999997
-3.6181640625,0.2836
-3.82904052734375,0.28365
-3.8433837890625,0.2837
-3.6419677734375,0.28375
-3.7542724609375,0.2838
-3.6700439453125,0.28385
-3.14605712890625,0.2839
-3.52935791015625,0.28395
-3.38348388671875,0.284
-3.3544921875,0.28404999999999997
-3.00750732421875,0.2841
-2.911376953125,0.28415
-2.8204345703125,0.2842
-3.1304931640625,0.28425
-2.828369140625,0.2843
-2.72857666015625,0.28435
-2.335205078125,0.2844
-2.791748046875,0.28445
-2.5933837890625,0.2845
-2.58331298828125,0.28454999999999997
-2.55859375,0.2846
-2.63275146484375,0.28465
-2.279052734375,0.2847
-2.76031494140625,0.28475
-2.667236328125,0.2848
-2.73712158203125,0.28485
-2.83050537109375,0.2849
-2.7960205078125,0.28495
-3.03741455078125,0.285
-3.08502197265625,0.28504999999999997
-3.016357421875,0.2851
-3.2232666015625,0.28515
-3.23394775390625,0.2852
-3.2269287109375,0.28525
-3.4295654296875,0.2853
-3.28582763671875,0.28535
-3.30108642578125,0.2854
-3.47259521484375,0.28545
-3.3221435546875,0.2855
-2.9241943359375,0.28554999999999997
-2.85797119140625,0.2856
-3.194580078125,0.28565
-3.22174072265625,0.2857
-2.7294921875,0.28575
-3.0511474609375,0.2858
-3.0767822265625,0.28585
-2.87261962890625,0.2859
-3.118896484375,0.28595
-3.1207275390625,0.286
-2.8045654296875,0.28604999999999997
-2.96478271484375,0.2861
-3.28765869140625,0.28615
-2.93487548828125,0.2862
-3.05419921875,0.28625
-3.17596435546875,0.2863
-3.056640625,0.28635
-2.943115234375,0.2864
-2.8826904296875,0.28645
-3.12347412109375,0.2865
-3.2501220703125,0.28654999999999997
-3.04107666015625,0.28659999999999997
-2.999267578125,0.28665
-2.84271240234375,0.2867
-2.806396484375,0.28675
-3.11248779296875,0.2868
-3.14453125,0.28685
-2.95928955078125,0.2869
-3.18756103515625,0.28695
-2.7618408203125,0.287
-3.08013916015625,0.28704999999999997
-3.35113525390625,0.2871
-3.19793701171875,0.28715
-3.194580078125,0.2872
-2.9901123046875,0.28725
-3.4173583984375,0.2873
-3.39935302734375,0.28735
-3.45947265625,0.2874
-3.2977294921875,0.28745
-3.6480712890625,0.2875
-3.0889892578125,0.28755
-3.48541259765625,0.28759999999999997
-3.21807861328125,0.28765
-3.17352294921875,0.2877
-2.999267578125,0.28775
-3.29437255859375,0.2878
-2.90283203125,0.28785
-3.3203125,0.2879
-3.291015625,0.28795
-3.09844970703125,0.288
-3.17230224609375,0.28805
-3.074951171875,0.28809999999999997
-3.11767578125,0.28815
-3.29010009765625,0.2882
-3.2220458984375,0.28825
-3.262939453125,0.2883
-3.621826171875,0.28835
-3.1280517578125,0.2884
-3.5552978515625,0.28845
-3.4039306640625,0.2885
-3.34625244140625,0.28855
-3.52691650390625,0.28859999999999997
-3.3447265625,0.28865
-3.206787109375,0.2887
-3.45306396484375,0.28875
-3.3184814453125,0.2888
-3.46435546875,0.28885
-3.193359375,0.2889
-3.27484130859375,0.28895
-3.2916259765625,0.289
-3.14544677734375,0.28905
-3.1988525390625,0.28909999999999997
-3.42559814453125,0.28915
-3.09600830078125,0.2892
-3.31451416015625,0.28925
-3.4814453125,0.2893
-3.21624755859375,0.28935
-3.20404052734375,0.2894
-3.5052490234375,0.28945
-3.0731201171875,0.2895
-3.45550537109375,0.28955
-3.27239990234375,0.28959999999999997
-3.51226806640625,0.28965
-3.60198974609375,0.2897
-3.5565185546875,0.28975
-3.40240478515625,0.2898
-3.216552734375,0.28985
-3.216552734375,0.2899
-3.37432861328125,0.28995
-3.42132568359375,0.29
-3.1097412109375,0.29005
-3.09814453125,0.29009999999999997
-3.0731201171875,0.29015
-3.216552734375,0.2902
-3.179931640625,0.29025
-3.2061767578125,0.2903
-3.19000244140625,0.29035
-3.2891845703125,0.2904
-3.5198974609375,0.29045
-3.31207275390625,0.2905
-3.25836181640625,0.29055
-3.25653076171875,0.29059999999999997
-3.43048095703125,0.29065
-3.00140380859375,0.2907
-3.36822509765625,0.29075
-3.32489013671875,0.2908
-3.23944091796875,0.29085
-3.03375244140625,0.2909
-3.179931640625,0.29095
-3.167724609375,0.291
-3.5174560546875,0.29105
-3.3782958984375,0.29109999999999997
-3.33038330078125,0.29115
-3.29498291015625,0.2912
-3.31939697265625,0.29125
-3.25164794921875,0.2913
-3.3740234375,0.29135
-3.265380859375,0.2914
-3.1719970703125,0.29145
-3.043212890625,0.2915
-2.9388427734375,0.29155
-3.18603515625,0.29159999999999997
-2.88543701171875,0.29165
-2.82073974609375,0.2917
-2.89306640625,0.29175
-3.16192626953125,0.2918
-2.7667236328125,0.29185
-3.1463623046875,0.2919
-3.10791015625,0.29195
-3.34442138671875,0.292
-2.84088134765625,0.29205
-3.2037353515625,0.29209999999999997
-2.9559326171875,0.29215
-3.02032470703125,0.2922
-2.965087890625,0.29225
-3.3465576171875,0.2923
-2.89764404296875,0.29235
-3.01788330078125,0.2924
-3.30078125,0.29245
-3.12652587890625,0.2925
-3.3013916015625,0.29255
-3.115234375,0.29259999999999997
-2.8173828125,0.29265
-3.15093994140625,0.2927
-3.07159423828125,0.29275
-3.18756103515625,0.2928
-3.46282958984375,0.29285
-3.2513427734375,0.2929
-3.082275390625,0.29295
-3.0462646484375,0.293
-3.177490234375,0.29305
-3.29345703125,0.29309999999999997
-3.29864501953125,0.29315
-2.78656005859375,0.2932
-3.0853271484375,0.29325
-3.10577392578125,0.2933
-3.145751953125,0.29335
-3.001708984375,0.2934
-3.09906005859375,0.29345
-3.0169677734375,0.2935
-3.11737060546875,0.29355
-3.2025146484375,0.29359999999999997
-3.1427001953125,0.29364999999999997
-3.126220703125,0.2937
-3.360595703125,0.29375
-3.1939697265625,0.2938
-3.13720703125,0.29385
-3.30902099609375,0.2939
-3.33160400390625,0.29395
-3.2867431640625,0.294
-2.96539306640625,0.29405
-3.2598876953125,0.2941
-2.95501708984375,0.29414999999999997
-3.3660888671875,0.2942
-3.51226806640625,0.29425
-3.255615234375,0.2943
-3.1390380859375,0.29435
-3.33465576171875,0.2944
-3.27972412109375,0.29445
-3.50799560546875,0.2945
-3.3782958984375,0.29455
-3.35418701171875,0.2946
-3.35784912109375,0.29464999999999997
-3.28216552734375,0.2947
-3.66943359375,0.29475
-3.36029052734375,0.2948
-3.280029296875,0.29485
-3.382568359375,0.2949
-3.55255126953125,0.29495
-3.1463623046875,0.295
-3.45123291015625,0.29505
-3.565673828125,0.2951
-3.5858154296875,0.29514999999999997
-3.29071044921875,0.2952
-3.66546630859375,0.29525
-3.40301513671875,0.2953
-3.46893310546875,0.29535
-3.5357666015625,0.2954
-3.482666015625,0.29545
-3.34625244140625,0.2955
-3.53363037109375,0.29555
-3.48114013671875,0.2956
-3.4710693359375,0.29564999999999997
-3.45367431640625,0.2957
-3.61785888671875,0.29575
-3.08685302734375,0.2958
-3.443603515625,0.29585
-3.59375,0.2959
-3.5491943359375,0.29595
-3.41400146484375,0.296
-3.184814453125,0.29605
-3.19549560546875,0.2961
-3.36944580078125,0.29614999999999997
-3.35906982421875,0.2962
-3.1793212890625,0.29625
-3.44940185546875,0.2963
-3.145751953125,0.29635
-3.26934814453125,0.2964
-3.47808837890625,0.29645
-3.255615234375,0.2965
-3.1085205078125,0.29655
-3.23486328125,0.2966
-3.08502197265625,0.29664999999999997
-3.1182861328125,0.2967
-3.33984375,0.29675
-3.372802734375,0.2968
-3.02337646484375,0.29685
-3.1451416015625,0.2969
-3.267822265625,0.29695
-3.26324462890625,0.297
-3.3184814453125,0.29705
-3.23211669921875,0.2971
-3.07525634765625,0.29714999999999997
-3.203125,0.2972
-3.1341552734375,0.29725
-2.945556640625,0.2973
-3.3538818359375,0.29735
-3.3837890625,0.2974
-3.16680908203125,0.29745
-2.80059814453125,0.2975
-3.3734130859375,0.29755
-3.24127197265625,0.2976
-3.31298828125,0.29764999999999997
-2.98828125,0.2977
-3.07037353515625,0.29775
-3.150634765625,0.2978
-3.228759765625,0.29785
-3.02978515625,0.2979
-3.0438232421875,0.29795
-3.28765869140625,0.298
-2.9345703125,0.29805
-3.1671142578125,0.2981
-2.786865234375,0.29814999999999997
-2.9449462890625,0.2982
-3.09814453125,0.29825
-3.04412841796875,0.2983
-2.82806396484375,0.29835
-3.2586669921875,0.2984
-3.1976318359375,0.29845
-3.15216064453125,0.2985
-3.31878662109375,0.29855
-3.02215576171875,0.2986
-2.85919189453125,0.29864999999999997
-2.9638671875,0.2987
-3.05145263671875,0.29875
-2.92724609375,0.2988
-3.06121826171875,0.29885
-2.93487548828125,0.2989
-2.79632568359375,0.29895
-2.95562744140625,0.299
-3.08349609375,0.29905
-3.15399169921875,0.2991
-2.83905029296875,0.29914999999999997
-2.83935546875,0.2992
-3.15460205078125,0.29925
-3.16009521484375,0.2993
-2.9736328125,0.29935
-2.90985107421875,0.2994
-3.2000732421875,0.29945
-2.7557373046875,0.2995
-2.94952392578125,0.29955
-2.95013427734375,0.2996
-2.82745361328125,0.29964999999999997
-2.713623046875,0.2997
-2.9150390625,0.29975
-2.77069091796875,0.2998
-2.9107666015625,0.29985
-2.9803466796875,0.2999
-2.9461669921875,0.29995
-2.53448486328125,0.3
-2.70111083984375,0.30005
-3.026123046875,0.3001
-3.153076171875,0.30015
-3.04901123046875,0.30019999999999997
-3.1622314453125,0.30024999999999996
-2.725830078125,0.3003
-2.86712646484375,0.30035
-2.8851318359375,0.3004
-2.85919189453125,0.30045
-3.07342529296875,0.3005
-2.85064697265625,0.30055
-2.9168701171875,0.3006
-2.6910400390625,0.30065
-2.991943359375,0.30069999999999997
-2.76123046875,0.30074999999999996
-2.9547119140625,0.3008
-2.7532958984375,0.30085
-3.04107666015625,0.3009
-2.94097900390625,0.30095
-3.0560302734375,0.301
-3.04595947265625,0.30105
-3.34564208984375,0.3011
-2.960205078125,0.30115
-2.99468994140625,0.30119999999999997
-3.28643798828125,0.30124999999999996
-3.0389404296875,0.3013
-3.082275390625,0.30135
-3.13201904296875,0.3014
-3.13995361328125,0.30145
-3.004150390625,0.3015
-3.23394775390625,0.30155
-3.072509765625,0.3016
-3.1231689453125,0.30165
-3.3074951171875,0.30169999999999997
-3.1451416015625,0.30174999999999996
-2.8851318359375,0.3018
-3.228759765625,0.30185
-3.4332275390625,0.3019
-3.14910888671875,0.30195
-3.2598876953125,0.302
-3.16314697265625,0.30205
-3.35784912109375,0.3021
-3.3538818359375,0.30215
-3.280029296875,0.30219999999999997
-3.40087890625,0.30224999999999996
-3.11737060546875,0.3023
-3.070068359375,0.30235
-3.3154296875,0.3024
-3.13690185546875,0.30245
-3.2403564453125,0.3025
-3.21136474609375,0.30255
-3.18695068359375,0.3026
-2.9241943359375,0.30265
-3.10028076171875,0.30269999999999997
-3.1256103515625,0.30274999999999996
-3.22967529296875,0.3028
-2.904052734375,0.30285
-3.21136474609375,0.3029
-3.173828125,0.30295
-3.23028564453125,0.303
-3.26019287109375,0.30305
-3.10943603515625,0.3031
-2.6519775390625,0.30315
-3.0078125,0.30319999999999997
-3.037109375,0.30324999999999996
-2.9266357421875,0.3033
-3.19091796875,0.30335
-3.072509765625,0.3034
-2.85980224609375,0.30345
-3.09295654296875,0.3035
-3.23944091796875,0.30355
-3.1781005859375,0.3036
-3.4283447265625,0.30365
-3.253173828125,0.30369999999999997
-3.57086181640625,0.30374999999999996
-3.27850341796875,0.3038
-3.50433349609375,0.30385
-3.03192138671875,0.3039
-3.4307861328125,0.30395
-3.07037353515625,0.304
-3.3966064453125,0.30405
-3.328857421875,0.3041
-3.25531005859375,0.30415
-3.47564697265625,0.30419999999999997
-3.482666015625,0.30424999999999996
-3.0963134765625,0.3043
-3.341064453125,0.30435
-3.36334228515625,0.3044
-3.4368896484375,0.30445
-3.34075927734375,0.3045
-3.3685302734375,0.30455
-3.4808349609375,0.3046
-3.62152099609375,0.30465
-3.75579833984375,0.30469999999999997
-3.71826171875,0.30474999999999997
-3.43597412109375,0.3048
-3.62548828125,0.30485
-3.50921630859375,0.3049
-3.15521240234375,0.30495
-3.67218017578125,0.305
-3.6627197265625,0.30505
-3.45489501953125,0.3051
-3.1561279296875,0.30515
-3.328857421875,0.30519999999999997
-3.387451171875,0.30524999999999997
-3.2672119140625,0.3053
-3.27789306640625,0.30535
-3.37005615234375,0.3054
-3.28826904296875,0.30545
-3.12744140625,0.3055
-3.25408935546875,0.30555
-3.3978271484375,0.3056
-3.23577880859375,0.30565
-3.25714111328125,0.30569999999999997
-3.22418212890625,0.30574999999999997
-2.8668212890625,0.3058
-3.36456298828125,0.30585
-3.22113037109375,0.3059
-3.017578125,0.30595
-3.099365234375,0.306
-3.07373046875,0.30605
-3.08990478515625,0.3061
-3.23974609375,0.30615
-3.41522216796875,0.30619999999999997
-3.04779052734375,0.30624999999999997
-2.7813720703125,0.3063
-3.22296142578125,0.30635
-3.2769775390625,0.3064
-3.15093994140625,0.30645
-3.19488525390625,0.3065
-2.99560546875,0.30655
-2.94036865234375,0.3066
-3.15277099609375,0.30665
-3.040771484375,0.3067
-2.90740966796875,0.30674999999999997
-3.143310546875,0.30679999999999996
-3.13568115234375,0.30685
-3.15673828125,0.3069
-2.9937744140625,0.30695
-3.07525634765625,0.307
-2.84454345703125,0.30705
-3.05145263671875,0.3071
-2.664794921875,0.30715
-2.94677734375,0.3072
-2.81524658203125,0.30724999999999997
-2.87139892578125,0.30729999999999996
-3.02642822265625,0.30735
-3.30108642578125,0.3074
-3.1005859375,0.30745
-3.6785888671875,0.3075
-3.71246337890625,0.30755
-3.66119384765625,0.3076
-3.538818359375,0.30765
-3.643798828125,0.3077
-3.39385986328125,0.30774999999999997
-3.4454345703125,0.30779999999999996
-3.91845703125,0.30785
-3.7518310546875,0.3079
-3.50341796875,0.30795
-3.64715576171875,0.308
-3.62457275390625,0.30805
-3.41796875,0.3081
-3.55010986328125,0.30815
-3.71337890625,0.3082
-3.538818359375,0.30824999999999997
-3.55743408203125,0.30829999999999996
-3.80523681640625,0.30835
-3.76190185546875,0.3084
-3.65997314453125,0.30845
-3.71337890625,0.3085
-3.7506103515625,0.30855
-3.475341796875,0.3086
-3.3306884765625,0.30865
-3.62396240234375,0.3087
-3.68865966796875,0.30874999999999997
-3.24676513671875,0.30879999999999996
-3.33526611328125,0.30885
-3.3184814453125,0.3089
-3.082275390625,0.30895
-3.49365234375,0.309
-3.41461181640625,0.30905
-2.9058837890625,0.3091
-3.02459716796875,0.30915
-3.1317138671875,0.3092
-3.109130859375,0.30924999999999997
-3.2098388671875,0.30929999999999996
-3.23486328125,0.30935
-2.87017822265625,0.3094
-2.83111572265625,0.30945
-3.2794189453125,0.3095
-3.05572509765625,0.30955
-2.94769287109375,0.3096
-2.568359375,0.30965
-2.916259765625,0.3097
-2.80548095703125,0.30974999999999997
-2.88360595703125,0.30979999999999996
-3.0474853515625,0.30985
-2.89031982421875,0.3099
-3.15521240234375,0.30995
-3.2891845703125,0.31
-3.4368896484375,0.31005
-3.30322265625,0.3101
-3.44451904296875,0.31015
-3.4375,0.3102
-3.4356689453125,0.31024999999999997
-3.06365966796875,0.31029999999999996
-3.2830810546875,0.31035
-3.1976318359375,0.3104
-3.24432373046875,0.31045
-3.326416015625,0.3105
-3.12408447265625,0.31055
-3.052978515625,0.3106
-3.14605712890625,0.31065
-3.3038330078125,0.3107
-3.04290771484375,0.31074999999999997
-2.89581298828125,0.31079999999999997
-3.0841064453125,0.31085
-2.6446533203125,0.3109
-3.06427001953125,0.31095
-3.367919921875,0.311
-2.87811279296875,0.31105
-2.67120361328125,0.3111
-2.50396728515625,0.31115
-2.92327880859375,0.3112
-2.57171630859375,0.31124999999999997
-2.60406494140625,0.31129999999999997
-2.6812744140625,0.31135
-2.47528076171875,0.3114
-2.70050048828125,0.31145
-2.8314208984375,0.3115
-2.74627685546875,0.31155
-2.8857421875,0.3116
-2.74444580078125,0.31165
-2.84027099609375,0.3117
-2.4560546875,0.31174999999999997
-2.57476806640625,0.31179999999999997
-2.71484375,0.31185
-2.96875,0.3119
-2.4267578125,0.31195
-2.81646728515625,0.312
-2.78533935546875,0.31205
-2.81005859375,0.3121
-2.7264404296875,0.31215
-2.8875732421875,0.3122
-2.4151611328125,0.31224999999999997
-2.42950439453125,0.31229999999999997
-2.8759765625,0.31235
-2.95257568359375,0.3124
-2.7484130859375,0.31245
-3.0047607421875,0.3125
-2.8155517578125,0.31255
-2.84576416015625,0.3126
-3.040771484375,0.31265
-2.8851318359375,0.3127
-3.00689697265625,0.31275
-2.61260986328125,0.31279999999999997
-2.9693603515625,0.31284999999999996
-2.90191650390625,0.3129
-2.90313720703125,0.31295
-3.01025390625,0.313
-2.869873046875,0.31305
-2.67791748046875,0.3131
-2.8082275390625,0.31315
-2.84088134765625,0.3132
-2.8350830078125,0.31325
-2.76123046875,0.31329999999999997
-2.8643798828125,0.31335
-2.99163818359375,0.3134
-2.87750244140625,0.31345
-3.22174072265625,0.3135
-3.20709228515625,0.31355
-3.09967041015625,0.3136
-2.9241943359375,0.31365
-3.0242919921875,0.3137
-2.9180908203125,0.31375
-3.25775146484375,0.31379999999999997
-3.3197021484375,0.31384999999999996
-2.9241943359375,0.3139
-2.9608154296875,0.31395
-3.46282958984375,0.314
-3.06671142578125,0.31405
-3.31268310546875,0.3141
-3.35540771484375,0.31415
-3.11553955078125,0.3142
-3.14178466796875,0.31425
-3.12042236328125,0.31429999999999997
-3.23974609375,0.31434999999999996
-3.0377197265625,0.3144
-3.35205078125,0.31445
-3.32763671875,0.3145
-3.42742919921875,0.31455
-3.27178955078125,0.3146
-3.40362548828125,0.31465
-3.406982421875,0.3147
-3.24371337890625,0.31475
-2.96295166015625,0.31479999999999997
-3.118896484375,0.31484999999999996
-2.950439453125,0.3149
-3.0938720703125,0.31495
-3.24432373046875,0.315
-2.9669189453125,0.31505
-2.6983642578125,0.3151
-3.13262939453125,0.31515
-3.29833984375,0.3152
-3.06884765625,0.31525
-2.7764892578125,0.31529999999999997
-3.18603515625,0.31534999999999996
-2.64404296875,0.3154
-2.80853271484375,0.31545
-3.33404541015625,0.3155
-3.13446044921875,0.31555
-2.77618408203125,0.3156
-2.9315185546875,0.31565
-3.01422119140625,0.3157
-2.8582763671875,0.31575
-2.7984619140625,0.31579999999999997
-2.96417236328125,0.31584999999999996
-2.8271484375,0.3159
-3.0224609375,0.31595
-3.0975341796875,0.316
-3.0133056640625,0.31605
-3.19854736328125,0.3161
-3.2891845703125,0.31615
-3.3514404296875,0.3162
-2.93792724609375,0.31625
-3.0999755859375,0.31629999999999997
-3.1585693359375,0.31634999999999996
-3.18572998046875,0.3164
-2.87017822265625,0.31645
-3.35418701171875,0.3165
-3.05816650390625,0.31655
-3.226318359375,0.3166
-3.3367919921875,0.31665
-3.28338623046875,0.3167
-2.861328125,0.31675
-2.96417236328125,0.31679999999999997
-3.31390380859375,0.31684999999999997
-3.24920654296875,0.3169
-3.34259033203125,0.31695
-3.21533203125,0.317
-3.0120849609375,0.31705
-2.88482666015625,0.3171
-3.34259033203125,0.31715
-2.88970947265625,0.3172
-2.96417236328125,0.31725
-3.0023193359375,0.31729999999999997
-3.20220947265625,0.31734999999999997
-2.833251953125,0.3174
-2.94647216796875,0.31745
-3.1878662109375,0.3175
-2.877197265625,0.31755
-3.055419921875,0.3176
-2.908935546875,0.31765
-3.12530517578125,0.3177
-3.1207275390625,0.31775
-3.25714111328125,0.31779999999999997
-3.30413818359375,0.31784999999999997
-2.95654296875,0.31789999999999996
-2.9638671875,0.31795
-3.36273193359375,0.318
-3.04168701171875,0.31805
-2.97821044921875,0.3181
-3.26934814453125,0.31815
-3.02154541015625,0.3182
-2.8106689453125,0.31825
-3.07708740234375,0.31829999999999997
-3.23150634765625,0.31834999999999997
-3.14117431640625,0.3184
-2.70111083984375,0.31845
-3.20587158203125,0.3185
-3.0584716796875,0.31855
-3.22784423828125,0.3186
-3.36578369140625,0.31865
-3.33343505859375,0.3187
-2.7886962890625,0.31875
-3.0712890625,0.3188
-3.15155029296875,0.31884999999999997
-3.0047607421875,0.31889999999999996
-3.0810546875,0.31895
-3.065185546875,0.319
-2.94525146484375,0.31905
-3.00048828125,0.3191
-3.0072021484375,0.31915
-3.03436279296875,0.3192
-3.24127197265625,0.31925
-3.15185546875,0.3193
-3.31207275390625,0.31934999999999997
-2.90496826171875,0.3194
-3.11370849609375,0.31945
-3.24920654296875,0.3195
-3.375244140625,0.31955
-2.762451171875,0.3196
-3.01239013671875,0.31965
-3.10943603515625,0.3197
-2.9345703125,0.31975
-3.05999755859375,0.3198
-3.1591796875,0.31984999999999997
-2.70660400390625,0.31989999999999996
-2.89581298828125,0.31995
-3.1005859375,0.32
-3.19580078125,0.32005
-3.05633544921875,0.3201
-3.10882568359375,0.32015
-3.24066162109375,0.3202
-3.21563720703125,0.32025
-3.31939697265625,0.3203
-3.23028564453125,0.32034999999999997
-3.19732666015625,0.3204
-3.31024169921875,0.32045
-3.41339111328125,0.3205
-3.08380126953125,0.32055
-3.3062744140625,0.3206
-3.3642578125,0.32065
-3.2489013671875,0.3207
-3.369140625,0.32075
-3.21807861328125,0.3208
-3.11981201171875,0.32084999999999997
-3.24798583984375,0.32089999999999996
-3.2525634765625,0.32095
-3.1671142578125,0.321
-3.07098388671875,0.32105
-3.05206298828125,0.3211
-3.50830078125,0.32115
-3.28857421875,0.3212
-2.94219970703125,0.32125
-3.05877685546875,0.3213
-3.1427001953125,0.32134999999999997
-2.84454345703125,0.3214
-3.37615966796875,0.32145
-3.35845947265625,0.3215
-3.21624755859375,0.32155
-3.23944091796875,0.3216
-3.277587890625,0.32165
-3.05023193359375,0.3217
-3.0877685546875,0.32175
-3.45977783203125,0.3218
-3.47991943359375,0.32184999999999997
-3.1134033203125,0.32189999999999996
-3.2672119140625,0.32195
-3.3062744140625,0.322
-3.4014892578125,0.32205
-3.09356689453125,0.3221
-3.4063720703125,0.32215
-2.92724609375,0.3222
-3.0548095703125,0.32225
-2.933349609375,0.3223
-3.0963134765625,0.32234999999999997
-2.88818359375,0.32239999999999996
-3.0743408203125,0.32245
-3.08837890625,0.3225
-2.978515625,0.32255
-2.98065185546875,0.3226
-3.09661865234375,0.32265
-2.8558349609375,0.3227
-2.6959228515625,0.32275
-3.13751220703125,0.3228
-3.1268310546875,0.32284999999999997
-3.01971435546875,0.32289999999999996
-2.97515869140625,0.32295
-3.245849609375,0.323
-2.9083251953125,0.32305
-3.07220458984375,0.3231
-3.365478515625,0.32315
-3.2452392578125,0.3232
-3.02276611328125,0.32325
-3.19793701171875,0.3233
-3.22723388671875,0.32334999999999997
-3.04534912109375,0.32339999999999997
-3.226318359375,0.32345
-3.123779296875,0.3235
-3.20709228515625,0.32355
-2.94525146484375,0.3236
-3.09539794921875,0.32365
-2.94189453125,0.3237
-2.94952392578125,0.32375
-3.12530517578125,0.3238
-2.90008544921875,0.32384999999999997
-2.89154052734375,0.32389999999999997
-3.1805419921875,0.32395
-3.1939697265625,0.324
-3.10699462890625,0.32405
-2.79632568359375,0.3241
-2.9449462890625,0.32415
-3.02947998046875,0.3242
-2.894287109375,0.32425
-3.0853271484375,0.3243
-2.96112060546875,0.32434999999999997
-2.6751708984375,0.32439999999999997
-2.82562255859375,0.32445
-2.9730224609375,0.3245
-2.841796875,0.32455
-2.97210693359375,0.3246
-3.10882568359375,0.32465
-2.8857421875,0.3247
-2.86865234375,0.32475
-3.1207275390625,0.3248
-2.977294921875,0.32484999999999997
-2.890625,0.32489999999999997
-3.243408203125,0.32494999999999996
-3.1268310546875,0.32499999999999996
-2.72613525390625,0.32505
-2.9827880859375,0.3251
-3.08563232421875,0.32515
-3.11981201171875,0.3252
-2.89215087890625,0.32525
-3.13262939453125,0.3253
-2.84820556640625,0.32535
-2.911376953125,0.32539999999999997
-3.0035400390625,0.32544999999999996
-3.2391357421875,0.3255
-2.78778076171875,0.32555
-3.048095703125,0.3256
-3.30322265625,0.32565
-3.170166015625,0.3257
-3.1109619140625,0.32575
-2.9827880859375,0.3258
-3.060302734375,0.32585
-2.88543701171875,0.32589999999999997
-3.1494140625,0.32594999999999996
-3.27728271484375,0.32599999999999996
-3.3135986328125,0.32605
-3.267822265625,0.3261
-3.24432373046875,0.32615
-3.01055908203125,0.3262
-3.15704345703125,0.32625
-3.50677490234375,0.3263
-3.37677001953125,0.32635
-3.05511474609375,0.32639999999999997
-3.41278076171875,0.32644999999999996
-3.46099853515625,0.32649999999999996
-3.29437255859375,0.32655
-3.52294921875,0.3266
-3.348388671875,0.32665
-3.14910888671875,0.3267
-3.16864013671875,0.32675
-3.106689453125,0.3268
-3.15765380859375,0.32685
-3.45062255859375,0.32689999999999997
-3.0621337890625,0.32694999999999996
-3.3673095703125,0.32699999999999996
-3.1475830078125,0.32705
-3.38470458984375,0.3271
-3.45550537109375,0.32715
-3.177490234375,0.3272
-2.98431396484375,0.32725
-3.32183837890625,0.3273
-3.05999755859375,0.32735
-3.29254150390625,0.32739999999999997
-3.070068359375,0.32744999999999996
-3.2366943359375,0.32749999999999996
-3.04290771484375,0.32755
-3.0548095703125,0.3276
-3.27362060546875,0.32765
-3.10882568359375,0.3277
-3.08258056640625,0.32775
-3.28765869140625,0.3278
-3.262939453125,0.32785
-3.09295654296875,0.32789999999999997
-3.3758544921875,0.32794999999999996
-3.45001220703125,0.32799999999999996
-3.02337646484375,0.32805
-3.29254150390625,0.3281
-3.2501220703125,0.32815
-2.85430908203125,0.3282
-3.09234619140625,0.32825
-3.1060791015625,0.3283
-2.94586181640625,0.32835
-3.04473876953125,0.32839999999999997
-3.033447265625,0.32844999999999996
-3.25836181640625,0.32849999999999996
-3.3306884765625,0.32855
-3.145751953125,0.3286
-3.45733642578125,0.32865
-3.07373046875,0.3287
-3.138427734375,0.32875
-3.5333251953125,0.3288
-3.11767578125,0.32885
-3.1170654296875,0.32889999999999997
-3.519287109375,0.32894999999999996
-3.35723876953125,0.32899999999999996
-3.385009765625,0.32904999999999995
-3.47442626953125,0.3291
-3.6212158203125,0.32915
-3.4234619140625,0.3292
-3.39813232421875,0.32925
-3.46160888671875,0.3293
-3.65692138671875,0.32935
-3.50830078125,0.32939999999999997
-3.6236572265625,0.32944999999999997
-3.99810791015625,0.32949999999999996
-3.19976806640625,0.32955
-3.6322021484375,0.3296
-3.31817626953125,0.32965
-3.5113525390625,0.3297
-3.438720703125,0.32975
-3.41644287109375,0.3298
-3.06640625,0.32985
-3.36395263671875,0.32989999999999997
-3.438720703125,0.32994999999999997
-3.39080810546875,0.32999999999999996
-3.10546875,0.33004999999999995
-2.89520263671875,0.3301
-3.5186767578125,0.33015
-3.29254150390625,0.3302
-3.15582275390625,0.33025
-3.20465087890625,0.3303
-3.2012939453125,0.33035
-3.082275390625,0.33039999999999997
-3.55316162109375,0.33044999999999997
-3.42926025390625,0.33049999999999996
-3.45123291015625,0.33055
-3.59527587890625,0.3306
-3.5150146484375,0.33065
-3.21624755859375,0.3307
-3.4307861328125,0.33075
-3.2061767578125,0.3308
-3.53515625,0.33085
-3.33038330078125,0.33089999999999997
-3.28033447265625,0.33094999999999997
-3.41705322265625,0.33099999999999996
-3.3758544921875,0.33104999999999996
-3.66058349609375,0.3311
-3.760986328125,0.33115
-3.1146240234375,0.3312
-3.4844970703125,0.33125
-3.27728271484375,0.3313
-3.2183837890625,0.33135
-3.40850830078125,0.3314
-3.1475830078125,0.33144999999999997
-3.28521728515625,0.33149999999999996
-3.25714111328125,0.33155
-3.2281494140625,0.3316
-3.2098388671875,0.33165
-3.21197509765625,0.3317
-2.8973388671875,0.33175
-3.328857421875,0.3318
-2.87109375,0.33185
-3.12042236328125,0.3319
-3.2861328125,0.33194999999999997
-3.385009765625,0.33199999999999996
-2.70904541015625,0.33204999999999996
-3.12347412109375,0.3321
-2.685546875,0.33215
-2.93670654296875,0.3322
-3.0413818359375,0.33225
-3.0975341796875,0.3323
-3.16864013671875,0.33235
-3.17840576171875,0.3324
-3.0743408203125,0.33244999999999997
-3.35845947265625,0.33249999999999996
-3.17230224609375,0.33254999999999996
-3.22418212890625,0.3326
-3.53607177734375,0.33265
-2.94921875,0.3327
-3.43658447265625,0.33275
-3.36944580078125,0.3328
-3.24249267578125,0.33285
-3.26995849609375,0.3329
-3.53179931640625,0.33294999999999997
-3.12744140625,0.33299999999999996
-3.6737060546875,0.33304999999999996
-3.64044189453125,0.3331
-3.6083984375,0.33315
-3.56658935546875,0.3332
-3.3697509765625,0.33325
-3.7005615234375,0.3333
-3.6688232421875,0.33335
-3.57757568359375,0.3334
-3.6004638671875,0.33344999999999997
-3.78875732421875,0.33349999999999996
-3.4600830078125,0.33354999999999996
-3.8165283203125,0.3336
-3.95782470703125,0.33365
-3.642578125,0.3337
-3.66424560546875,0.33375
-3.60565185546875,0.3338
-3.5546875,0.33385
-3.70574951171875,0.3339
-3.44329833984375,0.33394999999999997
-3.78936767578125,0.33399999999999996
-3.31512451171875,0.33404999999999996
-3.12469482421875,0.3341
-3.0377197265625,0.33415
-3.28704833984375,0.3342
-3.37249755859375,0.33425
-3.133544921875,0.3343
-2.82470703125,0.33435
-2.99774169921875,0.3344
-3.1768798828125,0.33444999999999997
-2.967529296875,0.33449999999999996
-2.77862548828125,0.33454999999999996
-2.70843505859375,0.3346
-2.77496337890625,0.33465
-2.6397705078125,0.3347
-2.85797119140625,0.33475
-2.4053955078125,0.3348
-2.59918212890625,0.33485
-2.642822265625,0.3349
-2.6922607421875,0.33494999999999997
-2.6873779296875,0.33499999999999996
-2.65167236328125,0.33504999999999996
-2.93975830078125,0.3351
-3.04931640625,0.33515
-2.73193359375,0.3352
-3.09051513671875,0.33525
-3.0584716796875,0.3353
-3.20404052734375,0.33535
-3.157958984375,0.3354
-3.5101318359375,0.33544999999999997
-3.1378173828125,0.33549999999999996
-3.11798095703125,0.33554999999999996
-3.34808349609375,0.3356
-3.4112548828125,0.33565
-2.9888916015625,0.3357
-3.2464599609375,0.33575
-3.2159423828125,0.3358
-2.88421630859375,0.33585
-3.3941650390625,0.3359
-3.13201904296875,0.33594999999999997
-3.19976806640625,0.33599999999999997
-2.8619384765625,0.33604999999999996
-2.93701171875,0.33609999999999995
-2.76336669921875,0.33615
-2.8057861328125,0.3362
-2.928466796875,0.33625
-3.02886962890625,0.3363
-2.6861572265625,0.33635
-3.048095703125,0.3364
-3.048095703125,0.33644999999999997
-3.2452392578125,0.33649999999999997
-2.9376220703125,0.33654999999999996
-3.01483154296875,0.3366
-2.7996826171875,0.33665
-2.8265380859375,0.3367
-2.93121337890625,0.33675
-2.92388916015625,0.3368
-3.13873291015625,0.33685
-2.860107421875,0.3369
-2.779541015625,0.33694999999999997
-3.11004638671875,0.33699999999999997
-3.1268310546875,0.33704999999999996
-3.09967041015625,0.33709999999999996
-3.07586669921875,0.33715
-2.69683837890625,0.3372
-3.10943603515625,0.33725
-3.2513427734375,0.3373
-3.1298828125,0.33735
-3.148193359375,0.3374
-3.1292724609375,0.33744999999999997
-2.9156494140625,0.33749999999999997
-3.10882568359375,0.33754999999999996
-3.04443359375,0.3376
-3.15521240234375,0.33765
-3.06732177734375,0.3377
-3.0523681640625,0.33775
-3.1512451171875,0.3378
-3.03466796875,0.33785
-3.497314453125,0.3379
-3.30780029296875,0.33795
-3.26904296875,0.33799999999999997
-3.4228515625,0.33804999999999996
-3.35723876953125,0.33809999999999996
-3.29803466796875,0.33815
-3.5369873046875,0.3382
-3.365478515625,0.33825
-3.43536376953125,0.3383
-3.502197265625,0.33835
-3.33740234375,0.3384
-3.4332275390625,0.33845
-3.77655029296875,0.33849999999999997
-3.31390380859375,0.33854999999999996
-3.6187744140625,0.33859999999999996
-3.170166015625,0.33865
-3.4210205078125,0.3387
-3.62152099609375,0.33875
-3.63494873046875,0.3388
-2.89215087890625,0.33885
-3.36334228515625,0.3389
-3.5772705078125,0.33895
-3.482666015625,0.33899999999999997
-3.333740234375,0.33904999999999996
-3.32122802734375,0.33909999999999996
-3.24462890625,0.33915
-3.17291259765625,0.3392
-3.173828125,0.33925
-3.10150146484375,0.3393
-3.4564208984375,0.33935
-3.18084716796875,0.3394
-3.37005615234375,0.33945
-3.0712890625,0.33949999999999997
-3.2086181640625,0.33954999999999996
-3.428955078125,0.33959999999999996
-3.50311279296875,0.33965
-3.4197998046875,0.3397
-3.56292724609375,0.33975
-3.23211669921875,0.3398
-3.60443115234375,0.33985
-3.687744140625,0.3399
-3.79058837890625,0.33995
-3.45611572265625,0.33999999999999997
-3.09600830078125,0.34004999999999996
-3.64898681640625,0.34009999999999996
-3.489990234375,0.34015
-3.30657958984375,0.3402
-3.11676025390625,0.34025
-3.4808349609375,0.3403
-3.0828857421875,0.34035
-3.3123779296875,0.3404
-3.18328857421875,0.34045
-3.2342529296875,0.34049999999999997
-3.17535400390625,0.34054999999999996
-3.3404541015625,0.34059999999999996
-3.27972412109375,0.34065
-3.34442138671875,0.3407
-3.27392578125,0.34075
-3.29559326171875,0.3408
-3.1439208984375,0.34085
-3.00384521484375,0.3409
-3.155517578125,0.34095
-3.2452392578125,0.34099999999999997
-3.32366943359375,0.34104999999999996
-3.251953125,0.34109999999999996
-3.05633544921875,0.34115
-2.98797607421875,0.3412
-3.16253662109375,0.34125
-2.94097900390625,0.3413
-3.10028076171875,0.34135
-3.01025390625,0.3414
-2.93365478515625,0.34145
-2.742919921875,0.34149999999999997
-3.060302734375,0.34154999999999996
-3.03375244140625,0.34159999999999996
-3.0999755859375,0.34165
-2.8265380859375,0.3417
-3.08563232421875,0.34175
-3.02764892578125,0.3418
-2.98583984375,0.34185
-2.89794921875,0.3419
-3.29254150390625,0.34195
-2.6275634765625,0.34199999999999997
-3.0755615234375,0.34204999999999997
-3.05816650390625,0.34209999999999996
-2.80731201171875,0.34215
-3.03436279296875,0.3422
-3.004150390625,0.34225
-2.8753662109375,0.3423
-2.87445068359375,0.34235
-2.7972412109375,0.3424
-3.05023193359375,0.34245
-3.21197509765625,0.34249999999999997
-3.0035400390625,0.34254999999999997
-3.10455322265625,0.34259999999999996
-2.85430908203125,0.34265
-3.0047607421875,0.3427
-3.13934326171875,0.34275
-3.2330322265625,0.3428
-3.00445556640625,0.34285
-2.8387451171875,0.3429
-2.79266357421875,0.34295
-2.9986572265625,0.34299999999999997
-2.8802490234375,0.34304999999999997
-2.99346923828125,0.34309999999999996
-2.86163330078125,0.34314999999999996
-2.92755126953125,0.3432
-3.11767578125,0.34325
-2.9461669921875,0.3433
-3.0340576171875,0.34335
-2.78594970703125,0.3434
-3.358154296875,0.34345
-2.81494140625,0.34349999999999997
-2.87567138671875,0.34354999999999997
-3.09967041015625,0.34359999999999996
-3.0615234375,0.34365
-2.9425048828125,0.3437
-3.19122314453125,0.34375
-2.93182373046875,0.3438
-3.21380615234375,0.34385
-3.03955078125,0.3439
-2.95562744140625,0.34395
-3.08807373046875,0.344
-2.86041259765625,0.34404999999999997
-2.8411865234375,0.34409999999999996
-2.9681396484375,0.34414999999999996
-3.36029052734375,0.3442
-2.98797607421875,0.34425
-2.86651611328125,0.3443
-2.95196533203125,0.34435
-3.27117919921875,0.3444
-3.3221435546875,0.34445
-3.06427001953125,0.3445
-3.03497314453125,0.34454999999999997
-3.214111328125,0.34459999999999996
-3.1591796875,0.34464999999999996
-3.41888427734375,0.3447
-3.2696533203125,0.34475
-3.25347900390625,0.3448
-3.1805419921875,0.34485
-3.3062744140625,0.3449
-3.05206298828125,0.34495
-3.10791015625,0.345
-3.27667236328125,0.34504999999999997
-3.3636474609375,0.34509999999999996
-2.9803466796875,0.34514999999999996
-3.09234619140625,0.3452
-3.4368896484375,0.34525
-3.42193603515625,0.3453
-3.2989501953125,0.34535
-3.33831787109375,0.3454
-3.17108154296875,0.34545
-3.3233642578125,0.3455
-3.32366943359375,0.34554999999999997
-3.37554931640625,0.34559999999999996
-3.43780517578125,0.34564999999999996
-3.22509765625,0.3457
-3.2354736328125,0.34575
-3.06396484375,0.3458
-3.2940673828125,0.34585
-3.203125,0.3459
-3.27484130859375,0.34595
-2.88421630859375,0.346
-3.0816650390625,0.34604999999999997
-3.101806640625,0.34609999999999996
-3.16680908203125,0.34614999999999996
-2.83172607421875,0.3462
-3.23272705078125,0.34625
-2.82440185546875,0.3463
-3.084716796875,0.34635
-3.22113037109375,0.3464
-3.33465576171875,0.34645
-3.13385009765625,0.3465
-3.02490234375,0.34654999999999997
-3.19976806640625,0.34659999999999996
-2.86773681640625,0.34664999999999996
-2.933349609375,0.3467
-3.06427001953125,0.34675
-3.026123046875,0.3468
-2.8033447265625,0.34685
-2.85675048828125,0.3469
-2.75115966796875,0.34695
-3.099365234375,0.347
-3.08685302734375,0.34704999999999997
-2.75634765625,0.34709999999999996
-2.97637939453125,0.34714999999999996
-3.12408447265625,0.3472
-3.05328369140625,0.34725
-3.3392333984375,0.3473
-3.2720947265625,0.34735
-2.96905517578125,0.3474
-2.7960205078125,0.34745
-2.92449951171875,0.3475
-3.08013916015625,0.34754999999999997
-2.88848876953125,0.34759999999999996
-2.9693603515625,0.34764999999999996
-2.8155517578125,0.3477
-2.996826171875,0.34775
-2.69866943359375,0.3478
-2.9656982421875,0.34785
-3.1134033203125,0.3479
-3.11309814453125,0.34795
-2.95379638671875,0.348
-3.16558837890625,0.34804999999999997
-3.0084228515625,0.34809999999999997
-3.19610595703125,0.34814999999999996
-3.17169189453125,0.3482
-3.070068359375,0.34825
-2.8900146484375,0.3483
-3.057861328125,0.34835
-3.17962646484375,0.3484
-2.91290283203125,0.34845
-3.116455078125,0.3485
-2.8594970703125,0.34854999999999997
-2.80426025390625,0.34859999999999997
-2.96142578125,0.34864999999999996
-3.189697265625,0.3487
-3.07525634765625,0.34875
-3.1048583984375,0.3488
-2.86163330078125,0.34885
-3.35906982421875,0.3489
-3.328857421875,0.34895
-3.092041015625,0.349
-3.10546875,0.34904999999999997
-3.38653564453125,0.34909999999999997
-3.08441162109375,0.34914999999999996
-3.01727294921875,0.3492
-2.91534423828125,0.34925
-3.08441162109375,0.3493
-2.8814697265625,0.34935
-3.01300048828125,0.3494
-2.679443359375,0.34945
-2.69744873046875,0.3495
-3.02703857421875,0.34954999999999997
-3.11767578125,0.34959999999999997
-2.8289794921875,0.34964999999999996
-2.76885986328125,0.3497
-3.1475830078125,0.34975
-3.0615234375,0.3498
-3.0816650390625,0.34985
-3.14727783203125,0.3499
-2.91900634765625,0.34995
-2.78106689453125,0.35000000000000003
-2.83233642578125,0.35005000000000003
-2.96051025390625,0.3501
-2.98065185546875,0.35015
-2.92266845703125,0.3502
-2.896728515625,0.35025
-2.69287109375,0.35030000000000006
-2.90618896484375,0.35035000000000005
-2.83599853515625,0.35040000000000004
-2.92449951171875,0.35045000000000004
-2.828369140625,0.35050000000000003
-2.88177490234375,0.35055000000000003
-2.80242919921875,0.3506
-3.072509765625,0.35065
-2.9962158203125,0.3507
-3.07373046875,0.35075
-2.9986572265625,0.35080000000000006
-2.6116943359375,0.35085000000000005
-3.0572509765625,0.35090000000000005
-2.69744873046875,0.35095000000000004
-2.97271728515625,0.35100000000000003
-2.940673828125,0.35105000000000003
-3.01605224609375,0.3511
-2.82623291015625,0.35115
-3.16192626953125,0.3512
-3.1787109375,0.35125
-3.2110595703125,0.35130000000000006
-2.81829833984375,0.35135000000000005
-2.94677734375,0.35140000000000005
-3.145751953125,0.35145000000000004
-3.10791015625,0.35150000000000003
-3.2000732421875,0.35155000000000003
-3.12286376953125,0.3516
-3.06427001953125,0.35165
-3.0926513671875,0.3517
-3.26904296875,0.35175
-3.47198486328125,0.35180000000000006
-3.23486328125,0.35185000000000005
-3.460693359375,0.35190000000000005
-3.11767578125,0.35195000000000004
-3.07586669921875,0.35200000000000004
-3.39141845703125,0.35205000000000003
-3.10302734375,0.3521
-3.270263671875,0.35215
-3.17138671875,0.3522
-3.260498046875,0.35225
-3.16558837890625,0.35230000000000006
-2.9498291015625,0.35235000000000005
-3.22296142578125,0.35240000000000005
-3.30902099609375,0.35245000000000004
-2.808837890625,0.35250000000000004
-3.289794921875,0.35255000000000003
-3.1988525390625,0.3526
-3.1634521484375,0.35265
-3.2867431640625,0.3527
-3.47869873046875,0.35275
-2.95806884765625,0.35280000000000006
-3.09661865234375,0.35285000000000005
-3.431396484375,0.35290000000000005
-3.20068359375,0.35295000000000004
-3.16558837890625,0.35300000000000004
-3.0340576171875,0.35305000000000003
-2.8741455078125,0.3531
-2.879638671875,0.35315
-2.98065185546875,0.3532
-3.03375244140625,0.35325
-3.3184814453125,0.35330000000000006
-2.8729248046875,0.35335000000000005
-3.19061279296875,0.35340000000000005
-2.87872314453125,0.35345000000000004
-2.94769287109375,0.35350000000000004
-2.96051025390625,0.35355000000000003
-3.18939208984375,0.3536
-2.9888916015625,0.35365
-3.09478759765625,0.3537
-3.0230712890625,0.35375
-3.35052490234375,0.35380000000000006
-3.23150634765625,0.35385000000000005
-3.14239501953125,0.35390000000000005
-3.10882568359375,0.35395000000000004
-2.69927978515625,0.35400000000000004
-3.09906005859375,0.35405000000000003
-2.96295166015625,0.3541
-2.80426025390625,0.35415
-2.75848388671875,0.3542
-3.06610107421875,0.35425
-2.72674560546875,0.35430000000000006
-3.17169189453125,0.35435000000000005
-2.940673828125,0.35440000000000005
-3.07098388671875,0.35445000000000004
-2.81280517578125,0.35450000000000004
-3.20281982421875,0.35455000000000003
-3.12408447265625,0.3546
-3.26751708984375,0.35465
-3.2867431640625,0.3547
-3.1512451171875,0.35475
-3.2525634765625,0.35480000000000006
-3.1317138671875,0.35485000000000005
-3.29071044921875,0.35490000000000005
-3.2781982421875,0.35495000000000004
-3.16802978515625,0.35500000000000004
-3.40179443359375,0.35505000000000003
-3.35113525390625,0.3551
-3.1500244140625,0.35515
-3.4027099609375,0.3552
-3.39569091796875,0.35525
-3.3685302734375,0.35530000000000006
-3.1658935546875,0.35535000000000005
-3.4136962890625,0.35540000000000005
-3.0718994140625,0.35545000000000004
-3.2733154296875,0.35550000000000004
-3.221435546875,0.35555000000000003
-3.2177734375,0.3556
-2.73345947265625,0.35565
-3.01544189453125,0.3557
-3.2940673828125,0.35575
-3.1201171875,0.35580000000000006
-2.81280517578125,0.35585000000000006
-2.99957275390625,0.35590000000000005
-2.852783203125,0.35595000000000004
-2.86865234375,0.35600000000000004
-3.2427978515625,0.35605000000000003
-2.984619140625,0.3561
-3.32244873046875,0.35615
-2.91473388671875,0.3562
-2.9547119140625,0.35625
-3.25408935546875,0.35630000000000006
-2.9632568359375,0.35635000000000006
-3.1146240234375,0.35640000000000005
-3.29254150390625,0.35645000000000004
-3.0987548828125,0.35650000000000004
-3.309326171875,0.35655000000000003
-3.026123046875,0.35660000000000003
-3.08013916015625,0.35665
-2.98736572265625,0.3567
-3.34320068359375,0.35675
-2.81585693359375,0.3568
-2.61383056640625,0.35685000000000006
-3.00384521484375,0.35690000000000005
-3.0029296875,0.35695000000000005
-2.8155517578125,0.35700000000000004
-2.79998779296875,0.35705000000000003
-2.58056640625,0.35710000000000003
-2.66357421875,0.35715
-3.02581787109375,0.3572
-2.71484375,0.35725
-2.998046875,0.3573
-2.75726318359375,0.35735000000000006
-2.9296875,0.35740000000000005
-2.98095703125,0.35745000000000005
-3.1353759765625,0.35750000000000004
-3.0352783203125,0.35755000000000003
-3.3966064453125,0.35760000000000003
-3.17535400390625,0.35765
-3.59161376953125,0.3577
-3.55682373046875,0.35775
-3.756103515625,0.3578
-3.646240234375,0.35785000000000006
-3.86077880859375,0.35790000000000005
-3.92425537109375,0.35795000000000005
-3.5296630859375,0.35800000000000004
-3.8848876953125,0.35805000000000003
-3.7481689453125,0.35810000000000003
-3.8958740234375,0.35815
-3.60687255859375,0.3582
-3.43048095703125,0.35825
-3.1719970703125,0.3583
-3.63067626953125,0.35835000000000006
-3.5186767578125,0.35840000000000005
-3.49884033203125,0.35845000000000005
-3.16680908203125,0.35850000000000004
-3.58978271484375,0.35855000000000004
-3.38958740234375,0.35860000000000003
-3.5186767578125,0.35865
-3.4490966796875,0.3587
-3.51226806640625,0.35875
-3.316650390625,0.3588
-3.6334228515625,0.35885000000000006
-3.4698486328125,0.35890000000000005
-3.548583984375,0.35895000000000005
-3.43505859375,0.35900000000000004
-3.2012939453125,0.35905000000000004
-3.11065673828125,0.35910000000000003
-3.11981201171875,0.35915
-3.0914306640625,0.3592
-3.11065673828125,0.35925
-3.22509765625,0.3593
-2.90130615234375,0.35935000000000006
-2.83355712890625,0.35940000000000005
-2.991943359375,0.35945000000000005
-2.84759521484375,0.35950000000000004
-2.8857421875,0.35955000000000004
-3.06304931640625,0.35960000000000003
-2.725830078125,0.35965
-2.794189453125,0.3597
-3.08563232421875,0.35975
-3.1549072265625,0.3598
-2.874755859375,0.35985000000000006
-3.11737060546875,0.35990000000000005
-3.04229736328125,0.35995000000000005
-2.80487060546875,0.36000000000000004
-3.11065673828125,0.36005000000000004
-3.0841064453125,0.36010000000000003
-2.95074462890625,0.36015
-2.906494140625,0.3602
-3.16070556640625,0.36025
-2.9412841796875,0.3603
-3.27362060546875,0.36035000000000006
-3.11553955078125,0.36040000000000005
-3.30078125,0.36045000000000005
-3.13690185546875,0.36050000000000004
-3.16314697265625,0.36055000000000004
-3.7213134765625,0.36060000000000003
-3.44573974609375,0.36065
-3.20556640625,0.3607
-3.44207763671875,0.36075
-3.0718994140625,0.3608
-2.9608154296875,0.36085000000000006
-3.1170654296875,0.36090000000000005
-3.11065673828125,0.36095000000000005
-2.847900390625,0.36100000000000004
-2.9022216796875,0.36105000000000004
-2.55584716796875,0.36110000000000003
-2.57049560546875,0.36115
-2.901611328125,0.3612
-2.73284912109375,0.36125
-2.7423095703125,0.3613
-2.564697265625,0.36135000000000006
-2.83721923828125,0.36140000000000005
-2.86712646484375,0.36145000000000005
-2.8509521484375,0.36150000000000004
-2.63458251953125,0.36155000000000004
-2.9669189453125,0.36160000000000003
-2.40509033203125,0.36165
-2.69500732421875,0.3617
-2.6171875,0.36175
-2.762451171875,0.3618
-2.6959228515625,0.36185000000000006
-2.889404296875,0.36190000000000005
-2.70721435546875,0.36195000000000005
-2.7813720703125,0.36200000000000004
-2.90557861328125,0.36205000000000004
-3.03619384765625,0.36210000000000003
-3.0126953125,0.36215
-2.6690673828125,0.3622
-2.857666015625,0.36225
-2.7838134765625,0.3623
-2.80242919921875,0.36235000000000006
-3.03192138671875,0.36240000000000006
-3.2244873046875,0.36245000000000005
-2.77984619140625,0.36250000000000004
-3.08013916015625,0.36255000000000004
-2.9705810546875,0.36260000000000003
-3.02337646484375,0.36265000000000003
-3.01116943359375,0.3627
-3.1072998046875,0.36275
-2.83935546875,0.3628
-3.14361572265625,0.36285
-3.1829833984375,0.36290000000000006
-3.199462890625,0.36295000000000005
-2.85430908203125,0.36300000000000004
-2.98828125,0.36305000000000004
-3.1243896484375,0.36310000000000003
-2.724609375,0.36315000000000003
-2.89581298828125,0.3632
-2.80364990234375,0.36325
-2.76275634765625,0.3633
-2.723388671875,0.36335000000000006
-3.12255859375,0.36340000000000006
-2.9705810546875,0.36345000000000005
-3.27789306640625,0.36350000000000005
-3.39935302734375,0.36355000000000004
-3.2745361328125,0.36360000000000003
-2.967529296875,0.36365000000000003
-2.9766845703125,0.3637
-3.455810546875,0.36375
-3.41766357421875,0.3638
-3.27911376953125,0.36385
-3.26171875,0.36390000000000006
-3.372802734375,0.36395000000000005
-3.00933837890625,0.36400000000000005
-3.40118408203125,0.36405000000000004
-3.44268798828125,0.36410000000000003
-3.15277099609375,0.36415000000000003
-3.1793212890625,0.3642
-3.291015625,0.36425
-3.28369140625,0.3643
-3.59039306640625,0.36435
-3.4222412109375,0.36440000000000006
-3.4600830078125,0.36445000000000005
-3.3233642578125,0.36450000000000005
-3.34136962890625,0.36455000000000004
-3.53424072265625,0.36460000000000004
-3.4796142578125,0.36465000000000003
-3.193359375,0.3647
-3.47076416015625,0.36475
-2.97119140625,0.3648
-3.30810546875,0.36485
-3.19366455078125,0.36490000000000006
-3.28338623046875,0.36495000000000005
-3.08197021484375,0.36500000000000005
-3.0316162109375,0.36505000000000004
-3.22479248046875,0.36510000000000004
-3.248291015625,0.36515000000000003
-3.33343505859375,0.3652
-3.2421875,0.36525
-3.258056640625,0.3653
-3.15673828125,0.36535
-3.42132568359375,0.36540000000000006
-3.29376220703125,0.36545000000000005
-3.260498046875,0.36550000000000005
-3.31878662109375,0.36555000000000004
-3.50616455078125,0.36560000000000004
-2.92999267578125,0.36565000000000003
-3.25958251953125,0.3657
-3.02642822265625,0.36575
-2.857666015625,0.3658
-2.999267578125,0.36585
-3.21014404296875,0.36590000000000006
-2.9779052734375,0.36595000000000005
-3.08135986328125,0.36600000000000005
-3.17901611328125,0.36605000000000004
-3.37066650390625,0.36610000000000004
-2.999267578125,0.36615000000000003
-3.2073974609375,0.3662
-3.38714599609375,0.36625
-3.160400390625,0.3663
-3.28216552734375,0.36635
-3.10638427734375,0.36640000000000006
-3.157958984375,0.36645000000000005
-2.9473876953125,0.36650000000000005
-3.402099609375,0.36655000000000004
-3.37554931640625,0.36660000000000004
-3.30902099609375,0.36665000000000003
-3.23089599609375,0.3667
-3.32763671875,0.36675
-3.23211669921875,0.3668
-3.245849609375,0.36685
-3.34564208984375,0.36690000000000006
-3.47137451171875,0.36695000000000005
-2.9913330078125,0.36700000000000005
-3.20770263671875,0.36705000000000004
-3.27484130859375,0.36710000000000004
-2.9571533203125,0.36715000000000003
-3.16162109375,0.3672
-3.1842041015625,0.36725
-3.0865478515625,0.3673
-2.87139892578125,0.36735
-2.86285400390625,0.36740000000000006
-2.926025390625,0.36745000000000005
-3.084716796875,0.36750000000000005
-2.9632568359375,0.36755000000000004
-3.09326171875,0.36760000000000004
-2.7301025390625,0.36765000000000003
-3.04290771484375,0.3677
-3.07586669921875,0.36775
-3.1103515625,0.3678
-2.9541015625,0.36785
-2.90313720703125,0.3679
-2.841796875,0.36795000000000005
-3.00872802734375,0.36800000000000005
-3.0023193359375,0.36805000000000004
-3.06549072265625,0.36810000000000004
-2.7838134765625,0.36815000000000003
-2.9290771484375,0.3682
-3.2525634765625,0.36825
-3.1292724609375,0.3683
-3.2635498046875,0.36835
-3.16650390625,0.36840000000000006
-3.1414794921875,0.36845000000000006
-3.11492919921875,0.36850000000000005
-3.31817626953125,0.36855000000000004
-3.1646728515625,0.36860000000000004
-2.9339599609375,0.36865000000000003
-3.24737548828125,0.3687
-3.18603515625,0.36875
-2.8369140625,0.3688
-3.05328369140625,0.36885
-3.004150390625,0.3689
-3.060302734375,0.36895000000000006
-2.85247802734375,0.36900000000000005
-2.9290771484375,0.36905000000000004
-2.84576416015625,0.36910000000000004
-2.90435791015625,0.36915000000000003
-3.14422607421875,0.36920000000000003
-3.251953125,0.36925
-2.7215576171875,0.3693
-3.0560302734375,0.36935
-3.27972412109375,0.36940000000000006
-3.2025146484375,0.36945000000000006
-3.09600830078125,0.36950000000000005
-2.85919189453125,0.36955000000000005
-3.0841064453125,0.36960000000000004
-2.93701171875,0.36965000000000003
-3.14910888671875,0.36970000000000003
-3.17718505859375,0.36975
-3.13995361328125,0.3698
-2.9833984375,0.36985
-3.1536865234375,0.3699
-2.97698974609375,0.36995000000000006
-3.1219482421875,0.37000000000000005
-3.3099365234375,0.37005000000000005
-3.353271484375,0.37010000000000004
-2.98431396484375,0.37015000000000003
-3.25439453125,0.37020000000000003
-3.42559814453125,0.37025
-3.1719970703125,0.3703
-3.5333251953125,0.37035
-3.25286865234375,0.37040000000000006
-3.17657470703125,0.37045000000000006
-2.9986572265625,0.37050000000000005
-2.94647216796875,0.37055000000000005
-3.1494140625,0.37060000000000004
-3.2012939453125,0.37065000000000003
-2.861328125,0.37070000000000003
-3.2635498046875,0.37075
-2.8094482421875,0.3708
-3.021240234375,0.37085
-3.1756591796875,0.3709
-2.94708251953125,0.37095000000000006
-2.82806396484375,0.37100000000000005
-3.07373046875,0.37105000000000005
-3.0908203125,0.37110000000000004
-3.221435546875,0.37115000000000004
-3.08685302734375,0.37120000000000003
-3.271484375,0.37125
-2.9986572265625,0.3713
-3.1207275390625,0.37135
-3.21990966796875,0.37140000000000006
-3.388671875,0.37145000000000006
-3.138427734375,0.37150000000000005
-3.1964111328125,0.37155000000000005
-3.3343505859375,0.37160000000000004
-2.9443359375,0.37165000000000004
-3.20587158203125,0.37170000000000003
-3.1341552734375,0.37175
-2.98675537109375,0.3718
-3.11187744140625,0.37185
-2.95928955078125,0.3719
-2.7783203125,0.37195000000000006
-3.08074951171875,0.37200000000000005
-3.1085205078125,0.37205000000000005
-3.02276611328125,0.37210000000000004
-2.861328125,0.37215000000000004
-2.93670654296875,0.37220000000000003
-3.3367919921875,0.37225
-3.1951904296875,0.3723
-2.828369140625,0.37235
-3.15185546875,0.3724
-2.81951904296875,0.37245000000000006
-2.799072265625,0.37250000000000005
-3.16741943359375,0.37255000000000005
-3.00750732421875,0.37260000000000004
-2.9229736328125,0.37265000000000004
-2.8851318359375,0.37270000000000003
-3.1671142578125,0.37275
-3.05267333984375,0.3728
-3.13385009765625,0.37285
-3.38958740234375,0.3729
-3.30322265625,0.37295000000000006
-3.211669921875,0.37300000000000005
-3.33953857421875,0.37305000000000005
-3.34259033203125,0.37310000000000004
-3.2452392578125,0.37315000000000004
-3.44757080078125,0.37320000000000003
-3.6163330078125,0.37325
-2.9901123046875,0.3733
-3.406982421875,0.37335
-3.39599609375,0.3734
-3.270263671875,0.37345000000000006
-3.177490234375,0.37350000000000005
-3.060302734375,0.37355000000000005
-2.962646484375,0.37360000000000004
-2.99652099609375,0.37365000000000004
-3.07373046875,0.37370000000000003
-3.16497802734375,0.37375
-3.02459716796875,0.3738
-2.6416015625,0.37385
-3.25347900390625,0.3739
-2.994384765625,0.37395000000000006
-2.77252197265625,0.37400000000000005
-2.75238037109375,0.37405000000000005
-2.9296875,0.37410000000000004
-2.60589599609375,0.37415000000000004
-3.24188232421875,0.37420000000000003
-3.1072998046875,0.37425
-3.10638427734375,0.3743
-3.1353759765625,0.37435
-3.29803466796875,0.3744
-3.01727294921875,0.37445000000000006
-2.918701171875,0.37450000000000006
-3.0816650390625,0.37455000000000005
-3.2110595703125,0.37460000000000004
-2.9345703125,0.37465000000000004
-2.87017822265625,0.37470000000000003
-3.08746337890625,0.37475
-2.874755859375,0.3748
-3.20343017578125,0.37485
-3.15185546875,0.3749
-2.8485107421875,0.37495
-2.945556640625,0.375
-2.98309326171875,0.37505000000000005
-3.03009033203125,0.37510000000000004
-3.0169677734375,0.37515000000000004
-3.0780029296875,0.37520000000000003
-2.994384765625,0.37525000000000003
-2.88116455078125,0.3753
-2.9473876953125,0.37535
-3.4100341796875,0.3754
-2.967529296875,0.37545
-2.5628662109375,0.37550000000000006
-2.94677734375,0.37555000000000005
-2.77557373046875,0.37560000000000004
-2.7410888671875,0.37565000000000004
-3.0047607421875,0.37570000000000003
-2.938232421875,0.37575000000000003
-2.7459716796875,0.3758
-2.87139892578125,0.37585
-3.16925048828125,0.3759
-2.8167724609375,0.37595
-3.145751953125,0.376
-3.1341552734375,0.37605000000000005
-3.27850341796875,0.37610000000000005
-3.19427490234375,0.37615000000000004
-3.345947265625,0.37620000000000003
-3.3905029296875,0.37625000000000003
-3.33770751953125,0.3763
-3.2379150390625,0.37635
-3.42864990234375,0.3764
-2.97943115234375,0.37645
-3.38714599609375,0.3765
-3.32183837890625,0.37655000000000005
-3.2220458984375,0.37660000000000005
-3.17291259765625,0.37665000000000004
-3.1414794921875,0.37670000000000003
-3.2476806640625,0.37675000000000003
-3.39111328125,0.3768
-3.07708740234375,0.37685
-3.448486328125,0.3769
-3.21441650390625,0.37695
-2.94891357421875,0.377
-3.609619140625,0.37705000000000005
-3.2318115234375,0.37710000000000005
-3.09417724609375,0.37715000000000004
-2.8240966796875,0.37720000000000004
-3.21868896484375,0.37725000000000003
-2.79754638671875,0.3773
-3.08502197265625,0.37735
-3.1768798828125,0.3774
-3.0999755859375,0.37745
-3.08380126953125,0.3775
-3.22174072265625,0.37755000000000005
-2.86102294921875,0.37760000000000005
-3.16680908203125,0.37765000000000004
-3.3624267578125,0.37770000000000004
-3.42254638671875,0.37775000000000003
-3.07037353515625,0.3778
-2.8582763671875,0.37785
-3.125,0.3779
-3.28521728515625,0.37795
-2.950439453125,0.378
-3.2012939453125,0.37805000000000005
-3.0743408203125,0.37810000000000005
-3.07708740234375,0.37815000000000004
-3.22052001953125,0.37820000000000004
-3.118896484375,0.37825000000000003
-3.0712890625,0.3783
-2.87017822265625,0.37835
-3.11859130859375,0.3784
-3.1878662109375,0.37845
-2.96783447265625,0.3785
-3.17535400390625,0.37855000000000005
-3.09844970703125,0.37860000000000005
-2.9229736328125,0.37865000000000004
-3.1219482421875,0.37870000000000004
-3.00323486328125,0.37875000000000003
-3.074951171875,0.3788
-3.19610595703125,0.37885
-3.51165771484375,0.3789
-2.96875,0.37895
-3.348388671875,0.379
-3.4442138671875,0.37905
-3.10638427734375,0.37910000000000005
-3.40362548828125,0.37915000000000004
-3.33587646484375,0.37920000000000004
-3.21197509765625,0.37925000000000003
-3.221435546875,0.3793
-3.3843994140625,0.37935
-3.37310791015625,0.3794
-3.15765380859375,0.37945
-3.4368896484375,0.3795
-3.33221435546875,0.37955000000000005
-3.23822021484375,0.37960000000000005
-3.3355712890625,0.37965000000000004
-3.1707763671875,0.37970000000000004
-3.18206787109375,0.37975000000000003
-2.904052734375,0.3798
-3.25592041015625,0.37985
-3.179931640625,0.3799
-3.048095703125,0.37995
-2.77923583984375,0.38
-3.28857421875,0.38005
-2.95654296875,0.38010000000000005
-2.92236328125,0.38015000000000004
-3.39080810546875,0.38020000000000004
-3.16162109375,0.38025000000000003
-3.035888671875,0.3803
-2.81646728515625,0.38035
-3.09844970703125,0.3804
-2.7325439453125,0.38045
-3.07403564453125,0.3805
-3.0731201171875,0.38055000000000005
-3.0255126953125,0.38060000000000005
-3.00994873046875,0.38065000000000004
-3.18267822265625,0.38070000000000004
-3.04534912109375,0.38075000000000003
-3.4088134765625,0.3808
-3.3721923828125,0.38085
-3.43231201171875,0.3809
-2.94097900390625,0.38095
-3.45977783203125,0.381
-3.3953857421875,0.38105
-3.253173828125,0.38110000000000005
-3.27362060546875,0.38115000000000004
-3.104248046875,0.38120000000000004
-3.06915283203125,0.38125000000000003
-3.0072021484375,0.38130000000000003
-3.03863525390625,0.38135
-2.95440673828125,0.3814
-2.9791259765625,0.38145
-2.7166748046875,0.3815
-3.05206298828125,0.38155000000000006
-2.91107177734375,0.38160000000000005
-2.82135009765625,0.38165000000000004
-3.18511962890625,0.38170000000000004
-3.08013916015625,0.38175000000000003
-2.87994384765625,0.38180000000000003
-3.11187744140625,0.38185
-3.0792236328125,0.3819
-3.0133056640625,0.38195
-3.0853271484375,0.382
-3.0657958984375,0.38205
-2.6312255859375,0.38210000000000005
-2.92449951171875,0.38215000000000005
-3.04168701171875,0.38220000000000004
-2.9681396484375,0.38225000000000003
-2.95745849609375,0.38230000000000003
-2.8778076171875,0.38235
-2.8399658203125,0.3824
-2.99407958984375,0.38245
-3.111572265625,0.3825
-2.99041748046875,0.38255
-2.928466796875,0.38260000000000005
-3.1072998046875,0.38265000000000005
-3.39111328125,0.38270000000000004
-3.27178955078125,0.38275000000000003
-3.4014892578125,0.38280000000000003
-3.1610107421875,0.38285
-3.48297119140625,0.3829
-3.18695068359375,0.38295
-3.22113037109375,0.383
-3.3441162109375,0.38305
-3.37890625,0.38310000000000005
-3.22998046875,0.38315000000000005
-3.83392333984375,0.38320000000000004
-3.2586669921875,0.38325000000000004
-3.27667236328125,0.38330000000000003
-3.86138916015625,0.38335
-3.84063720703125,0.3834
-3.54949951171875,0.38345
-3.487548828125,0.3835
-3.83544921875,0.38355
-3.57208251953125,0.38360000000000005
-3.96209716796875,0.38365000000000005
-3.86322021484375,0.38370000000000004
-3.8812255859375,0.38375000000000004
-3.52935791015625,0.38380000000000003
-3.61724853515625,0.38385
-3.64990234375,0.3839
-3.68194580078125,0.38395
-3.73321533203125,0.384
-3.775634765625,0.38405
-3.28826904296875,0.38410000000000005
-3.48297119140625,0.38415000000000005
-3.65875244140625,0.38420000000000004
-3.24951171875,0.38425000000000004
-3.26202392578125,0.38430000000000003
-3.07373046875,0.38435
-3.13629150390625,0.3844
-2.97882080078125,0.38445
-2.89642333984375,0.3845
-2.7392578125,0.38455
-2.95135498046875,0.38460000000000005
-2.40509033203125,0.38465000000000005
-2.9638671875,0.38470000000000004
-2.7130126953125,0.38475000000000004
-2.6611328125,0.38480000000000003
-2.82379150390625,0.38485
-2.63580322265625,0.3849
-2.62908935546875,0.38495
-2.8472900390625,0.385
-2.82562255859375,0.38505
-2.98492431640625,0.38510000000000005
-2.89947509765625,0.38515000000000005
-3.01055908203125,0.38520000000000004
-2.8240966796875,0.38525000000000004
-3.00018310546875,0.38530000000000003
-3.2843017578125,0.38535
-3.1414794921875,0.3854
-3.23760986328125,0.38545
-3.11767578125,0.3855
-3.59466552734375,0.38555
-3.2562255859375,0.38560000000000005
-3.43902587890625,0.38565000000000005
-3.486328125,0.38570000000000004
-3.116455078125,0.38575000000000004
-2.9937744140625,0.38580000000000003
-3.40728759765625,0.38585
-3.1298828125,0.3859
-3.2000732421875,0.38595
-2.9962158203125,0.386
-3.01422119140625,0.38605
-3.14117431640625,0.3861
-2.77679443359375,0.38615000000000005
-3.30108642578125,0.38620000000000004
-3.2470703125,0.38625000000000004
-2.7545166015625,0.38630000000000003
-3.2110595703125,0.38635
-2.943115234375,0.3864
-2.79388427734375,0.38645
-3.23944091796875,0.3865
-3.11065673828125,0.38655
-2.92022705078125,0.38660000000000005
-2.9193115234375,0.38665000000000005
-3.10821533203125,0.38670000000000004
-2.969970703125,0.38675000000000004
-3.15155029296875,0.38680000000000003
-3.15399169921875,0.38685
-3.1134033203125,0.3869
-2.88238525390625,0.38695
-2.94525146484375,0.387
-3.043212890625,0.38705
-3.0938720703125,0.3871
-2.97454833984375,0.38715000000000005
-3.22540283203125,0.38720000000000004
-2.93701171875,0.38725000000000004
-3.1103515625,0.38730000000000003
-3.2122802734375,0.38735
-3.18267822265625,0.3874
-3.0169677734375,0.38745
-3.34503173828125,0.3875
-3.21990966796875,0.38755
-3.31207275390625,0.38760000000000006
-3.32000732421875,0.38765000000000005
-3.18511962890625,0.38770000000000004
-3.1817626953125,0.38775000000000004
-2.68707275390625,0.38780000000000003
-3.3990478515625,0.38785000000000003
-3.359375,0.3879
-2.99285888671875,0.38795
-2.8594970703125,0.388
-3.13690185546875,0.38805
-2.86102294921875,0.3881
-3.13995361328125,0.38815000000000005
-3.05206298828125,0.38820000000000005
-3.1903076171875,0.38825000000000004
-3.1488037109375,0.38830000000000003
-3.2830810546875,0.38835000000000003
-3.1805419921875,0.3884
-3.22021484375,0.38845
-3.29193115234375,0.3885
-3.341064453125,0.38855
-3.13385009765625,0.3886
-2.811279296875,0.38865000000000005
-3.2830810546875,0.38870000000000005
-3.172607421875,0.38875000000000004
-3.09539794921875,0.38880000000000003
-3.11676025390625,0.38885000000000003
-2.89306640625,0.3889
-2.9425048828125,0.38895
-3.16375732421875,0.389
-2.9461669921875,0.38905
-3.02581787109375,0.3891
-2.794189453125,0.38915000000000005
-2.85369873046875,0.38920000000000005
-2.8607177734375,0.38925000000000004
-3.01116943359375,0.38930000000000003
-3.282470703125,0.38935000000000003
-3.08135986328125,0.3894
-2.74658203125,0.38945
-3.270263671875,0.3895
-3.28216552734375,0.38955
-3.25714111328125,0.3896
-3.2891845703125,0.38965000000000005
-3.39874267578125,0.38970000000000005
-3.21533203125,0.38975000000000004
-3.25103759765625,0.38980000000000004
-3.47564697265625,0.38985000000000003
-3.16009521484375,0.3899
-3.385009765625,0.38995
-3.2708740234375,0.39
-3.2318115234375,0.39005
-3.2574462890625,0.3901
-3.2562255859375,0.39015000000000005
-3.25714111328125,0.39020000000000005
-3.3270263671875,0.39025000000000004
-2.8363037109375,0.39030000000000004
-3.18878173828125,0.39035000000000003
-2.955322265625,0.3904
-3.2415771484375,0.39045
-3.05877685546875,0.3905
-3.1304931640625,0.39055
-3.03863525390625,0.3906
-2.8802490234375,0.39065000000000005
-3.155517578125,0.39070000000000005
-3.32855224609375,0.39075000000000004
-2.95562744140625,0.39080000000000004
-3.2427978515625,0.39085000000000003
-3.2098388671875,0.3909
-2.95562744140625,0.39095
-3.6065673828125,0.391
-3.61053466796875,0.39105
-3.2525634765625,0.3911
-2.92816162109375,0.39115000000000005
-3.3331298828125,0.39120000000000005
-3.20343017578125,0.39125000000000004
-3.16497802734375,0.39130000000000004
-3.09356689453125,0.39135000000000003
-3.133544921875,0.3914
-2.8912353515625,0.39145
-2.99713134765625,0.3915
-2.73956298828125,0.39155
-2.79052734375,0.3916
-2.87017822265625,0.39165000000000005
-2.66632080078125,0.39170000000000005
-2.93487548828125,0.39175000000000004
-2.5439453125,0.39180000000000004
-2.85491943359375,0.39185000000000003
-3.01177978515625,0.3919
-2.7642822265625,0.39195
-2.7093505859375,0.392
-2.9583740234375,0.39205
-2.84149169921875,0.3921
-2.99072265625,0.39215000000000005
-3.10821533203125,0.39220000000000005
-2.93975830078125,0.39225000000000004
-2.62359619140625,0.39230000000000004
-2.98614501953125,0.39235000000000003
-3.10272216796875,0.3924
-2.96173095703125,0.39245
-3.0792236328125,0.3925
-2.94891357421875,0.39255
-3.08868408203125,0.3926
-2.98828125,0.39265000000000005
-3.050537109375,0.39270000000000005
-3.0194091796875,0.39275000000000004
-3.035888671875,0.39280000000000004
-2.97119140625,0.39285000000000003
-3.0902099609375,0.3929
-2.97821044921875,0.39295
-3.04351806640625,0.393
-2.904052734375,0.39305
-3.072509765625,0.3931
-2.6904296875,0.39315
-2.74200439453125,0.39320000000000005
-2.78076171875,0.39325000000000004
-3.026123046875,0.39330000000000004
-2.791748046875,0.39335000000000003
-2.9193115234375,0.3934
-2.94281005859375,0.39345
-2.97027587890625,0.3935
-3.00445556640625,0.39355
-3.12774658203125,0.3936
-2.752685546875,0.39365000000000006
-3.06121826171875,0.39370000000000005
-2.80487060546875,0.39375000000000004
-2.92144775390625,0.39380000000000004
-3.20465087890625,0.39385000000000003
-3.055419921875,0.39390000000000003
-2.685546875,0.39395
-2.9571533203125,0.394
-3.172607421875,0.39405
-2.930908203125,0.3941
-3.15826416015625,0.39415
-3.08502197265625,0.39420000000000005
-3.14483642578125,0.39425000000000004
-2.9840087890625,0.39430000000000004
-3.17138671875,0.39435000000000003
-2.97821044921875,0.39440000000000003
-3.16314697265625,0.39445
-3.01239013671875,0.3945
-3.33160400390625,0.39455
-3.01116943359375,0.3946
-3.14239501953125,0.39465
-3.29010009765625,0.39470000000000005
-3.42742919921875,0.39475000000000005
-3.0743408203125,0.39480000000000004
-3.34136962890625,0.39485000000000003
-3.350830078125,0.39490000000000003
-3.402099609375,0.39495
-3.42041015625,0.395
-3.282470703125,0.39505
-3.43719482421875,0.3951
-3.17352294921875,0.39515
-3.42041015625,0.39520000000000005
-3.27117919921875,0.39525000000000005
-3.1646728515625,0.39530000000000004
-3.4527587890625,0.39535000000000003
-3.35968017578125,0.39540000000000003
-3.00445556640625,0.39545
-3.59344482421875,0.3955
-3.45062255859375,0.39555
-3.460693359375,0.3956
-3.1103515625,0.39565
-3.2159423828125,0.39570000000000005
-3.45672607421875,0.39575000000000005
-3.21136474609375,0.39580000000000004
-3.2403564453125,0.39585000000000004
-3.267822265625,0.39590000000000003
-3.37249755859375,0.39595
-3.0718994140625,0.396
-3.06365966796875,0.39605
-3.1768798828125,0.3961
-3.3355712890625,0.39615
-3.10333251953125,0.39620000000000005
-3.3154296875,0.39625000000000005
-2.862548828125,0.39630000000000004
-3.26873779296875,0.39635000000000004
-3.316650390625,0.39640000000000003
-3.341064453125,0.39645
-3.14117431640625,0.3965
-3.052978515625,0.39655
-3.2843017578125,0.3966
-3.13751220703125,0.39665
-3.41827392578125,0.39670000000000005
-3.17718505859375,0.39675000000000005
-2.86468505859375,0.39680000000000004
-3.07830810546875,0.39685000000000004
-3.319091796875,0.39690000000000003
-2.92510986328125,0.39695
-3.26080322265625,0.397
-3.00537109375,0.39705
-3.05999755859375,0.3971
-3.084716796875,0.39715
-3.10211181640625,0.39720000000000005
-3.0072021484375,0.39725000000000005
-3.231201171875,0.39730000000000004
-3.2696533203125,0.39735000000000004
-3.43536376953125,0.39740000000000003
-3.1256103515625,0.39745
-3.3673095703125,0.3975
-3.23822021484375,0.39755
-3.55377197265625,0.3976
-2.94647216796875,0.39765
-2.899169921875,0.39770000000000005
-3.1219482421875,0.39775000000000005
-2.9437255859375,0.39780000000000004
-3.01727294921875,0.39785000000000004
-3.11981201171875,0.39790000000000003
-3.02978515625,0.39795
-3.11187744140625,0.398
-3.35662841796875,0.39805
-3.233642578125,0.3981
-3.30322265625,0.39815
-2.884521484375,0.39820000000000005
-3.30230712890625,0.39825000000000005
-3.13018798828125,0.39830000000000004
-3.28277587890625,0.39835000000000004
-3.20770263671875,0.39840000000000003
-3.1494140625,0.39845
-3.25439453125,0.3985
-3.49090576171875,0.39855
-3.07037353515625,0.3986
-3.385009765625,0.39865
-3.26416015625,0.39870000000000005
-3.34136962890625,0.39875000000000005
-3.2330322265625,0.39880000000000004
-3.22174072265625,0.39885000000000004
-3.3135986328125,0.39890000000000003
-3.0859375,0.39895
-3.36669921875,0.399
-3.15521240234375,0.39905
-3.21685791015625,0.3991
-2.8125,0.39915
-3.11187744140625,0.39920000000000005
-3.3746337890625,0.39925000000000005
-3.27606201171875,0.39930000000000004
-2.7435302734375,0.39935000000000004
-3.39385986328125,0.39940000000000003
-3.01788330078125,0.39945
-3.36334228515625,0.3995
-3.3807373046875,0.39955
-3.08868408203125,0.3996
-3.12225341796875,0.39965
-3.201904296875,0.39970000000000006
-3.23272705078125,0.39975000000000005
-3.17840576171875,0.39980000000000004
-3.3843994140625,0.39985000000000004
-3.0499267578125,0.39990000000000003
-2.90771484375,0.39995
-2.97271728515625,0.4
-3.19091796875,0.40005
-3.12103271484375,0.4001
-3.3331298828125,0.40015
-3.08013916015625,0.4002
-3.35052490234375,0.40025
-3.1329345703125,0.40030000000000004
-3.19427490234375,0.40035000000000004
-2.98370361328125,0.40040000000000003
-3.521728515625,0.40045000000000003
-3.2098388671875,0.4005
-3.11553955078125,0.40055
-3.131103515625,0.4006
-3.24676513671875,0.40065
-3.154296875,0.4007
-3.2049560546875,0.40075
-3.09417724609375,0.40080000000000005
-2.88055419921875,0.40085000000000004
-3.24432373046875,0.40090000000000003
-3.23638916015625,0.40095000000000003
-3.0230712890625,0.401
-3.06976318359375,0.40105
-3.1585693359375,0.4011
-3.19183349609375,0.40115
-3.5272216796875,0.4012
-3.3270263671875,0.40125
-3.3599853515625,0.40130000000000005
-3.155517578125,0.40135000000000004
-3.23333740234375,0.40140000000000003
-3.24493408203125,0.40145000000000003
-3.4490966796875,0.4015
-3.1280517578125,0.40155
-3.363037109375,0.4016
-3.2525634765625,0.40165
-3.1756591796875,0.4017
-3.04779052734375,0.40175
-3.2086181640625,0.40180000000000005
-3.31207275390625,0.40185000000000004
-3.3050537109375,0.40190000000000003
-3.0682373046875,0.40195000000000003
-3.20648193359375,0.402
-3.5467529296875,0.40205
-3.55743408203125,0.4021
-3.6163330078125,0.40215
-3.07861328125,0.4022
-3.29925537109375,0.40225
-2.98004150390625,0.40230000000000005
-3.26629638671875,0.40235000000000004
-3.1982421875,0.40240000000000004
-3.08837890625,0.40245000000000003
-2.9180908203125,0.4025
-3.20220947265625,0.40255
-3.13934326171875,0.4026
-3.2025146484375,0.40265
-3.170166015625,0.4027
-3.09112548828125,0.40275
-3.16925048828125,0.40280000000000005
-3.214111328125,0.40285000000000004
-3.2989501953125,0.40290000000000004
-3.28704833984375,0.40295000000000003
-3.280029296875,0.403
-3.04229736328125,0.40305
-3.08746337890625,0.4031
-2.89794921875,0.40315
-2.92144775390625,0.4032
-3.13690185546875,0.40325
-2.99285888671875,0.40330000000000005
-2.8204345703125,0.40335000000000004
-2.9833984375,0.40340000000000004
-2.8668212890625,0.40345000000000003
-3.14910888671875,0.4035
-3.05908203125,0.40355
-3.19732666015625,0.4036
-2.94921875,0.40365
-3.07525634765625,0.4037
-3.38775634765625,0.40375
-3.2647705078125,0.40380000000000005
-2.78167724609375,0.40385000000000004
-3.1829833984375,0.40390000000000004
-3.1689453125,0.40395000000000003
-2.79266357421875,0.404
-3.096923828125,0.40405
-3.10791015625,0.4041
-2.9949951171875,0.40415
-3.09814453125,0.4042
-3.1109619140625,0.40425
-2.999267578125,0.40430000000000005
-3.20709228515625,0.40435000000000004
-3.13232421875,0.40440000000000004
-3.14697265625,0.40445000000000003
-3.04229736328125,0.4045
-3.05267333984375,0.40455
-3.538818359375,0.4046
-3.60107421875,0.40465
-3.32794189453125,0.4047
-3.62457275390625,0.40475
-3.280029296875,0.40480000000000005
-3.10028076171875,0.40485000000000004
-3.538818359375,0.40490000000000004
-3.41949462890625,0.40495000000000003
-3.2574462890625,0.405
-3.2135009765625,0.40505
-3.0859375,0.4051
-3.30047607421875,0.40515
-3.41796875,0.4052
-3.24371337890625,0.40525
-3.30078125,0.40530000000000005
-3.0377197265625,0.40535000000000004
-3.248291015625,0.40540000000000004
-3.25531005859375,0.40545000000000003
-3.19000244140625,0.4055
-2.95867919921875,0.40555
-3.037109375,0.4056
-2.81646728515625,0.40565
-3.250732421875,0.4057
-3.0413818359375,0.40575
-3.0364990234375,0.40580000000000005
-2.967529296875,0.40585000000000004
-3.1427001953125,0.40590000000000004
-2.96142578125,0.40595000000000003
-3.1298828125,0.406
-3.046875,0.40605
-3.09112548828125,0.4061
-3.221435546875,0.40615
-2.7667236328125,0.4062
-3.05572509765625,0.40625
-2.9144287109375,0.4063
-2.83447265625,0.40635000000000004
-3.03497314453125,0.40640000000000004
-2.98370361328125,0.40645000000000003
-2.6531982421875,0.40650000000000003
-3.12286376953125,0.40655
-3.204345703125,0.4066
-3.23760986328125,0.40665
-2.84332275390625,0.4067
-3.1475830078125,0.40675
-2.89031982421875,0.40680000000000005
-2.9962158203125,0.40685000000000004
-3.04718017578125,0.40690000000000004
-2.943115234375,0.40695000000000003
-2.62359619140625,0.40700000000000003
-2.91015625,0.40705
-3.079833984375,0.4071
-2.6641845703125,0.40715
-2.928466796875,0.4072
-3.08563232421875,0.40725
-3.0499267578125,0.4073
-3.17840576171875,0.40735000000000005
-3.53607177734375,0.40740000000000004
-3.5211181640625,0.40745000000000003
-3.668212890625,0.40750000000000003
-3.90716552734375,0.40755
-3.7457275390625,0.4076
-3.60595703125,0.40765
-3.40728759765625,0.4077
-4.1180419921875,0.40775
-4.114990234375,0.4078
-3.8482666015625,0.40785000000000005
-3.73077392578125,0.40790000000000004
-3.57940673828125,0.40795000000000003
-3.5882568359375,0.40800000000000003
-3.7664794921875,0.40805
-3.8836669921875,0.4081
-3.6676025390625,0.40815
-3.4747314453125,0.4082
-3.86932373046875,0.40825
-3.93646240234375,0.4083
-3.6376953125,0.40835000000000005
-3.78021240234375,0.40840000000000004
-3.80523681640625,0.40845000000000004
-3.475341796875,0.40850000000000003
-3.68682861328125,0.40855
-3.5247802734375,0.4086
-3.5015869140625,0.40865
-3.55682373046875,0.4087
-3.3258056640625,0.40875
-3.18817138671875,0.4088
-3.29833984375,0.40885000000000005
-3.34228515625,0.40890000000000004
-3.338623046875,0.40895000000000004
-3.01055908203125,0.40900000000000003
-3.1072998046875,0.40905
-3.29833984375,0.4091
-3.349609375,0.40915
-3.33099365234375,0.4092
-3.216552734375,0.40925
-3.31512451171875,0.4093
-2.81646728515625,0.40935000000000005
-3.0902099609375,0.40940000000000004
-2.88543701171875,0.40945000000000004
-2.9534912109375,0.40950000000000003
-2.77099609375,0.40955
-2.76519775390625,0.4096
-2.66448974609375,0.40965
-2.98583984375,0.4097
-2.982177734375,0.40975
-3.233642578125,0.4098
-2.83843994140625,0.40985000000000005
-3.3123779296875,0.40990000000000004
-3.3074951171875,0.40995000000000004
-3.40789794921875,0.41000000000000003
-3.47900390625,0.41005
-3.60809326171875,0.4101
-3.06182861328125,0.41015
-3.40087890625,0.4102
-3.38714599609375,0.41025
-3.31146240234375,0.4103
-3.33038330078125,0.41035000000000005
-3.060302734375,0.41040000000000004
-3.22723388671875,0.41045000000000004
-3.07403564453125,0.41050000000000003
-3.1195068359375,0.41055
-3.22662353515625,0.4106
-3.25927734375,0.41065
-3.19061279296875,0.4107
-3.06976318359375,0.41075
-3.0767822265625,0.4108
-2.98309326171875,0.41085000000000005
-3.1756591796875,0.41090000000000004
-3.330078125,0.41095000000000004
-2.7838134765625,0.41100000000000003
-2.65625,0.41105
-2.9168701171875,0.4111
-2.8106689453125,0.41115
-2.7642822265625,0.4112
-2.8338623046875,0.41125
-2.78533935546875,0.4113
-2.5848388671875,0.41135000000000005
-2.8131103515625,0.41140000000000004
-2.8558349609375,0.41145000000000004
-2.82470703125,0.41150000000000003
-2.6800537109375,0.41155
-2.904052734375,0.4116
-2.789306640625,0.41165
-2.78228759765625,0.4117
-2.77801513671875,0.41175
-2.94769287109375,0.4118
-2.7642822265625,0.41185000000000005
-2.6708984375,0.41190000000000004
-3.02215576171875,0.41195000000000004
-3.00140380859375,0.41200000000000003
-2.841796875,0.41205
-2.81829833984375,0.4121
-2.68463134765625,0.41215
-2.57843017578125,0.4122
-3.06182861328125,0.41225
-2.98553466796875,0.4123
-3.021240234375,0.41235
-2.8265380859375,0.41240000000000004
-2.85003662109375,0.41245000000000004
-2.9266357421875,0.41250000000000003
-3.24920654296875,0.41255000000000003
-3.233642578125,0.4126
-3.13934326171875,0.41265
-2.5537109375,0.4127
-3.15948486328125,0.41275
-3.0743408203125,0.4128
-3.09051513671875,0.41285000000000005
-2.89581298828125,0.41290000000000004
-3.28094482421875,0.41295000000000004
-2.77496337890625,0.41300000000000003
-2.960205078125,0.41305000000000003
-2.9095458984375,0.4131
-2.87200927734375,0.41315
-3.06549072265625,0.4132
-3.05999755859375,0.41325
-2.94158935546875,0.4133
-3.0657958984375,0.41335
-3.1158447265625,0.41340000000000005
-3.24066162109375,0.41345000000000004
-3.3856201171875,0.41350000000000003
-2.7911376953125,0.41355000000000003
-3.2049560546875,0.4136
-3.232421875,0.41365
-3.24859619140625,0.4137
-3.24737548828125,0.41375
-3.38531494140625,0.4138
-3.09417724609375,0.41385000000000005
-3.33221435546875,0.41390000000000005
-3.23638916015625,0.41395000000000004
-3.27392578125,0.41400000000000003
-3.333740234375,0.41405000000000003
-3.16680908203125,0.4141
-3.25347900390625,0.41415
-3.0755615234375,0.4142
-3.2891845703125,0.41425
-3.3343505859375,0.4143
-2.939453125,0.41435
-3.16650390625,0.41440000000000005
-3.515625,0.41445000000000004
-3.20281982421875,0.41450000000000004
-3.22174072265625,0.41455000000000003
-3.43902587890625,0.4146
-3.09539794921875,0.41465
-3.0828857421875,0.4147
-3.26202392578125,0.41475
-2.89825439453125,0.4148
-3.0322265625,0.41485
-2.98675537109375,0.41490000000000005
-3.216552734375,0.41495000000000004
-2.880859375,0.41500000000000004
-2.6763916015625,0.41505000000000003
-3.07220458984375,0.4151
-3.07830810546875,0.41515
-2.83538818359375,0.4152
-2.9632568359375,0.41525
-2.92266845703125,0.4153
-2.65167236328125,0.41535
-3.40911865234375,0.41540000000000005
-3.36181640625,0.41545000000000004
-3.0694580078125,0.41550000000000004
-2.88421630859375,0.41555000000000003
-2.8143310546875,0.4156
-3.04534912109375,0.41565
-3.121337890625,0.4157
-2.974853515625,0.41575
-2.98583984375,0.4158
-2.80975341796875,0.41585
-3.1976318359375,0.41590000000000005
-3.24310302734375,0.41595000000000004
-3.03863525390625,0.41600000000000004
-3.12225341796875,0.41605000000000003
-3.4283447265625,0.4161
-3.13385009765625,0.41615
-3.0987548828125,0.4162
-3.1536865234375,0.41625
-3.24798583984375,0.4163
-3.2794189453125,0.41635
-3.226318359375,0.41640000000000005
-3.1842041015625,0.41645000000000004
-3.45611572265625,0.41650000000000004
-3.28826904296875,0.41655000000000003
-3.32275390625,0.4166
-3.2843017578125,0.41665
-2.73956298828125,0.4167
-2.962646484375,0.41675
-3.06365966796875,0.4168
-3.10028076171875,0.41685
-2.91259765625,0.41690000000000005
-3.19671630859375,0.41695000000000004
-2.96844482421875,0.41700000000000004
-3.194580078125,0.41705000000000003
-3.17291259765625,0.4171
-3.0438232421875,0.41715
-3.0364990234375,0.4172
-3.116455078125,0.41725
-3.079833984375,0.4173
-3.1744384765625,0.41735
-3.18939208984375,0.41740000000000005
-3.30718994140625,0.41745000000000004
-3.08746337890625,0.41750000000000004
-3.0767822265625,0.41755000000000003
-3.15643310546875,0.4176
-2.877197265625,0.41765
-3.0450439453125,0.4177
-3.072509765625,0.41775
-3.0218505859375,0.4178
-3.03985595703125,0.41785
-3.3001708984375,0.41790000000000005
-3.1903076171875,0.41795000000000004
-3.463134765625,0.41800000000000004
-3.11370849609375,0.41805000000000003
-3.2470703125,0.4181
-3.16680908203125,0.41815
-3.065185546875,0.4182
-3.38775634765625,0.41825
-3.21929931640625,0.4183
-2.96478271484375,0.41835
-3.0535888671875,0.4184
-3.19976806640625,0.41845000000000004
-3.02001953125,0.41850000000000004
-3.2470703125,0.41855000000000003
-3.35845947265625,0.4186
-3.1121826171875,0.41865
-2.99560546875,0.4187
-3.07647705078125,0.41875
-3.20770263671875,0.4188
-3.11553955078125,0.41885
-3.26507568359375,0.41890000000000005
-3.3807373046875,0.41895000000000004
-3.14727783203125,0.41900000000000004
-3.35784912109375,0.41905000000000003
-3.399658203125,0.41910000000000003
-3.41949462890625,0.41915
-3.050537109375,0.4192
-3.35418701171875,0.41925
-3.13629150390625,0.4193
-3.18267822265625,0.41935
-3.1719970703125,0.4194
-3.328857421875,0.41945000000000005
-3.18450927734375,0.41950000000000004
-2.96478271484375,0.41955000000000003
-3.1256103515625,0.41960000000000003
-3.22296142578125,0.41965
-3.01422119140625,0.4197
-3.0169677734375,0.41975
-3.24066162109375,0.4198
-2.9119873046875,0.41985
-3.319091796875,0.41990000000000005
-3.49334716796875,0.41995000000000005
-3.4014892578125,0.42000000000000004
-3.16650390625,0.42005000000000003
-3.57818603515625,0.42010000000000003
-3.22021484375,0.42015
-3.31298828125,0.4202
-3.35784912109375,0.42025
-3.4368896484375,0.4203
-3.07769775390625,0.42035
-3.2220458984375,0.4204
-3.31817626953125,0.42045000000000005
-3.12957763671875,0.42050000000000004
-3.4014892578125,0.42055000000000003
-3.39508056640625,0.42060000000000003
-3.2647705078125,0.42065
-3.26751708984375,0.4207
-3.3935546875,0.42075
-3.23394775390625,0.4208
-3.33770751953125,0.42085
-3.22296142578125,0.42090000000000005
-3.13323974609375,0.42095000000000005
-3.00262451171875,0.42100000000000004
-3.404541015625,0.42105000000000004
-3.6334228515625,0.42110000000000003
-3.30291748046875,0.42115
-3.00018310546875,0.4212
-3.148193359375,0.42125
-3.26568603515625,0.4213
-3.074951171875,0.42135
-3.22174072265625,0.4214
-3.3184814453125,0.42145000000000005
-3.18939208984375,0.42150000000000004
-3.0889892578125,0.42155000000000004
-3.331298828125,0.42160000000000003
-2.9302978515625,0.42165
-3.1488037109375,0.4217
-3.3856201171875,0.42175
-3.280029296875,0.4218
-3.07708740234375,0.42185
-3.24432373046875,0.4219
-3.29681396484375,0.42195000000000005
-3.3013916015625,0.42200000000000004
-3.36212158203125,0.42205000000000004
-3.24310302734375,0.42210000000000003
-2.9632568359375,0.42215
-3.28399658203125,0.4222
-3.24005126953125,0.42225
-3.18267822265625,0.4223
-2.9345703125,0.42235
-3.03466796875,0.4224
-3.14971923828125,0.42245000000000005
-2.9083251953125,0.42250000000000004
-2.9205322265625,0.42255000000000004
-3.16650390625,0.42260000000000003
-2.899169921875,0.42265
-2.728271484375,0.4227
-3.14727783203125,0.42275
-2.95684814453125,0.4228
-2.85247802734375,0.42285
-2.81890869140625,0.4229
-3.01788330078125,0.42295000000000005
-2.81219482421875,0.42300000000000004
-2.92510986328125,0.42305000000000004
-3.328857421875,0.42310000000000003
-3.192138671875,0.42315
-2.90496826171875,0.4232
-3.04901123046875,0.42325
-2.77313232421875,0.4233
-2.777099609375,0.42335
-2.97760009765625,0.4234
-2.93701171875,0.42345000000000005
-2.80242919921875,0.42350000000000004
-2.62939453125,0.42355000000000004
-2.783203125,0.42360000000000003
-2.87261962890625,0.42365
-2.9931640625,0.4237
-3.0078125,0.42375
-2.869873046875,0.4238
-2.82623291015625,0.42385
-3.03680419921875,0.4239
-3.14910888671875,0.42395000000000005
-3.074951171875,0.42400000000000004
-2.71484375,0.42405000000000004
-2.95745849609375,0.42410000000000003
-2.689208984375,0.42415
-2.72674560546875,0.4242
-3.05633544921875,0.42425
-2.94708251953125,0.4243
-2.80853271484375,0.42435
-2.901611328125,0.4244
-2.8619384765625,0.42445
-2.88421630859375,0.42450000000000004
-3.0267333984375,0.42455000000000004
-3.27056884765625,0.42460000000000003
-3.12652587890625,0.42465
-2.88818359375,0.4247
-3.20220947265625,0.42475
-2.75299072265625,0.4248
-2.98828125,0.42485
-3.0706787109375,0.4249
-2.97607421875,0.42495000000000005
-2.72857666015625,0.42500000000000004
-3.155517578125,0.42505000000000004
-3.11614990234375,0.42510000000000003
-2.97760009765625,0.42515000000000003
-3.037109375,0.4252
-3.22418212890625,0.42525
-2.906494140625,0.4253
-3.18267822265625,0.42535
-3.24981689453125,0.4254
-3.28369140625,0.42545
-3.02337646484375,0.4255
-3.023681640625,0.42555000000000004
-3.52081298828125,0.42560000000000003
-3.16375732421875,0.42565000000000003
-3.094482421875,0.4257
-3.24188232421875,0.42575
-3.31451416015625,0.4258
-2.80487060546875,0.42585
-3.4844970703125,0.4259
-3.2110595703125,0.42595
-3.10302734375,0.426
-3.17230224609375,0.42605000000000004
-3.27545166015625,0.42610000000000003
-2.99163818359375,0.42615000000000003
-2.8045654296875,0.4262
-3.34197998046875,0.42625
-3.385009765625,0.4263
-2.978515625,0.42635
-2.8546142578125,0.4264
-3.20709228515625,0.42645
-3.02886962890625,0.4265
-3.31787109375,0.42655000000000004
-3.29833984375,0.42660000000000003
-3.22357177734375,0.42665000000000003
-3.24249267578125,0.4267
-3.4063720703125,0.42675
-3.25653076171875,0.4268
-3.27728271484375,0.42685
-3.4124755859375,0.4269
-3.353271484375,0.42695
-3.14178466796875,0.427
-3.13201904296875,0.42705000000000004
-3.5211181640625,0.42710000000000004
-3.23944091796875,0.42715000000000003
-2.9827880859375,0.4272
-3.25286865234375,0.42725
-3.08258056640625,0.4273
-3.0584716796875,0.42735
-3.17138671875,0.4274
-3.22540283203125,0.42745
-2.85888671875,0.4275
-3.0584716796875,0.42755000000000004
-3.27056884765625,0.42760000000000004
-3.02642822265625,0.42765000000000003
-3.29376220703125,0.4277
-3.39263916015625,0.42775
-3.2879638671875,0.4278
-3.05267333984375,0.42785
-3.29803466796875,0.4279
-3.203125,0.42795
-3.1549072265625,0.428
-3.16070556640625,0.42805000000000004
-3.12347412109375,0.42810000000000004
-2.89459228515625,0.42815000000000003
-3.2391357421875,0.4282
-3.22052001953125,0.42825
-2.9400634765625,0.4283
-3.1201171875,0.42835
-3.0963134765625,0.4284
-3.2843017578125,0.42845
-3.17047119140625,0.4285
-3.14544677734375,0.42855
-3.3392333984375,0.42860000000000004
-3.45794677734375,0.42865000000000003
-3.1903076171875,0.4287
-3.6065673828125,0.42875
-3.41949462890625,0.4288
-3.42681884765625,0.42885
-3.0999755859375,0.4289
-3.416748046875,0.42895
-3.1097412109375,0.429
-3.09295654296875,0.42905000000000004
-3.3905029296875,0.42910000000000004
-3.43231201171875,0.42915000000000003
-3.20404052734375,0.4292
-3.4259033203125,0.42925
-3.22540283203125,0.4293
-3.2867431640625,0.42935
-3.47076416015625,0.4294
-3.37066650390625,0.42945
-3.15826416015625,0.4295
-3.01544189453125,0.42955
-3.30596923828125,0.42960000000000004
-3.16650390625,0.42965000000000003
-3.048095703125,0.4297
-3.0889892578125,0.42975
-3.2977294921875,0.4298
-3.170166015625,0.42985
-3.09600830078125,0.4299
-3.2574462890625,0.42995
-3.2843017578125,0.43
-3.1298828125,0.43005000000000004
-3.24676513671875,0.43010000000000004
-3.2220458984375,0.43015000000000003
-3.3221435546875,0.4302
-3.43505859375,0.43025
-3.29010009765625,0.4303
-3.2135009765625,0.43035
-2.92327880859375,0.4304
-3.1048583984375,0.43045
-3.1201171875,0.4305
-3.16253662109375,0.43055
-3.37310791015625,0.43060000000000004
-2.99530029296875,0.43065000000000003
-3.09051513671875,0.4307
-3.697509765625,0.43075
-3.369140625,0.4308
-3.3416748046875,0.43085
-3.26019287109375,0.4309
-3.26019287109375,0.43095
-3.270263671875,0.431
-3.3197021484375,0.43105000000000004
-3.10211181640625,0.43110000000000004
-2.90069580078125,0.43115000000000003
-3.34228515625,0.4312
-2.90618896484375,0.43125
-3.0322265625,0.4313
-3.04443359375,0.43135
-3.0010986328125,0.4314
-3.07708740234375,0.43145
-2.9083251953125,0.4315
-2.92022705078125,0.43155
-3.2220458984375,0.43160000000000004
-2.83416748046875,0.43165000000000003
-2.96905517578125,0.43170000000000003
-3.18756103515625,0.43175
-2.9461669921875,0.4318
-3.1524658203125,0.43185
-3.31573486328125,0.4319
-3.39508056640625,0.43195
-3.37860107421875,0.432
-2.88330078125,0.43205000000000005
-3.32122802734375,0.43210000000000004
-3.0206298828125,0.43215000000000003
-2.94525146484375,0.43220000000000003
-3.3148193359375,0.43225
-3.41705322265625,0.4323
-3.36212158203125,0.43235
-3.1707763671875,0.4324
-3.30963134765625,0.43245
-3.42926025390625,0.4325
-3.65020751953125,0.43255
-3.49822998046875,0.43260000000000004
-3.62030029296875,0.43265000000000003
-3.59893798828125,0.43270000000000003
-3.90899658203125,0.43275
-3.79302978515625,0.4328
-4.0301513671875,0.43285
-3.57330322265625,0.4329
-4.15496826171875,0.43295
-3.8671875,0.433
-3.6932373046875,0.43305
-4.0771484375,0.43310000000000004
-4.18304443359375,0.43315000000000003
-3.74053955078125,0.43320000000000003
-4.149169921875,0.43325
-3.63494873046875,0.4333
-3.8275146484375,0.43335
-4.1259765625,0.4334
-3.7786865234375,0.43345
-3.56414794921875,0.4335
-3.45794677734375,0.43355
-3.69659423828125,0.43360000000000004
-3.69110107421875,0.43365000000000004
-3.6871337890625,0.43370000000000003
-3.42620849609375,0.43375
-3.43475341796875,0.4338
-3.21136474609375,0.43385
-3.77471923828125,0.4339
-3.262939453125,0.43395
-3.3056640625,0.434
-3.16680908203125,0.43405
-3.34716796875,0.43410000000000004
-2.987060546875,0.43415000000000004
-2.99530029296875,0.43420000000000003
-3.02642822265625,0.43425
-2.87200927734375,0.4343
-3.033447265625,0.43435
-2.55584716796875,0.4344
-2.67364501953125,0.43445
-2.794189453125,0.4345
-2.83355712890625,0.43455
-2.8564453125,0.43460000000000004
-2.939453125,0.43465000000000004
-2.79296875,0.43470000000000003
-3.48785400390625,0.43475
-3.4442138671875,0.4348
-3.31085205078125,0.43485
-3.55926513671875,0.4349
-3.28704833984375,0.43495
-3.3050537109375,0.435
-3.69873046875,0.43505
-3.73504638671875,0.43510000000000004
-3.72528076171875,0.43515000000000004
-3.16192626953125,0.43520000000000003
-3.58612060546875,0.43525
-3.59375,0.4353
-3.2843017578125,0.43535
-3.638916015625,0.4354
-3.52569580078125,0.43545
-3.29681396484375,0.4355
-3.21563720703125,0.43555
-3.35723876953125,0.43560000000000004
-3.2977294921875,0.43565000000000004
-3.47564697265625,0.43570000000000003
-3.4027099609375,0.43575
-3.2135009765625,0.4358
-2.9327392578125,0.43585
-3.2421875,0.4359
-3.463134765625,0.43595
-3.399658203125,0.436
-2.9254150390625,0.43605
-3.22296142578125,0.43610000000000004
-3.20404052734375,0.43615000000000004
-2.80426025390625,0.43620000000000003
-3.2183837890625,0.43625
-3.2977294921875,0.4363
-2.79998779296875,0.43635
-3.048095703125,0.4364
-3.0194091796875,0.43645
-2.80853271484375,0.4365
-3.193359375,0.43655
-2.86956787109375,0.4366
-2.88116455078125,0.43665000000000004
-3.02825927734375,0.43670000000000003
-3.25653076171875,0.43675
-3.34930419921875,0.4368
-3.4271240234375,0.43685
-3.16925048828125,0.4369
-3.3648681640625,0.43695
-3.084716796875,0.437
-3.38348388671875,0.43705
-3.236083984375,0.43710000000000004
-3.35968017578125,0.43715000000000004
-3.11126708984375,0.43720000000000003
-3.18115234375,0.43725
-3.162841796875,0.4373
-3.41796875,0.43735
-3.2965087890625,0.4374
-3.21563720703125,0.43745
-3.31085205078125,0.4375
-2.95196533203125,0.43755
-3.21197509765625,0.4376
-3.3740234375,0.43765000000000004
-3.19091796875,0.43770000000000003
-2.99102783203125,0.43775000000000003
-3.00018310546875,0.4378
-2.85400390625,0.43785
-3.38226318359375,0.4379
-3.455810546875,0.43795
-3.06732177734375,0.438
-3.116455078125,0.43805
-3.44512939453125,0.4381
-3.1561279296875,0.43815000000000004
-3.37432861328125,0.43820000000000003
-3.375244140625,0.43825000000000003
-3.25714111328125,0.4383
-3.0126953125,0.43835
-3.267822265625,0.4384
-3.13201904296875,0.43845
-2.90283203125,0.4385
-3.19366455078125,0.43855
-3.26446533203125,0.4386
-3.1939697265625,0.43865000000000004
-2.74688720703125,0.43870000000000003
-3.26751708984375,0.43875000000000003
-3.38226318359375,0.4388
-3.30322265625,0.43885
-3.1683349609375,0.4389
-3.2427978515625,0.43895
-3.29132080078125,0.439
-3.42529296875,0.43905
-3.45855712890625,0.4391
-3.37982177734375,0.43915000000000004
-3.40484619140625,0.43920000000000003
-3.27423095703125,0.43925000000000003
-3.38531494140625,0.4393
-3.01116943359375,0.43935
-3.2684326171875,0.4394
-3.2244873046875,0.43945
-3.1231689453125,0.4395
-3.13232421875,0.43955
-3.505859375,0.4396
-3.2977294921875,0.43965000000000004
-3.2696533203125,0.43970000000000004
-3.38623046875,0.43975000000000003
-3.17626953125,0.4398
-3.1903076171875,0.43985
-3.17108154296875,0.4399
-3.18695068359375,0.43995
-3.387451171875,0.44
-3.15948486328125,0.44005
-3.0511474609375,0.4401
-2.9656982421875,0.44015000000000004
-3.10516357421875,0.44020000000000004
-3.1695556640625,0.44025000000000003
-3.3282470703125,0.4403
-3.0108642578125,0.44035
-2.91961669921875,0.4404
-3.28887939453125,0.44045
-3.3587646484375,0.4405
-3.1951904296875,0.44055
-3.0047607421875,0.4406
-3.385009765625,0.44065000000000004
-3.13201904296875,0.44070000000000004
-3.28887939453125,0.44075000000000003
-3.41064453125,0.4408
-3.22052001953125,0.44085
-2.9443359375,0.4409
-3.060302734375,0.44095
-2.93426513671875,0.441
-3.1658935546875,0.44105
-3.00201416015625,0.4411
-2.8900146484375,0.44115000000000004
-2.56591796875,0.44120000000000004
-2.79022216796875,0.44125000000000003
-2.71026611328125,0.4413
-2.7935791015625,0.44135
-2.95166015625,0.4414
-2.82257080078125,0.44145
-2.74261474609375,0.4415
-2.96783447265625,0.44155
-2.9901123046875,0.4416
-3.001708984375,0.44165000000000004
-3.01727294921875,0.44170000000000004
-2.96142578125,0.44175000000000003
-3.038330078125,0.4418
-2.7587890625,0.44185
-3.16650390625,0.4419
-3.1170654296875,0.44195
-3.14208984375,0.442
-2.801513671875,0.44205
-3.24920654296875,0.4421
-3.10546875,0.44215000000000004
-3.2275390625,0.44220000000000004
-3.01025390625,0.44225000000000003
-3.1451416015625,0.4423
-3.03741455078125,0.44235
-2.8857421875,0.4424
-3.2818603515625,0.44245
-2.85736083984375,0.4425
-3.1109619140625,0.44255
-2.98492431640625,0.4426
-3.12713623046875,0.44265000000000004
-2.97943115234375,0.44270000000000004
-3.21929931640625,0.44275000000000003
-3.16070556640625,0.4428
-2.98553466796875,0.44285
-3.12835693359375,0.4429
-3.06304931640625,0.44295
-2.7532958984375,0.443
-3.17535400390625,0.44305
-3.0047607421875,0.4431
-3.11004638671875,0.44315000000000004
-2.83447265625,0.44320000000000004
-2.645263671875,0.44325000000000003
-3.070068359375,0.4433
-3.06640625,0.44335
-2.8167724609375,0.4434
-3.08319091796875,0.44345
-3.16131591796875,0.4435
-2.99072265625,0.44355
-3.40087890625,0.4436
-3.38043212890625,0.44365
-3.04534912109375,0.44370000000000004
-3.046875,0.44375000000000003
-3.20068359375,0.44380000000000003
-2.9656982421875,0.44385
-3.3038330078125,0.4439
-3.0615234375,0.44395
-3.0133056640625,0.444
-3.0987548828125,0.44405
-3.10699462890625,0.4441
-3.24493408203125,0.44415
-3.509521484375,0.44420000000000004
-3.258056640625,0.44425000000000003
-3.55804443359375,0.44430000000000003
-2.93792724609375,0.44435
-3.45550537109375,0.4444
-3.260498046875,0.44445
-3.4307861328125,0.4445
-3.3074951171875,0.44455
-3.25653076171875,0.4446
-3.1982421875,0.44465
-3.23974609375,0.44470000000000004
-3.44329833984375,0.44475000000000003
-3.21533203125,0.44480000000000003
-3.1451416015625,0.44485
-2.9473876953125,0.4449
-3.218994140625,0.44495
-3.32763671875,0.445
-3.2293701171875,0.44505
-3.01788330078125,0.4451
-3.38104248046875,0.44515
-3.05877685546875,0.44520000000000004
-3.33953857421875,0.44525000000000003
-3.22357177734375,0.44530000000000003
-3.29345703125,0.44535
-3.1488037109375,0.4454
-3.37677001953125,0.44545
-3.1195068359375,0.4455
-3.3831787109375,0.44555
-3.35205078125,0.4456
-3.29925537109375,0.44565
-3.2940673828125,0.44570000000000004
-3.09661865234375,0.44575000000000004
-3.20526123046875,0.44580000000000003
-2.9510498046875,0.44585
-3.1378173828125,0.4459
-3.0938720703125,0.44595
-3.0352783203125,0.446
-3.109130859375,0.44605
-3.04901123046875,0.4461
-2.98187255859375,0.44615
-3.26507568359375,0.44620000000000004
-2.996826171875,0.44625000000000004
-3.157958984375,0.44630000000000003
-2.70050048828125,0.44635
-2.9486083984375,0.4464
-3.24951171875,0.44645
-3.02520751953125,0.4465
-2.95623779296875,0.44655
-2.9290771484375,0.4466
-3.09783935546875,0.44665
-2.833251953125,0.44670000000000004
-2.916259765625,0.44675000000000004
-3.035888671875,0.44680000000000003
-2.95013427734375,0.44685
-2.6806640625,0.4469
-3.12896728515625,0.44695
-2.71820068359375,0.447
-3.17352294921875,0.44705
-3.07586669921875,0.4471
-3.1072998046875,0.44715
-3.0224609375,0.44720000000000004
-2.95379638671875,0.44725000000000004
-3.12896728515625,0.44730000000000003
-3.2220458984375,0.44735
-3.27880859375,0.4474
-3.2061767578125,0.44745
-2.73193359375,0.4475
-3.12713623046875,0.44755
-3.150634765625,0.4476
-3.09967041015625,0.44765
-3.03253173828125,0.44770000000000004
-2.747802734375,0.44775000000000004
-2.96478271484375,0.44780000000000003
-3.1353759765625,0.44785
-2.9986572265625,0.4479
-2.85552978515625,0.44795
-3.03863525390625,0.448
-3.11492919921875,0.44805
-3.31298828125,0.4481
-3.2659912109375,0.44815
-3.140869140625,0.44820000000000004
-2.9376220703125,0.44825000000000004
-3.094482421875,0.44830000000000003
-2.71087646484375,0.44835
-2.80731201171875,0.4484
-2.87841796875,0.44845
-2.835693359375,0.4485
-2.83050537109375,0.44855
-2.96722412109375,0.4486
-2.647705078125,0.44865
-2.88970947265625,0.44870000000000004
-3.22601318359375,0.44875000000000004
-3.05755615234375,0.44880000000000003
-2.97210693359375,0.44885
-3.02001953125,0.4489
-3.10150146484375,0.44895
-2.9132080078125,0.449
-3.116455078125,0.44905
-2.9736328125,0.4491
-2.90435791015625,0.44915
-2.6708984375,0.44920000000000004
-2.92236328125,0.44925000000000004
-2.79052734375,0.44930000000000003
-2.7362060546875,0.44935
-2.6397705078125,0.4494
-2.8179931640625,0.44945
-2.8863525390625,0.4495
-2.89794921875,0.44955
-3.096923828125,0.4496
-2.945556640625,0.44965
-3.10760498046875,0.44970000000000004
-2.90740966796875,0.44975000000000004
-2.95867919921875,0.44980000000000003
-2.6654052734375,0.44985
-2.81341552734375,0.4499
-2.88665771484375,0.44995
-2.8570556640625,0.45
-2.6025390625,0.45005
-2.93853759765625,0.4501
-2.88726806640625,0.45015
-2.94891357421875,0.4502
-2.9595947265625,0.45025
-2.70263671875,0.45030000000000003
-2.68280029296875,0.45035000000000003
-2.9901123046875,0.4504
-3.0340576171875,0.45045
-3.1842041015625,0.4505
-3.3441162109375,0.45055
-3.04718017578125,0.4506
-3.05511474609375,0.45065
-3.2080078125,0.4507
-3.0755615234375,0.45075
-3.3636474609375,0.45080000000000003
-2.99652099609375,0.45085000000000003
-2.9766845703125,0.4509
-3.306884765625,0.45095
-3.32763671875,0.451
-3.0743408203125,0.45105
-2.9901123046875,0.4511
-3.30535888671875,0.45115
-2.982177734375,0.4512
-3.13262939453125,0.45125
-3.08135986328125,0.45130000000000003
-3.250732421875,0.45135000000000003
-3.062744140625,0.4514
-3.10302734375,0.45145
-3.2366943359375,0.4515
-3.011474609375,0.45155
-3.27850341796875,0.4516
-3.5296630859375,0.45165
-3.0841064453125,0.4517
-3.12255859375,0.45175
-3.2073974609375,0.45180000000000003
-3.028564453125,0.45185000000000003
-3.35296630859375,0.4519
-3.343505859375,0.45195
-2.89398193359375,0.452
-3.157958984375,0.45205
-3.23333740234375,0.4521
-3.2122802734375,0.45215
-3.3837890625,0.4522
-3.12408447265625,0.45225
-3.18328857421875,0.45230000000000004
-2.85552978515625,0.45235000000000003
-3.28125,0.4524
-3.209228515625,0.45245
-2.98126220703125,0.4525
-3.095703125,0.45255
-3.4014892578125,0.4526
-3.1854248046875,0.45265
-3.23028564453125,0.4527
-3.26202392578125,0.45275
-3.29620361328125,0.45280000000000004
-3.08807373046875,0.45285000000000003
-2.916259765625,0.4529
-3.1024169921875,0.45295
-3.04351806640625,0.453
-3.0615234375,0.45305
-2.87628173828125,0.4531
-3.1024169921875,0.45315
-2.864990234375,0.4532
-3.14971923828125,0.45325
-3.27117919921875,0.45330000000000004
-3.109130859375,0.45335000000000003
-3.13690185546875,0.4534
-3.2586669921875,0.45345
-3.0145263671875,0.4535
-3.45733642578125,0.45355
-3.424072265625,0.4536
-3.44635009765625,0.45365
-3.27667236328125,0.4537
-3.00567626953125,0.45375
-3.3160400390625,0.45380000000000004
-3.231201171875,0.45385000000000003
-2.98309326171875,0.4539
-3.21441650390625,0.45395
-3.35662841796875,0.454
-3.05938720703125,0.45405
-3.28460693359375,0.4541
-3.475341796875,0.45415
-3.4307861328125,0.4542
-3.41766357421875,0.45425
-3.56536865234375,0.45430000000000004
-3.07952880859375,0.45435000000000003
-3.3319091796875,0.4544
-3.43994140625,0.45445
-3.42437744140625,0.4545
-2.95989990234375,0.45455
-3.10089111328125,0.4546
-3.5211181640625,0.45465
-3.28826904296875,0.4547
-3.28216552734375,0.45475
-3.2330322265625,0.45480000000000004
-2.8631591796875,0.45485000000000003
-3.10699462890625,0.4549
-3.13812255859375,0.45495
-3.1787109375,0.455
-3.380126953125,0.45505
-3.25103759765625,0.4551
-2.93792724609375,0.45515
-3.31390380859375,0.4552
-3.1207275390625,0.45525
-3.3587646484375,0.45530000000000004
-3.23211669921875,0.45535000000000003
-2.95654296875,0.4554
-3.14483642578125,0.45545
-2.933349609375,0.4555
-2.86712646484375,0.45555
-3.0621337890625,0.4556
-3.2330322265625,0.45565
-2.76947021484375,0.4557
-2.89825439453125,0.45575
-3.199462890625,0.45580000000000004
-3.16253662109375,0.45585000000000003
-3.154296875,0.4559
-3.1842041015625,0.45595
-3.22235107421875,0.456
-2.99591064453125,0.45605
-3.2177734375,0.4561
-3.33099365234375,0.45615
-3.19000244140625,0.4562
-2.7294921875,0.45625
-2.9559326171875,0.45630000000000004
-2.7679443359375,0.45635000000000003
-3.1634521484375,0.45640000000000003
-3.02703857421875,0.45645
-2.84149169921875,0.4565
-3.00872802734375,0.45655
-3.1982421875,0.4566
-3.01116943359375,0.45665
-3.60748291015625,0.4567
-3.2379150390625,0.45675
-3.3782958984375,0.4568
-3.2861328125,0.45685000000000003
-3.46160888671875,0.45690000000000003
-3.65203857421875,0.45695
-3.427734375,0.457
-3.436279296875,0.45705
-3.5089111328125,0.4571
-3.5394287109375,0.45715
-3.2720947265625,0.4572
-3.45977783203125,0.45725
-3.64013671875,0.4573
-3.47503662109375,0.45735000000000003
-3.333740234375,0.45740000000000003
-3.74542236328125,0.45745
-3.499755859375,0.4575
-3.69384765625,0.45755
-3.6639404296875,0.4576
-3.5498046875,0.45765
-3.1280517578125,0.4577
-3.31756591796875,0.45775
-3.69873046875,0.4578
-3.64349365234375,0.45785000000000003
-3.09844970703125,0.45790000000000003
-3.338623046875,0.45795
-3.03680419921875,0.458
-3.294677734375,0.45805
-3.355712890625,0.4581
-3.17352294921875,0.45815
-3.245849609375,0.4582
-3.0712890625,0.45825
-3.1793212890625,0.4583
-3.20404052734375,0.45835000000000004
-2.75970458984375,0.45840000000000003
-3.07586669921875,0.45845
-3.1365966796875,0.4585
-2.87811279296875,0.45855
-2.965087890625,0.4586
-2.89886474609375,0.45865
-2.9681396484375,0.4587
-2.87506103515625,0.45875
-2.94952392578125,0.4588
-2.6654052734375,0.45885000000000004
-2.6727294921875,0.45890000000000003
-2.89154052734375,0.45895
-2.87750244140625,0.459
-2.62786865234375,0.45905
-2.65533447265625,0.4591
-3.09814453125,0.45915
-2.989501953125,0.4592
-3.160400390625,0.45925
-3.0609130859375,0.4593
-3.1024169921875,0.45935000000000004
-2.8607177734375,0.45940000000000003
-3.29681396484375,0.45945
-3.48907470703125,0.4595
-3.40972900390625,0.45955
-3.02337646484375,0.4596
-3.15399169921875,0.45965
-3.12744140625,0.4597
-3.36700439453125,0.45975
-3.06365966796875,0.4598
-3.28643798828125,0.45985000000000004
-2.99774169921875,0.45990000000000003
-3.062744140625,0.45995
-2.98248291015625,0.46
-3.021240234375,0.46005
-3.10302734375,0.4601
-3.106689453125,0.46015
-2.77923583984375,0.4602
-2.7252197265625,0.46025
-2.75665283203125,0.4603
-2.598876953125,0.46035000000000004
-2.8302001953125,0.46040000000000003
-2.5262451171875,0.46045
-2.5994873046875,0.4605
-2.34405517578125,0.46055
-2.54425048828125,0.4606
-2.58148193359375,0.46065
-2.58697509765625,0.4607
-2.4468994140625,0.46075
-2.3828125,0.4608
-2.38739013671875,0.46085000000000004
-2.5128173828125,0.46090000000000003
-2.68524169921875,0.46095
-2.67364501953125,0.461
-2.73193359375,0.46105
-2.620849609375,0.4611
-2.7935791015625,0.46115
-2.78564453125,0.4612
-2.59033203125,0.46125
-3.00140380859375,0.4613
-2.98187255859375,0.46135000000000004
-2.72308349609375,0.46140000000000003
-2.9827880859375,0.46145
-3.0169677734375,0.4615
-2.8179931640625,0.46155
-2.9144287109375,0.4616
-2.99530029296875,0.46165
-2.669677734375,0.4617
-2.71728515625,0.46175
-2.95989990234375,0.4618
-2.89764404296875,0.46185000000000004
-2.6544189453125,0.46190000000000003
-2.61932373046875,0.46195
-2.98248291015625,0.462
-2.7471923828125,0.46205
-2.864990234375,0.4621
-2.9150390625,0.46215
-2.6068115234375,0.4622
-2.4322509765625,0.46225
-3.16436767578125,0.4623
-2.96661376953125,0.46235000000000004
-2.91107177734375,0.46240000000000003
-2.87933349609375,0.46245
-2.7264404296875,0.4625
-2.9388427734375,0.46255
-2.83203125,0.4626
-2.88238525390625,0.46265
-3.128662109375,0.4627
-2.70233154296875,0.46275
-3.1561279296875,0.4628
-3.0474853515625,0.46285
-3.04046630859375,0.46290000000000003
-3.19671630859375,0.46295000000000003
-3.297119140625,0.463
-3.01361083984375,0.46305
-2.95379638671875,0.4631
-2.9541015625,0.46315
-3.12713623046875,0.4632
-3.39324951171875,0.46325
-3.12774658203125,0.4633
-3.13873291015625,0.46335000000000004
-3.1512451171875,0.46340000000000003
-3.27362060546875,0.46345000000000003
-3.10333251953125,0.4635
-3.08258056640625,0.46355
-2.7618408203125,0.4636
-2.9815673828125,0.46365
-2.85186767578125,0.4637
-3.12225341796875,0.46375
-2.9364013671875,0.4638
-3.05938720703125,0.46385
-2.916259765625,0.46390000000000003
-3.15948486328125,0.46395000000000003
-2.95562744140625,0.464
-3.06182861328125,0.46405
-3.1365966796875,0.4641
-3.140869140625,0.46415
-3.160400390625,0.4642
-2.9302978515625,0.46425
-3.06640625,0.4643
-3.0108642578125,0.46435
-2.723388671875,0.46440000000000003
-2.89215087890625,0.46445000000000003
-2.95684814453125,0.4645
-2.57568359375,0.46455
-2.68707275390625,0.4646
-2.84942626953125,0.46465
-2.95562744140625,0.4647
-2.81280517578125,0.46475
-3.0364990234375,0.4648
-2.723388671875,0.46485
-3.028564453125,0.46490000000000004
-3.231201171875,0.46495000000000003
-2.94158935546875,0.465
-2.83172607421875,0.46505
-2.76824951171875,0.4651
-3.1915283203125,0.46515
-2.987060546875,0.4652
-2.91961669921875,0.46525
-2.99591064453125,0.4653
-2.98919677734375,0.46535
-2.786865234375,0.46540000000000004
-3.27484130859375,0.46545000000000003
-3.2110595703125,0.4655
-3.15948486328125,0.46555
-3.06304931640625,0.4656
-2.9986572265625,0.46565
-3.3416748046875,0.4657
-3.0517578125,0.46575
-3.18023681640625,0.4658
-3.37677001953125,0.46585
-3.18878173828125,0.46590000000000004
-3.29071044921875,0.46595000000000003
-3.07342529296875,0.466
-3.08685302734375,0.46605
-3.233642578125,0.4661
-3.3673095703125,0.46615
-2.88848876953125,0.4662
-2.833251953125,0.46625
-3.12530517578125,0.4663
-3.0706787109375,0.46635
-2.92510986328125,0.46640000000000004
-2.87872314453125,0.46645000000000003
-3.0743408203125,0.4665
-2.95867919921875,0.46655
-2.99072265625,0.4666
-2.86590576171875,0.46665
-2.9901123046875,0.4667
-2.65777587890625,0.46675
-3.0706787109375,0.4668
-3.14971923828125,0.46685
-3.045654296875,0.46690000000000004
-3.01116943359375,0.46695000000000003
-3.29925537109375,0.467
-3.0810546875,0.46705
-3.2391357421875,0.4671
-3.06671142578125,0.46715
-3.21319580078125,0.4672
-3.06884765625,0.46725
-3.292236328125,0.4673
-3.3856201171875,0.46735
-3.01849365234375,0.46740000000000004
-3.2806396484375,0.46745000000000003
-3.4002685546875,0.4675
-3.22998046875,0.46755
-3.22723388671875,0.4676
-3.13018798828125,0.46765
-2.83233642578125,0.4677
-3.17901611328125,0.46775
-3.26995849609375,0.4678
-3.19488525390625,0.46785
-3.0364990234375,0.4679
-3.41583251953125,0.46795000000000003
-3.22479248046875,0.468
-3.3551025390625,0.46805
-3.08746337890625,0.4681
-3.06732177734375,0.46815
-3.1329345703125,0.4682
-3.18756103515625,0.46825
-3.212890625,0.4683
-3.270263671875,0.46835
-3.24951171875,0.46840000000000004
-3.08380126953125,0.46845000000000003
-3.25347900390625,0.4685
-2.85064697265625,0.46855
-3.29833984375,0.4686
-3.58795166015625,0.46865
-3.3929443359375,0.4687
-3.3087158203125,0.46875
-3.377685546875,0.4688
-3.42559814453125,0.46885
-3.23272705078125,0.4689
-3.4600830078125,0.46895000000000003
-3.385009765625,0.46900000000000003
-3.12713623046875,0.46905
-3.2891845703125,0.4691
-3.36517333984375,0.46915
-3.3782958984375,0.4692
-3.14239501953125,0.46925
-3.39080810546875,0.4693
-3.3734130859375,0.46935
-3.22509765625,0.46940000000000004
-3.382568359375,0.46945000000000003
-3.702392578125,0.46950000000000003
-3.2586669921875,0.46955
-3.22418212890625,0.4696
-3.4100341796875,0.46965
-3.0816650390625,0.4697
-3.3721923828125,0.46975
-2.87567138671875,0.4698
-3.33160400390625,0.46985
-3.1365966796875,0.4699
-3.0657958984375,0.46995000000000003
-3.45733642578125,0.47000000000000003
-3.41522216796875,0.47005
-3.1781005859375,0.4701
-3.385009765625,0.47015
-2.9302978515625,0.4702
-3.16253662109375,0.47025
-3.30352783203125,0.4703
-3.3978271484375,0.47035
-2.93701171875,0.47040000000000004
-3.21563720703125,0.47045000000000003
-3.2110595703125,0.47050000000000003
-3.01361083984375,0.47055
-3.31146240234375,0.4706
-3.2073974609375,0.47065
-3.02734375,0.4707
-2.879638671875,0.47075
-3.04718017578125,0.4708
-3.0841064453125,0.47085
-3.1591796875,0.4709
-2.96356201171875,0.47095000000000004
-3.0999755859375,0.47100000000000003
-2.65594482421875,0.47105
-2.99591064453125,0.4711
-2.978515625,0.47115
-3.0224609375,0.4712
-2.8192138671875,0.47125
-2.98828125,0.4713
-2.8155517578125,0.47135
-3.00445556640625,0.47140000000000004
-2.9327392578125,0.47145000000000004
-3.19183349609375,0.47150000000000003
-3.0157470703125,0.47155
-2.93365478515625,0.4716
-3.05755615234375,0.47165
-2.9412841796875,0.4717
-3.06060791015625,0.47175
-3.08197021484375,0.4718
-3.0908203125,0.47185
-2.88055419921875,0.4719
-3.1298828125,0.47195000000000004
-3.21380615234375,0.47200000000000003
-2.84088134765625,0.47205
-3.0535888671875,0.4721
-2.791748046875,0.47215
-2.51953125,0.4722
-2.8790283203125,0.47225
-2.88177490234375,0.4723
-2.82196044921875,0.47235
-2.71392822265625,0.4724
-2.83538818359375,0.47245000000000004
-3.03314208984375,0.47250000000000003
-2.7923583984375,0.47255
-2.76214599609375,0.4726
-2.9168701171875,0.47265
-2.81768798828125,0.4727
-2.62939453125,0.47275
-3.0303955078125,0.4728
-2.64801025390625,0.47285
-2.79998779296875,0.4729
-2.93060302734375,0.47295000000000004
-2.83721923828125,0.47300000000000003
-2.59735107421875,0.47305
-2.60894775390625,0.4731
-3.0072021484375,0.47315
-2.94158935546875,0.4732
-2.66632080078125,0.47325
-2.711181640625,0.4733
-2.8521728515625,0.47335
-2.88177490234375,0.4734
-2.92236328125,0.47345000000000004
-3.1964111328125,0.47350000000000003
-2.5634765625,0.47355
-2.886962890625,0.4736
-2.76092529296875,0.47365
-2.8228759765625,0.4737
-2.7838134765625,0.47375
-2.89459228515625,0.4738
-2.71575927734375,0.47385
-2.728271484375,0.4739
-2.85491943359375,0.47395000000000004
-2.98828125,0.47400000000000003
-2.6702880859375,0.47405
-2.53662109375,0.4741
-2.88970947265625,0.47415
-2.50244140625,0.4742
-2.60101318359375,0.47425
-2.56866455078125,0.4743
-2.6348876953125,0.47435
-2.42095947265625,0.4744
-2.7899169921875,0.47445000000000004
-2.83966064453125,0.47450000000000003
-2.9296875,0.47455
-2.919921875,0.4746
-3.0859375,0.47465
-2.728271484375,0.4747
-2.8125,0.47475
-2.94342041015625,0.4748
-2.96966552734375,0.47485
-3.0462646484375,0.4749
-2.92877197265625,0.47495
-3.1402587890625,0.475
-2.75909423828125,0.47505000000000003
-3.11004638671875,0.4751
-3.24676513671875,0.47515
-2.85369873046875,0.4752
-3.07037353515625,0.47525
-3.00018310546875,0.4753
-2.94036865234375,0.47535
-3.321533203125,0.4754
-3.1475830078125,0.47545
-2.9827880859375,0.47550000000000003
-2.8924560546875,0.47555000000000003
-2.9339599609375,0.4756
-3.0755615234375,0.47565
-2.8607177734375,0.4757
-2.7850341796875,0.47575
-2.91290283203125,0.4758
-2.52716064453125,0.47585
-2.8472900390625,0.4759
-2.9498291015625,0.47595
-3.1195068359375,0.476
-2.8302001953125,0.47605000000000003
-3.25347900390625,0.4761
-3.02642822265625,0.47615
-2.91259765625,0.4762
-3.24493408203125,0.47625
-3.34564208984375,0.4763
-3.42437744140625,0.47635
-3.00689697265625,0.4764
-3.206787109375,0.47645
-3.32672119140625,0.4765
-3.1817626953125,0.47655000000000003
-3.19610595703125,0.4766
-3.31512451171875,0.47665
-2.8076171875,0.4767
-3.17047119140625,0.47675
-3.04962158203125,0.4768
-3.0706787109375,0.47685
-2.88421630859375,0.4769
-3.33648681640625,0.47695
-3.0828857421875,0.477
-3.2513427734375,0.47705000000000003
-3.260498046875,0.4771
-3.28521728515625,0.47715
-3.12530517578125,0.4772
-2.901611328125,0.47725
-3.11614990234375,0.4773
-2.7703857421875,0.47735
-3.0609130859375,0.4774
-2.99224853515625,0.47745
-2.9608154296875,0.4775
-2.79754638671875,0.47755000000000003
-2.88482666015625,0.4776
-3.1207275390625,0.47765
-3.3050537109375,0.4777
-3.1524658203125,0.47775
-3.28338623046875,0.4778
-3.27789306640625,0.47785
-3.48419189453125,0.4779
-3.50830078125,0.47795
-3.6871337890625,0.478
-3.26873779296875,0.47805000000000003
-3.3154296875,0.4781
-3.37799072265625,0.47815
-3.280029296875,0.4782
-3.43658447265625,0.47825
-3.24066162109375,0.4783
-3.01300048828125,0.47835
-2.9791259765625,0.4784
-3.2098388671875,0.47845
-3.089599609375,0.4785
-3.27362060546875,0.47855000000000003
-3.2421875,0.4786
-3.1488037109375,0.47865
-3.0560302734375,0.4787
-3.15277099609375,0.47875
-2.904052734375,0.4788
-2.991943359375,0.47885
-2.90618896484375,0.4789
-2.79815673828125,0.47895
-3.00537109375,0.479
-2.9730224609375,0.47905
-3.162841796875,0.4791
-3.01055908203125,0.47915
-2.79815673828125,0.4792
-2.94921875,0.47925
-3.03802490234375,0.4793
-3.03802490234375,0.47935
-3.1732177734375,0.4794
-3.316650390625,0.47945
-3.27789306640625,0.4795
-3.1549072265625,0.47955000000000003
-3.309326171875,0.4796
-3.47412109375,0.47965
-3.02978515625,0.4797
-3.21563720703125,0.47975
-3.1011962890625,0.4798
-2.90740966796875,0.47985
-3.13873291015625,0.4799
-2.9296875,0.47995
-3.1072998046875,0.48
-2.8948974609375,0.48005
-3.18359375,0.4801
-2.7874755859375,0.48015
-2.77008056640625,0.4802
-2.91961669921875,0.48025
-3.12835693359375,0.4803
-2.77313232421875,0.48035
-2.969970703125,0.4804
-3.0316162109375,0.48045
-2.93121337890625,0.4805
-3.07830810546875,0.48055000000000003
-2.982177734375,0.4806
-3.02703857421875,0.48065
-2.66265869140625,0.4807
-2.84332275390625,0.48075
-2.8680419921875,0.4808
-2.9327392578125,0.48085
-2.84088134765625,0.4809
-2.69073486328125,0.48095
-2.79510498046875,0.481
-3.09417724609375,0.48105
-3.16864013671875,0.4811
-3.228759765625,0.48115
-2.955322265625,0.4812
-3.1317138671875,0.48125
-3.0078125,0.4813
-3.13140869140625,0.48135
-3.209228515625,0.4814
-3.232421875,0.48145
-3.2647705078125,0.4815
-3.2696533203125,0.48155000000000003
-3.29498291015625,0.48160000000000003
-3.2806396484375,0.48165
-3.24005126953125,0.4817
-3.30230712890625,0.48175
-3.43719482421875,0.4818
-3.20953369140625,0.48185
-3.58184814453125,0.4819
-3.48419189453125,0.48195
-3.50616455078125,0.482
-3.49395751953125,0.48205
-3.4600830078125,0.48210000000000003
-3.602294921875,0.48215
-3.98162841796875,0.4822
-3.7799072265625,0.48225
-3.79364013671875,0.4823
-3.6187744140625,0.48235
-3.66973876953125,0.4824
-3.49761962890625,0.48245
-3.64013671875,0.4825
-3.487548828125,0.48255
-3.531494140625,0.48260000000000003
-3.3709716796875,0.48265
-3.17352294921875,0.4827
-3.3258056640625,0.48275
-3.26416015625,0.4828
-2.98797607421875,0.48285
-3.12530517578125,0.4829
-3.092041015625,0.48295
-2.97698974609375,0.483
-3.0322265625,0.48305
-2.96112060546875,0.48310000000000003
-3.21197509765625,0.48315
-2.58575439453125,0.4832
-2.82135009765625,0.48325
-2.40753173828125,0.4833
-2.4224853515625,0.48335
-2.49053955078125,0.4834
-2.58697509765625,0.48345
-2.12249755859375,0.4835
-2.36419677734375,0.48355
-2.60467529296875,0.48360000000000003
-2.6263427734375,0.48365
-2.78228759765625,0.4837
-2.6617431640625,0.48375
-2.70843505859375,0.4838
-2.8411865234375,0.48385
-3.03070068359375,0.4839
-3.360595703125,0.48395
-3.411865234375,0.484
-3.07861328125,0.48405
-3.2794189453125,0.48410000000000003
-3.18511962890625,0.48415
-3.2220458984375,0.4842
-3.4674072265625,0.48425
-3.2965087890625,0.4843
-2.943115234375,0.48435
-3.21533203125,0.4844
-2.97393798828125,0.48445
-2.97454833984375,0.4845
-2.97119140625,0.48455
-3.04718017578125,0.48460000000000003
-3.04412841796875,0.48465
-2.80517578125,0.4847
-2.94647216796875,0.48475
-2.918701171875,0.4848
-3.02337646484375,0.48485
-2.7593994140625,0.4849
-3.11767578125,0.48495
-2.7166748046875,0.485
-3.0035400390625,0.48505
-3.16070556640625,0.48510000000000003
-2.9693603515625,0.48515
-2.86956787109375,0.4852
-2.738037109375,0.48525
-2.7545166015625,0.4853
-3.1622314453125,0.48535
-2.93792724609375,0.4854
-2.78717041015625,0.48545
-2.9644775390625,0.4855
-2.83203125,0.48555
-3.07861328125,0.48560000000000003
-3.25531005859375,0.48565
-2.8887939453125,0.4857
-3.21746826171875,0.48575
-3.0859375,0.4858
-2.91839599609375,0.48585
-3.2623291015625,0.4859
-3.10211181640625,0.48595
-3.08197021484375,0.486
-3.193359375,0.48605
-3.09539794921875,0.4861
-3.0908203125,0.48615
-3.0657958984375,0.4862
-3.216552734375,0.48625
-3.41033935546875,0.4863
-2.8277587890625,0.48635
-3.15643310546875,0.4864
-3.218994140625,0.48645
-3.00201416015625,0.4865
-2.9364013671875,0.48655
-3.2403564453125,0.48660000000000003
-2.8704833984375,0.48665
-2.96661376953125,0.4867
-3.4429931640625,0.48675
-3.3868408203125,0.4868
-3.260498046875,0.48685
-3.2415771484375,0.4869
-3.08929443359375,0.48695
-3.328857421875,0.487
-3.37738037109375,0.48705
-3.55255126953125,0.4871
-3.62274169921875,0.48715
-3.05877685546875,0.4872
-3.34503173828125,0.48725
-3.24920654296875,0.4873
-3.06060791015625,0.48735
-3.2769775390625,0.4874
-3.4307861328125,0.48745
-3.14483642578125,0.4875
-3.2586669921875,0.48755
-3.2525634765625,0.48760000000000003
-3.46343994140625,0.48765000000000003
-3.33251953125,0.4877
-3.22113037109375,0.48775
-3.32061767578125,0.4878
-2.9541015625,0.48785
-3.2476806640625,0.4879
-3.17108154296875,0.48795
-3.0755615234375,0.488
-2.79449462890625,0.48805
-3.4130859375,0.4881
-3.03436279296875,0.48815000000000003
-3.35906982421875,0.4882
-3.22906494140625,0.48825
-3.19976806640625,0.4883
-3.09814453125,0.48835
-3.40118408203125,0.4884
-3.40789794921875,0.48845
-3.5821533203125,0.4885
-3.30902099609375,0.48855
-3.34259033203125,0.4886
-3.2293701171875,0.48865000000000003
-3.16131591796875,0.4887
-3.2391357421875,0.48875
-3.30108642578125,0.4888
-2.98980712890625,0.48885
-2.95623779296875,0.4889
-3.15216064453125,0.48895
-2.9730224609375,0.489
-3.2525634765625,0.48905
-3.240966796875,0.4891
-3.111572265625,0.48915000000000003
-3.0938720703125,0.4892
-3.1756591796875,0.48925
-3.0926513671875,0.4893
-3.4783935546875,0.48935
-3.26263427734375,0.4894
-3.28582763671875,0.48945
-2.95196533203125,0.4895
-3.16436767578125,0.48955
-3.36822509765625,0.4896
-3.25439453125,0.48965000000000003
-3.02734375,0.4897
-2.99102783203125,0.48975
-2.9693603515625,0.4898
-3.02276611328125,0.48985
-3.19427490234375,0.4899
-3.0682373046875,0.48995
-3.07830810546875,0.49
-3.05145263671875,0.49005
-3.15338134765625,0.4901
-3.14788818359375,0.49015000000000003
-2.94464111328125,0.4902
-3.1689453125,0.49025
-3.24798583984375,0.4903
-2.82440185546875,0.49035
-2.8839111328125,0.4904
-2.85125732421875,0.49045
-2.88116455078125,0.4905
-2.73468017578125,0.49055
-2.861328125,0.4906
-2.6300048828125,0.49065000000000003
-2.55889892578125,0.4907
-2.908935546875,0.49075
-2.88909912109375,0.4908
-2.633056640625,0.49085
-2.8192138671875,0.4909
-3.106689453125,0.49095
-3.07708740234375,0.491
-3.12103271484375,0.49105
-2.89764404296875,0.4911
-2.83599853515625,0.49115000000000003
-2.579345703125,0.4912
-2.919921875,0.49125
-2.81646728515625,0.4913
-2.71026611328125,0.49135
-2.626953125,0.4914
-2.72918701171875,0.49145
-2.720947265625,0.4915
-2.6458740234375,0.49155
-2.7825927734375,0.4916
-3.05206298828125,0.49165000000000003
-2.73193359375,0.4917
-2.972412109375,0.49175
-2.98126220703125,0.4918
-2.840576171875,0.49185
-3.074951171875,0.4919
-3.03009033203125,0.49195
-2.9339599609375,0.492
-2.49359130859375,0.49205
-2.60833740234375,0.4921
-2.68157958984375,0.49215000000000003
-2.8533935546875,0.4922
-2.58636474609375,0.49225
-2.76702880859375,0.4923
-2.50244140625,0.49235
-2.76458740234375,0.4924
-2.90069580078125,0.49245
-2.95806884765625,0.4925
-2.705078125,0.49255
-2.83905029296875,0.4926
-2.8961181640625,0.49265000000000003
-2.99835205078125,0.4927
-3.00537109375,0.49275
-3.021240234375,0.4928
-2.628173828125,0.49285
-2.9949951171875,0.4929
-3.0517578125,0.49295
-3.15460205078125,0.493
-3.099365234375,0.49305
-3.0224609375,0.4931
-3.271484375,0.49315
-2.89154052734375,0.4932
-3.14727783203125,0.49325
-3.21502685546875,0.4933
-3.08746337890625,0.49335
-3.1451416015625,0.4934
-3.135986328125,0.49345
-3.01971435546875,0.4935
-3.1658935546875,0.49355
-3.33892822265625,0.4936
-3.36669921875,0.49365000000000003
-2.9132080078125,0.4937
-3.05206298828125,0.49375
-3.3233642578125,0.4938
-3.15399169921875,0.49385
-3.16986083984375,0.4939
-3.13201904296875,0.49395
-2.90924072265625,0.494
-3.01971435546875,0.49405
-3.19366455078125,0.4941
-3.214111328125,0.49415
-3.09814453125,0.49420000000000003
-2.97943115234375,0.49425
-3.2757568359375,0.4943
-3.0133056640625,0.49435
-3.226318359375,0.4944
-3.34808349609375,0.49445
-3.1805419921875,0.4945
-3.09295654296875,0.49455
-3.21258544921875,0.4946
-2.98614501953125,0.49465
-2.87445068359375,0.49470000000000003
-3.194580078125,0.49475
-3.24066162109375,0.4948
-2.98370361328125,0.49485
-2.9803466796875,0.4949
-2.8143310546875,0.49495
-2.99835205078125,0.495
-2.98553466796875,0.49505
-2.87994384765625,0.4951
-2.99835205078125,0.49515
-2.5750732421875,0.49520000000000003
-2.94525146484375,0.49525
-3.0389404296875,0.4953
-2.8387451171875,0.49535
-2.78106689453125,0.4954
-3.1585693359375,0.49545
-2.73681640625,0.4955
-3.094482421875,0.49555
-3.08135986328125,0.4956
-3.08258056640625,0.49565
-2.82684326171875,0.49570000000000003
-3.01605224609375,0.49575
-3.2049560546875,0.4958
-3.08258056640625,0.49585
-3.16253662109375,0.4959
-2.9827880859375,0.49595
-3.050537109375,0.496
-2.7313232421875,0.49605
-2.79937744140625,0.4961
-3.079833984375,0.49615
-2.83905029296875,0.49620000000000003
-3.0242919921875,0.49625
-3.21319580078125,0.4963
-2.8289794921875,0.49635
-3.13323974609375,0.4964
-3.182373046875,0.49645
-2.98309326171875,0.4965
-3.02001953125,0.49655
-2.806396484375,0.4966
-2.96875,0.49665
-3.1683349609375,0.49670000000000003
-3.038330078125,0.49675
-3.2037353515625,0.4968
-2.80853271484375,0.49685
-2.98309326171875,0.4969
-3.00537109375,0.49695
-2.88116455078125,0.497
-2.85491943359375,0.49705
-2.75390625,0.4971
-2.9742431640625,0.49715
-2.93304443359375,0.49720000000000003
-3.04779052734375,0.49725
-2.991943359375,0.4973
-2.85369873046875,0.49735
-2.79205322265625,0.4974
-2.94219970703125,0.49745
-2.669677734375,0.4975
-2.965087890625,0.49755
-3.140869140625,0.4976
-3.12713623046875,0.49765
-2.93243408203125,0.49770000000000003
-3.0755615234375,0.49775
-3.0584716796875,0.4978
-2.7410888671875,0.49785
-3.01177978515625,0.4979
-3.13873291015625,0.49795
-2.9852294921875,0.498
-2.7825927734375,0.49805
-2.83905029296875,0.4981
-2.96600341796875,0.49815
-2.9449462890625,0.49820000000000003
-2.92266845703125,0.49825
-3.07464599609375,0.4983
-2.90557861328125,0.49835
-3.06793212890625,0.4984
-3.01055908203125,0.49845
-2.97119140625,0.4985
-2.8094482421875,0.49855
-2.91412353515625,0.4986
-2.7960205078125,0.49865
-3.03375244140625,0.49870000000000003
-2.91046142578125,0.49875
-2.93701171875,0.4988
-2.78106689453125,0.49885
-2.70172119140625,0.4989
-2.974853515625,0.49895
-3.01116943359375,0.499
-3.06549072265625,0.49905
-3.03741455078125,0.4991
-3.0877685546875,0.49915
-2.80517578125,0.49920000000000003
-2.99407958984375,0.49925
-3.04107666015625,0.4993
-3.0303955078125,0.49935
-2.9107666015625,0.4994
-3.04534912109375,0.49945
-2.91351318359375,0.4995
-3.26141357421875,0.49955
-3.25164794921875,0.4996
-3.19976806640625,0.49965
-2.974853515625,0.49970000000000003
-3.28582763671875,0.49975
-3.2586669921875,0.4998
-3.24493408203125,0.49985
-3.197021484375,0.4999
-3.21319580078125,0.49995
-3.125,0.5
-2.99560546875,0.50005
-3.37493896484375,0.5001
-3.17718505859375,0.50015
-3.057861328125,0.5002
-3.14971923828125,0.50025
-3.4857177734375,0.5003
-3.2464599609375,0.50035
-3.3905029296875,0.5004
-3.4967041015625,0.50045
-3.614501953125,0.5005
-3.1982421875,0.50055
-3.16162109375,0.5006
-3.260498046875,0.50065
-3.04656982421875,0.5007
-3.43597412109375,0.50075
-3.41644287109375,0.5008
-3.309326171875,0.50085
-3.2489013671875,0.5009
-3.32122802734375,0.50095
-3.41766357421875,0.501
-3.17718505859375,0.50105
-3.43017578125,0.5011
-3.25042724609375,0.50115
-3.03436279296875,0.5012
-3.4881591796875,0.50125
-3.468017578125,0.5013
-3.06610107421875,0.50135
-3.35205078125,0.5014
-3.1671142578125,0.50145
-3.22479248046875,0.5015
-3.24554443359375,0.50155
-2.9815673828125,0.5016
-3.22265625,0.50165
-3.10272216796875,0.5017
-2.9803466796875,0.50175
-3.3636474609375,0.5018
-3.2147216796875,0.50185
-3.2843017578125,0.5019
-3.238525390625,0.50195
-3.021240234375,0.502
-3.189697265625,0.50205
-3.46099853515625,0.5021
-3.49761962890625,0.50215
-3.4210205078125,0.5022
-3.37799072265625,0.50225
-3.63525390625,0.5023
-3.10333251953125,0.50235
-3.3935546875,0.5024
-3.35174560546875,0.50245
-3.524169921875,0.5025
-3.17291259765625,0.50255
-3.05267333984375,0.5026
-3.25469970703125,0.50265
-3.421630859375,0.5027
-3.51593017578125,0.50275
-3.5528564453125,0.5028
-3.14208984375,0.50285
-3.47900390625,0.5029
-3.71429443359375,0.50295
-3.642578125,0.503
-3.58123779296875,0.50305
-3.58306884765625,0.5031
-3.5174560546875,0.50315
-3.59954833984375,0.5032
-3.50067138671875,0.50325
-3.64166259765625,0.5033
-3.56658935546875,0.50335
-3.33251953125,0.5034
-3.64471435546875,0.50345
-3.35113525390625,0.5035
-3.42254638671875,0.50355
-3.61541748046875,0.5036
-3.697509765625,0.50365
-3.3160400390625,0.5037
-3.2012939453125,0.50375
-3.515625,0.5038
-3.31512451171875,0.50385
-3.482666015625,0.5039
-3.4588623046875,0.50395
-3.25653076171875,0.504
-3.046875,0.50405
-3.46099853515625,0.5041
-3.44329833984375,0.50415
-3.10333251953125,0.5042
-3.2843017578125,0.50425
-3.509521484375,0.5043
-2.96661376953125,0.50435
-3.2958984375,0.5044
-3.326416015625,0.50445
-3.2049560546875,0.5045
-2.99713134765625,0.50455
-3.1005859375,0.5046
-3.06732177734375,0.50465
-3.04534912109375,0.5047
-2.88726806640625,0.50475
-3.18328857421875,0.5048
-3.023681640625,0.50485
-2.81341552734375,0.5049
-3.41217041015625,0.50495
-3.2867431640625,0.505
-3.15032958984375,0.50505
-3.135986328125,0.5051
-2.89581298828125,0.50515
-2.7099609375,0.5052
-3.17901611328125,0.50525
-3.16131591796875,0.5053
-3.00994873046875,0.50535
-3.0511474609375,0.5054
-3.062744140625,0.50545
-3.0224609375,0.5055
-3.18695068359375,0.50555
-3.160400390625,0.5056
-3.388671875,0.50565
-3.1085205078125,0.5057
-3.35784912109375,0.50575
-3.71978759765625,0.5058
-3.5650634765625,0.50585
-3.68988037109375,0.5059
-3.88763427734375,0.50595
-3.4228515625,0.506
-3.504638671875,0.50605
-3.6590576171875,0.5061
-3.6676025390625,0.50615
-3.50311279296875,0.5062
-3.78662109375,0.50625
-3.55255126953125,0.5063
-3.52874755859375,0.50635
-3.63922119140625,0.5064
-3.9495849609375,0.50645
-3.69110107421875,0.5065
-3.09051513671875,0.5065500000000001
-3.61724853515625,0.5066
-3.37890625,0.50665
-3.34564208984375,0.5067
-3.51409912109375,0.50675
-3.7005615234375,0.5068
-3.1939697265625,0.50685
-3.59100341796875,0.5069
-3.6474609375,0.50695
-3.44329833984375,0.507
-3.5626220703125,0.50705
-3.42132568359375,0.5071
-3.30474853515625,0.50715
-3.19305419921875,0.5072
-3.23760986328125,0.50725
-3.29559326171875,0.5073
-2.87994384765625,0.50735
-2.8521728515625,0.5074
-3.1402587890625,0.50745
-2.574462890625,0.5075
-2.9058837890625,0.50755
-2.70782470703125,0.5076
-2.8424072265625,0.50765
-2.6300048828125,0.5077
-2.80487060546875,0.50775
-2.74688720703125,0.5078
-3.02001953125,0.50785
-2.9632568359375,0.5079
-3.25836181640625,0.50795
-2.73956298828125,0.508
-2.7587890625,0.50805
-3.5198974609375,0.5081
-3.42132568359375,0.50815
-3.314208984375,0.5082
-3.02490234375,0.50825
-3.3258056640625,0.5083
-2.92327880859375,0.50835
-3.455810546875,0.5084
-3.40423583984375,0.50845
-3.17657470703125,0.5085
-3.20709228515625,0.50855
-3.29681396484375,0.5086
-3.1219482421875,0.50865
-3.24798583984375,0.5087
-3.22662353515625,0.50875
-3.42132568359375,0.5088
-2.9718017578125,0.50885
-2.9132080078125,0.5089
-3.2159423828125,0.50895
-2.98492431640625,0.509
-2.89764404296875,0.50905
-2.88787841796875,0.5091
-2.6031494140625,0.50915
-2.74993896484375,0.5092
-2.65045166015625,0.50925
-2.7130126953125,0.5093
-2.7447509765625,0.50935
-2.42767333984375,0.5094
-2.7716064453125,0.50945
-2.7130126953125,0.5095
-2.76580810546875,0.50955
-2.81402587890625,0.5096
-2.6226806640625,0.50965
-2.54608154296875,0.5097
-2.91412353515625,0.50975
-2.7099609375,0.5098
-2.64312744140625,0.50985
-2.657470703125,0.5099
-2.91534423828125,0.50995
-2.37640380859375,0.51
-2.628173828125,0.51005
-2.67333984375,0.5101
-2.4139404296875,0.51015
-2.61383056640625,0.5102
-2.75848388671875,0.51025
-2.828369140625,0.5103
-2.85400390625,0.51035
-2.98828125,0.5104
-3.2965087890625,0.51045
-2.89459228515625,0.5105
-2.91412353515625,0.51055
-3.26263427734375,0.5106
-2.87200927734375,0.51065
-2.98004150390625,0.5107
-2.86956787109375,0.51075
-2.83599853515625,0.5108
-2.984619140625,0.51085
-2.96173095703125,0.5109
-3.0291748046875,0.51095
-3.218994140625,0.511
-2.960205078125,0.51105
-2.9998779296875,0.5111
-3.0242919921875,0.51115
-3.05755615234375,0.5112
-3.4893798828125,0.51125
-3.380126953125,0.5113
-3.23822021484375,0.51135
-3.0303955078125,0.5114
-3.41400146484375,0.51145
-3.04046630859375,0.5115
-3.197021484375,0.51155
-3.24798583984375,0.5116
-2.957763671875,0.51165
-3.0560302734375,0.5117
-3.0621337890625,0.51175
-3.13018798828125,0.5118
-3.177490234375,0.51185
-3.153076171875,0.5119
-3.26171875,0.51195
-3.00567626953125,0.512
-3.10546875,0.51205
-3.211669921875,0.5121
-3.3477783203125,0.51215
-3.18450927734375,0.5122
-3.52630615234375,0.51225
-3.34869384765625,0.5123
-3.4014892578125,0.51235
-3.3642578125,0.5124
-3.50830078125,0.51245
-3.14239501953125,0.5125
-2.85064697265625,0.51255
-3.21929931640625,0.5126
-3.21502685546875,0.51265
-3.11248779296875,0.5127
-3.0322265625,0.51275
-3.1048583984375,0.5128
-3.04779052734375,0.51285
-3.1524658203125,0.5129
-3.20526123046875,0.51295
-3.08380126953125,0.513
-3.017578125,0.51305
-3.18145751953125,0.5131
-2.8570556640625,0.51315
-2.9766845703125,0.5132
-3.07373046875,0.51325
-3.02276611328125,0.5133
-2.686767578125,0.51335
-2.66265869140625,0.5134
-2.806396484375,0.51345
-2.68280029296875,0.5135
-2.8466796875,0.51355
-2.9052734375,0.5136000000000001
-2.57659912109375,0.51365
-2.9119873046875,0.5137
-3.04107666015625,0.51375
-2.9669189453125,0.5138
-2.98492431640625,0.51385
-2.73193359375,0.5139
-3.07586669921875,0.51395
-2.9345703125,0.514
-3.06549072265625,0.51405
-3.19610595703125,0.5141
-3.0548095703125,0.51415
-3.0926513671875,0.5142
-3.248291015625,0.51425
-3.07159423828125,0.5143
-3.21319580078125,0.51435
-3.38226318359375,0.5144
-3.41400146484375,0.51445
-3.212890625,0.5145
-3.0828857421875,0.51455
-3.23150634765625,0.5146
-2.9010009765625,0.51465
-3.0780029296875,0.5147
-3.07830810546875,0.51475
-3.1805419921875,0.5148
-2.79815673828125,0.51485
-2.935791015625,0.5149
-3.3642578125,0.51495
-3.0859375,0.515
-2.93243408203125,0.51505
-3.19000244140625,0.5151
-2.66265869140625,0.51515
-2.98004150390625,0.5152
-2.97760009765625,0.51525
-2.85919189453125,0.5153
-2.96905517578125,0.51535
-2.76336669921875,0.5154
-2.89642333984375,0.51545
-3.08563232421875,0.5155
-2.8192138671875,0.51555
-3.05267333984375,0.5156
-3.023681640625,0.51565
-2.8125,0.5157
-3.4228515625,0.51575
-3.20587158203125,0.5158
-3.33404541015625,0.51585
-3.2720947265625,0.5159
-3.2281494140625,0.51595
-3.21868896484375,0.516
-3.25439453125,0.51605
-3.20465087890625,0.5161
-3.233642578125,0.51615
-3.03314208984375,0.5162
-2.99713134765625,0.51625
-3.04718017578125,0.5163
-2.98736572265625,0.51635
-3.16558837890625,0.5164
-3.41461181640625,0.51645
-2.82073974609375,0.5165
-2.95379638671875,0.51655
-2.9736328125,0.5166
-3.07159423828125,0.51665
-3.04290771484375,0.5167
-3.22418212890625,0.51675
-2.79144287109375,0.5168
-3.0743408203125,0.51685
-3.29742431640625,0.5169
-3.311767578125,0.51695
-3.02581787109375,0.517
-2.667236328125,0.51705
-3.11126708984375,0.5171
-3.04779052734375,0.51715
-2.95654296875,0.5172
-3.05694580078125,0.51725
-3.25469970703125,0.5173
-3.01666259765625,0.51735
-3.43719482421875,0.5174
-3.1011962890625,0.51745
-3.11614990234375,0.5175
-3.46893310546875,0.51755
-3.4039306640625,0.5176
-3.14056396484375,0.51765
-3.20587158203125,0.5177
-3.06671142578125,0.51775
-3.2159423828125,0.5178
-3.1195068359375,0.51785
-3.24432373046875,0.5179
-3.1365966796875,0.51795
-2.7301025390625,0.518
-3.209228515625,0.51805
-3.23455810546875,0.5181
-3.1488037109375,0.51815
-2.95074462890625,0.5182
-3.3892822265625,0.51825
-2.97332763671875,0.5183
-3.26934814453125,0.51835
-3.34747314453125,0.5184
-3.18206787109375,0.51845
-3.05389404296875,0.5185
-3.13385009765625,0.51855
-3.14483642578125,0.5186
-3.09661865234375,0.51865
-3.11859130859375,0.5187
-2.86376953125,0.51875
-2.91290283203125,0.5188
-2.76519775390625,0.51885
-3.20037841796875,0.5189
-3.31024169921875,0.51895
-3.22540283203125,0.519
-3.1475830078125,0.51905
-3.0914306640625,0.5191
-3.10028076171875,0.51915
-3.35662841796875,0.5192
-3.089599609375,0.51925
-3.211669921875,0.5193
-2.93304443359375,0.51935
-3.08013916015625,0.5194
-3.082275390625,0.51945
-3.10546875,0.5195
-3.13934326171875,0.51955
-3.2037353515625,0.5196
-2.84088134765625,0.51965
-2.86651611328125,0.5197
-3.16680908203125,0.51975
-3.2354736328125,0.5198
-2.900390625,0.51985
-3.18939208984375,0.5199
-2.79754638671875,0.51995
-3.19244384765625,0.52
-3.17840576171875,0.52005
-2.9833984375,0.5201
-3.05145263671875,0.52015
-2.9156494140625,0.5202
-2.91107177734375,0.52025
-3.10455322265625,0.5203
-2.98431396484375,0.52035
-3.118896484375,0.5204
-3.16986083984375,0.52045
-2.84149169921875,0.5205
-3.01971435546875,0.52055
-2.98126220703125,0.5206
-2.84942626953125,0.5206500000000001
-2.94952392578125,0.5207
-3.24310302734375,0.52075
-2.91259765625,0.5208
-3.03558349609375,0.52085
-3.17718505859375,0.5209
-3.33740234375,0.52095
-2.9168701171875,0.521
-3.17108154296875,0.52105
-2.87017822265625,0.5211
-2.87078857421875,0.52115
-3.0755615234375,0.5212
-2.94281005859375,0.52125
-2.96661376953125,0.5213
-2.86468505859375,0.52135
-3.13232421875,0.5214
-2.77130126953125,0.52145
-2.85003662109375,0.5215
-2.95623779296875,0.52155
-3.028564453125,0.5216
-2.8472900390625,0.52165
-3.0377197265625,0.5217
-3.0474853515625,0.52175
-3.17535400390625,0.5218
-3.0792236328125,0.52185
-3.0755615234375,0.5219
-2.977294921875,0.52195
-2.74658203125,0.522
-2.9376220703125,0.52205
-2.9278564453125,0.5221
-2.89520263671875,0.52215
-2.74139404296875,0.5222
-2.637939453125,0.52225
-2.90191650390625,0.5223
-2.99346923828125,0.52235
-2.984619140625,0.5224
-2.85003662109375,0.52245
-2.61016845703125,0.5225
-2.93731689453125,0.52255
-2.70782470703125,0.5226
-2.88116455078125,0.52265
-2.86102294921875,0.5227
-3.02764892578125,0.52275
-2.8912353515625,0.5228
-2.9541015625,0.52285
-2.97210693359375,0.5229
-2.97393798828125,0.52295
-2.5897216796875,0.523
-2.83416748046875,0.52305
-2.8717041015625,0.5231
-2.80242919921875,0.52315
-3.0133056640625,0.5232
-2.8302001953125,0.52325
-2.86163330078125,0.5233
-2.8668212890625,0.52335
-2.94219970703125,0.5234
-3.2940673828125,0.52345
-3.2696533203125,0.5235
-3.260498046875,0.52355
-3.23577880859375,0.5236
-3.14422607421875,0.52365
-3.24432373046875,0.5237
-3.04412841796875,0.52375
-3.153076171875,0.5238
-2.9376220703125,0.52385
-3.15338134765625,0.5239
-3.0096435546875,0.52395
-2.8985595703125,0.524
-3.167724609375,0.52405
-3.0841064453125,0.5241
-2.88482666015625,0.52415
-3.27362060546875,0.5242
-3.23760986328125,0.52425
-3.4393310546875,0.5243
-3.409423828125,0.52435
-3.39599609375,0.5244
-3.26995849609375,0.52445
-3.035888671875,0.5245
-3.3270263671875,0.52455
-2.9705810546875,0.5246
-3.0548095703125,0.52465
-3.04779052734375,0.5246999999999999
-2.9669189453125,0.52475
-2.87689208984375,0.5248
-2.96173095703125,0.52485
-2.98614501953125,0.5249
-3.38134765625,0.52495
-3.1695556640625,0.525
-3.194580078125,0.52505
-3.02947998046875,0.5251
-3.09967041015625,0.52515
-3.201904296875,0.5252
-3.33831787109375,0.52525
-3.2574462890625,0.5253000000000001
-2.95806884765625,0.5253500000000001
-3.01361083984375,0.5254000000000001
-3.280029296875,0.5254500000000001
-3.08929443359375,0.5255000000000001
-3.06396484375,0.5255500000000001
-2.940673828125,0.5256000000000001
-2.6885986328125,0.5256500000000001
-3.08563232421875,0.5257000000000001
-2.9119873046875,0.52575
-2.88726806640625,0.5258
-2.8753662109375,0.52585
-3.0828857421875,0.5259
-2.9278564453125,0.52595
-3.02337646484375,0.526
-2.938232421875,0.52605
-2.9962158203125,0.5261
-2.87017822265625,0.52615
-3.021240234375,0.5262
-3.15643310546875,0.52625
-2.940673828125,0.5263000000000001
-3.1146240234375,0.5263500000000001
-3.09814453125,0.5264000000000001
-3.06671142578125,0.5264500000000001
-3.0462646484375,0.5265000000000001
-2.919921875,0.5265500000000001
-3.026123046875,0.5266000000000001
-3.3184814453125,0.5266500000000001
-3.25469970703125,0.5267000000000001
-3.04962158203125,0.52675
-3.167724609375,0.5268
-3.172607421875,0.52685
-3.26873779296875,0.5269
-3.408203125,0.52695
-2.9595947265625,0.527
-3.3197021484375,0.52705
-2.822265625,0.5271
-3.19122314453125,0.52715
-3.143310546875,0.5272
-3.134765625,0.52725
-2.9058837890625,0.5273000000000001
-3.31085205078125,0.5273500000000001
-3.2208251953125,0.5274000000000001
-3.20709228515625,0.5274500000000001
-3.0584716796875,0.5275000000000001
-3.1866455078125,0.5275500000000001
-3.12530517578125,0.5276000000000001
-2.8717041015625,0.5276500000000001
-3.1591796875,0.5277000000000001
-2.98736572265625,0.52775
-3.1201171875,0.5278
-3.0059814453125,0.52785
-3.06182861328125,0.5279
-2.96783447265625,0.52795
-2.91168212890625,0.528
-3.1787109375,0.52805
-3.424072265625,0.5281
-3.22967529296875,0.52815
-3.3270263671875,0.5282
-2.97149658203125,0.52825
-3.36334228515625,0.5283
-3.3612060546875,0.5283500000000001
-3.45001220703125,0.5284000000000001
-3.2830810546875,0.5284500000000001
-2.9791259765625,0.5285000000000001
-3.29864501953125,0.5285500000000001
-3.29803466796875,0.5286000000000001
-3.2232666015625,0.5286500000000001
-3.1494140625,0.5287000000000001
-3.24493408203125,0.52875
-3.045654296875,0.5288
-3.50128173828125,0.52885
-3.30718994140625,0.5289
-3.099365234375,0.52895
-2.969970703125,0.529
-3.05450439453125,0.52905
-2.81005859375,0.5291
-2.97119140625,0.52915
-2.79144287109375,0.5292
-2.63031005859375,0.52925
-2.7099609375,0.5293000000000001
-2.68280029296875,0.5293500000000001
-2.60711669921875,0.5294000000000001
-2.82562255859375,0.5294500000000001
-2.85858154296875,0.5295000000000001
-2.94921875,0.5295500000000001
-2.87384033203125,0.5296000000000001
-2.87078857421875,0.5296500000000001
-3.12347412109375,0.5297000000000001
-3.0364990234375,0.52975
-3.29803466796875,0.5298
-3.26416015625,0.52985
-2.969970703125,0.5299
-3.05328369140625,0.52995
-3.46405029296875,0.53
-3.32275390625,0.53005
-3.226318359375,0.5301
-3.08868408203125,0.53015
-3.387451171875,0.5302
-3.32061767578125,0.53025
-3.24737548828125,0.5303
-3.3514404296875,0.5303500000000001
-3.47747802734375,0.5304000000000001
-3.21746826171875,0.5304500000000001
-3.6444091796875,0.5305000000000001
-3.57940673828125,0.5305500000000001
-3.65692138671875,0.5306000000000001
-3.5284423828125,0.5306500000000001
-3.87237548828125,0.5307000000000001
-3.59344482421875,0.53075
-3.73443603515625,0.5308
-3.9447021484375,0.53085
-3.9532470703125,0.5309
-4.13055419921875,0.53095
-3.69354248046875,0.531
-3.57635498046875,0.53105
-3.39874267578125,0.5311
-3.47869873046875,0.53115
-3.63372802734375,0.5312
-3.69964599609375,0.53125
-3.33160400390625,0.5313000000000001
-3.48052978515625,0.5313500000000001
-3.35723876953125,0.5314000000000001
-3.63250732421875,0.5314500000000001
-3.18878173828125,0.5315000000000001
-3.51593017578125,0.5315500000000001
-3.048095703125,0.5316000000000001
-3.30902099609375,0.5316500000000001
-3.4063720703125,0.5317000000000001
-3.1854248046875,0.5317500000000001
-2.85064697265625,0.5318
-2.90435791015625,0.53185
-3.01239013671875,0.5319
-2.48138427734375,0.53195
-2.88848876953125,0.532
-2.640380859375,0.53205
-2.7191162109375,0.5321
-2.43438720703125,0.53215
-2.6361083984375,0.5322
-2.65869140625,0.53225
-2.99652099609375,0.5323
-2.8167724609375,0.5323500000000001
-2.81829833984375,0.5324000000000001
-2.94281005859375,0.5324500000000001
-2.94219970703125,0.5325000000000001
-3.08807373046875,0.5325500000000001
-3.28521728515625,0.5326000000000001
-3.30230712890625,0.5326500000000001
-3.4539794921875,0.5327000000000001
-3.0340576171875,0.5327500000000001
-3.27362060546875,0.5328
-3.6077880859375,0.53285
-3.4716796875,0.5329
-3.319091796875,0.53295
-3.214111328125,0.533
-3.31207275390625,0.53305
-3.1304931640625,0.5331
-3.26324462890625,0.53315
-3.32794189453125,0.5332
-3.31573486328125,0.53325
-3.0072021484375,0.5333
-3.30963134765625,0.5333500000000001
-3.0810546875,0.5334000000000001
-3.19427490234375,0.5334500000000001
-3.07891845703125,0.5335000000000001
-3.25714111328125,0.5335500000000001
-3.00323486328125,0.5336000000000001
-3.2440185546875,0.5336500000000001
-3.26324462890625,0.5337000000000001
-3.19549560546875,0.5337500000000001
-3.1591796875,0.5338
-3.13812255859375,0.53385
-2.806396484375,0.5339
-2.96630859375,0.53395
-3.0792236328125,0.534
-3.07830810546875,0.53405
-3.19580078125,0.5341
-2.84332275390625,0.53415
-3.0133056640625,0.5342
-3.099365234375,0.53425
-3.35296630859375,0.5343
-3.26263427734375,0.5343500000000001
-3.35968017578125,0.5344000000000001
-2.8204345703125,0.5344500000000001
-3.3514404296875,0.5345000000000001
-3.3624267578125,0.5345500000000001
-3.3160400390625,0.5346000000000001
-3.05267333984375,0.5346500000000001
-3.52325439453125,0.5347000000000001
-3.11798095703125,0.5347500000000001
-3.2244873046875,0.5348
-3.28643798828125,0.53485
-3.25531005859375,0.5349
-3.2720947265625,0.53495
-3.3978271484375,0.535
-3.29559326171875,0.53505
-3.2220458984375,0.5351
-3.40545654296875,0.53515
-3.38043212890625,0.5352
-3.284912109375,0.53525
-3.07159423828125,0.5353
-3.333740234375,0.5353500000000001
-3.3380126953125,0.5354000000000001
-3.6334228515625,0.5354500000000001
-3.5833740234375,0.5355000000000001
-3.3819580078125,0.5355500000000001
-3.44390869140625,0.5356000000000001
-3.514404296875,0.5356500000000001
-3.45672607421875,0.5357000000000001
-3.68804931640625,0.5357500000000001
-3.40728759765625,0.5358
-3.31695556640625,0.53585
-3.34259033203125,0.5359
-3.5400390625,0.53595
-3.6181640625,0.536
-3.45611572265625,0.53605
-3.18878173828125,0.5361
-3.17108154296875,0.53615
-3.4619140625,0.5362
-3.27392578125,0.53625
-3.1256103515625,0.5363
-3.49365234375,0.5363500000000001
-3.0584716796875,0.5364000000000001
-3.0908203125,0.5364500000000001
-3.65264892578125,0.5365000000000001
-3.1781005859375,0.5365500000000001
-3.3331298828125,0.5366000000000001
-3.411865234375,0.5366500000000001
-3.3319091796875,0.5367000000000001
-3.4478759765625,0.5367500000000001
-3.5919189453125,0.5368
-3.5443115234375,0.53685
-3.49700927734375,0.5369
-3.50982666015625,0.53695
-3.448486328125,0.537
-3.2977294921875,0.53705
-3.4893798828125,0.5371
-3.55255126953125,0.53715
-3.533935546875,0.5372
-3.2476806640625,0.53725
-3.14727783203125,0.5373
-3.54400634765625,0.53735
-3.5687255859375,0.5374000000000001
-3.47198486328125,0.5374500000000001
-3.2269287109375,0.5375000000000001
-3.5223388671875,0.5375500000000001
-3.27301025390625,0.5376000000000001
-3.39996337890625,0.5376500000000001
-3.2122802734375,0.5377000000000001
-3.37127685546875,0.5377500000000001
-2.82318115234375,0.5378000000000001
-3.31695556640625,0.53785
-3.09326171875,0.5379
-3.02154541015625,0.53795
-3.2464599609375,0.538
-3.43170166015625,0.53805
-3.0487060546875,0.5381
-3.3746337890625,0.53815
-3.409423828125,0.5382
-3.51226806640625,0.53825
-3.62579345703125,0.5383
-3.50616455078125,0.53835
-3.21929931640625,0.5384000000000001
-3.138427734375,0.5384500000000001
-3.08197021484375,0.5385000000000001
-3.12835693359375,0.5385500000000001
-3.2861328125,0.5386000000000001
-3.0682373046875,0.5386500000000001
-2.98492431640625,0.5387000000000001
-2.72979736328125,0.5387500000000001
-3.1103515625,0.5388000000000001
-2.90130615234375,0.53885
-3.0621337890625,0.5389
-2.9083251953125,0.53895
-3.05328369140625,0.539
-3.13690185546875,0.53905
-3.17108154296875,0.5391
-2.87384033203125,0.53915
-2.92724609375,0.5392
-2.96844482421875,0.53925
-2.63763427734375,0.5393
-2.82989501953125,0.53935
-2.70263671875,0.5394000000000001
-2.7130126953125,0.5394500000000001
-2.77618408203125,0.5395000000000001
-2.679443359375,0.5395500000000001
-2.48291015625,0.5396000000000001
-2.9180908203125,0.5396500000000001
-2.799072265625,0.5397000000000001
-2.7069091796875,0.5397500000000001
-2.66632080078125,0.5398000000000001
-2.650146484375,0.53985
-2.74383544921875,0.5399
-3.109130859375,0.53995
-3.00506591796875,0.54
-2.88299560546875,0.54005
-2.80548095703125,0.5401
-2.71087646484375,0.54015
-2.7899169921875,0.5402
-2.7105712890625,0.54025
-2.63214111328125,0.5403
-2.6983642578125,0.54035
-2.7215576171875,0.5404000000000001
-2.5079345703125,0.5404500000000001
-2.79449462890625,0.5405000000000001
-2.66448974609375,0.5405500000000001
-2.8887939453125,0.5406000000000001
-2.77435302734375,0.5406500000000001
-2.7728271484375,0.5407000000000001
-2.56256103515625,0.5407500000000001
-2.7667236328125,0.5408000000000001
-2.88177490234375,0.54085
-3.05633544921875,0.5409
-2.41668701171875,0.54095
-2.9864501953125,0.541
-2.8729248046875,0.54105
-2.74017333984375,0.5411
-2.85247802734375,0.54115
-2.83416748046875,0.5412
-2.51373291015625,0.54125
-2.896728515625,0.5413
-2.76947021484375,0.54135
-2.96417236328125,0.5414000000000001
-3.16009521484375,0.5414500000000001
-2.88818359375,0.5415000000000001
-2.71514892578125,0.5415500000000001
-3.08837890625,0.5416000000000001
-3.08197021484375,0.5416500000000001
-3.21014404296875,0.5417000000000001
-3.39691162109375,0.5417500000000001
-2.84423828125,0.5418000000000001
-3.06427001953125,0.54185
-2.978515625,0.5419
-2.7691650390625,0.54195
-2.96844482421875,0.542
-3.31268310546875,0.54205
-2.8082275390625,0.5421
-3.15460205078125,0.54215
-3.08990478515625,0.5422
-3.2171630859375,0.54225
-3.1658935546875,0.5423
-3.06304931640625,0.54235
-3.0657958984375,0.5424000000000001
-2.94769287109375,0.5424500000000001
-3.1939697265625,0.5425000000000001
-3.251953125,0.5425500000000001
-3.02215576171875,0.5426000000000001
-2.89215087890625,0.5426500000000001
-3.11614990234375,0.5427000000000001
-2.84942626953125,0.5427500000000001
-3.22052001953125,0.5428000000000001
-3.192138671875,0.54285
-2.8350830078125,0.5429
-3.0322265625,0.54295
-3.03314208984375,0.543
-2.90435791015625,0.54305
-3.2818603515625,0.5431
-2.95928955078125,0.54315
-2.96722412109375,0.5432
-2.830810546875,0.54325
-3.00262451171875,0.5433
-3.07037353515625,0.54335
-3.02703857421875,0.5434000000000001
-2.98583984375,0.5434500000000001
-2.95928955078125,0.5435000000000001
-2.98797607421875,0.5435500000000001
-2.84393310546875,0.5436000000000001
-2.99346923828125,0.5436500000000001
-3.0670166015625,0.5437000000000001
-2.79937744140625,0.5437500000000001
-2.89764404296875,0.5438000000000001
-2.78656005859375,0.5438500000000001
-2.7093505859375,0.5439
-2.8363037109375,0.54395
-2.87994384765625,0.544
-2.8692626953125,0.54405
-2.71209716796875,0.5441
-2.84088134765625,0.54415
-2.8973388671875,0.5442
-2.8924560546875,0.54425
-2.674560546875,0.5443
-2.81158447265625,0.54435
-2.78350830078125,0.5444
-2.95135498046875,0.5444500000000001
-3.0523681640625,0.5445000000000001
-2.99072265625,0.5445500000000001
-2.85797119140625,0.5446000000000001
-3.0426025390625,0.5446500000000001
-2.91290283203125,0.5447000000000001
-3.1201171875,0.5447500000000001
-2.8924560546875,0.5448000000000001
-3.1829833984375,0.5448500000000001
-2.9693603515625,0.5449
-2.94677734375,0.54495
-3.01422119140625,0.545
-3.033447265625,0.54505
-3.167724609375,0.5451
-3.0291748046875,0.54515
-3.27911376953125,0.5452
-2.786865234375,0.54525
-3.0889892578125,0.5453
-3.40484619140625,0.54535
-3.1939697265625,0.5454
-2.8369140625,0.5454500000000001
-3.31146240234375,0.5455000000000001
-3.0780029296875,0.5455500000000001
-3.1719970703125,0.5456000000000001
-3.21258544921875,0.5456500000000001
-3.00323486328125,0.5457000000000001
-3.03009033203125,0.5457500000000001
-3.02490234375,0.5458000000000001
-3.0865478515625,0.5458500000000001
-3.06121826171875,0.5459
-3.12774658203125,0.54595
-3.05450439453125,0.546
-2.9241943359375,0.54605
-3.0023193359375,0.5461
-3.0108642578125,0.54615
-3.233642578125,0.5462
-3.22967529296875,0.54625
-3.14300537109375,0.5463
-3.2366943359375,0.54635
-3.08319091796875,0.5464
-2.9815673828125,0.5464500000000001
-3.22235107421875,0.5465000000000001
-3.1689453125,0.5465500000000001
-2.92236328125,0.5466000000000001
-2.9443359375,0.5466500000000001
-2.8863525390625,0.5467000000000001
-3.08380126953125,0.5467500000000001
-3.10699462890625,0.5468000000000001
-2.9473876953125,0.5468500000000001
-2.92816162109375,0.5469
-2.7655029296875,0.54695
-3.0462646484375,0.547
-3.09051513671875,0.54705
-2.72918701171875,0.5471
-2.9730224609375,0.54715
-2.9266357421875,0.5472
-2.85003662109375,0.54725
-3.27667236328125,0.5473
-2.867431640625,0.54735
-2.9095458984375,0.5474
-2.93060302734375,0.5474500000000001
-2.93212890625,0.5475000000000001
-3.0072021484375,0.5475500000000001
-3.25164794921875,0.5476000000000001
-3.02764892578125,0.5476500000000001
-3.0029296875,0.5477000000000001
-2.8582763671875,0.5477500000000001
-2.9803466796875,0.5478000000000001
-2.99072265625,0.5478500000000001
-2.89825439453125,0.5479
-2.96295166015625,0.54795
-3.16864013671875,0.548
-2.93243408203125,0.54805
-2.75390625,0.5481
-3.1329345703125,0.54815
-3.2183837890625,0.5482
-3.0718994140625,0.54825
-3.0438232421875,0.5483
-3.2745361328125,0.54835
-3.118896484375,0.5484
-3.42041015625,0.5484500000000001
-3.31390380859375,0.5485000000000001
-3.45062255859375,0.5485500000000001
-2.9742431640625,0.5486000000000001
-3.38775634765625,0.5486500000000001
-3.39599609375,0.5487000000000001
-3.23211669921875,0.5487500000000001
-3.23944091796875,0.5488000000000001
-3.46221923828125,0.5488500000000001
-3.0255126953125,0.5489
-3.56414794921875,0.54895
-3.46527099609375,0.549
-3.43536376953125,0.54905
-3.5406494140625,0.5491
-3.2666015625,0.54915
-3.2965087890625,0.5492
-3.338623046875,0.54925
-3.1195068359375,0.5493
-3.4136962890625,0.54935
-3.44512939453125,0.5494
-3.23699951171875,0.5494500000000001
-3.41583251953125,0.5495000000000001
-3.1414794921875,0.5495500000000001
-3.37554931640625,0.5496000000000001
-3.38226318359375,0.5496500000000001
-3.43017578125,0.5497000000000001
-2.88055419921875,0.5497500000000001
-3.02337646484375,0.5498000000000001
-3.44879150390625,0.5498500000000001
-3.3056640625,0.5499
-2.97515869140625,0.54995
-3.12042236328125,0.55
-3.321533203125,0.55005
-3.08807373046875,0.5501
-3.23394775390625,0.55015
-3.12713623046875,0.5502
-2.91229248046875,0.55025
-2.88238525390625,0.5503
-3.26141357421875,0.55035
-3.05389404296875,0.5504
-3.29071044921875,0.55045
-3.29681396484375,0.5505
-2.94097900390625,0.5505500000000001
-3.099365234375,0.5506000000000001
-3.0450439453125,0.5506500000000001
-3.02337646484375,0.5507000000000001
-3.28765869140625,0.5507500000000001
-3.08746337890625,0.5508000000000001
-3.14971923828125,0.5508500000000001
-3.10516357421875,0.5509000000000001
-3.09539794921875,0.55095
-3.326416015625,0.551
-3.2598876953125,0.55105
-3.15704345703125,0.5511
-3.12255859375,0.55115
-2.9827880859375,0.5512
-3.1939697265625,0.55125
-3.46221923828125,0.5513
-3.13934326171875,0.55135
-3.27880859375,0.5514
-3.32763671875,0.55145
-3.42864990234375,0.5515
-3.49334716796875,0.5515500000000001
-3.40576171875,0.5516000000000001
-3.14788818359375,0.5516500000000001
-3.431396484375,0.5517000000000001
-3.05023193359375,0.5517500000000001
-3.4088134765625,0.5518000000000001
-3.23638916015625,0.5518500000000001
-3.36090087890625,0.5519000000000001
-3.06243896484375,0.55195
-3.42559814453125,0.552
-3.07891845703125,0.55205
-3.50006103515625,0.5521
-3.52447509765625,0.55215
-3.33709716796875,0.5522
-3.42529296875,0.55225
-3.35662841796875,0.5523
-3.29193115234375,0.55235
-3.38165283203125,0.5524
-3.1182861328125,0.55245
-3.131103515625,0.5525
-3.2476806640625,0.5525500000000001
-2.70050048828125,0.5526000000000001
-3.07830810546875,0.5526500000000001
-2.8680419921875,0.5527000000000001
-2.8314208984375,0.5527500000000001
-3.0072021484375,0.5528000000000001
-3.17779541015625,0.5528500000000001
-2.823486328125,0.5529000000000001
-3.2275390625,0.55295
-3.260498046875,0.553
-3.21563720703125,0.55305
-2.94219970703125,0.5531
-2.97882080078125,0.55315
-3.0169677734375,0.5532
-2.84912109375,0.55325
-2.78289794921875,0.5533
-3.03924560546875,0.55335
-2.92083740234375,0.5534
-2.85552978515625,0.55345
-3.03131103515625,0.5535
-3.07647705078125,0.5535500000000001
-3.0072021484375,0.5536000000000001
-3.2061767578125,0.5536500000000001
-2.78564453125,0.5537000000000001
-3.07830810546875,0.5537500000000001
-2.8790283203125,0.5538000000000001
-3.18359375,0.5538500000000001
-3.37188720703125,0.5539000000000001
-3.1402587890625,0.55395
-2.95806884765625,0.554
-2.90771484375,0.55405
-3.11187744140625,0.5541
-3.18023681640625,0.55415
-3.19183349609375,0.5542
-2.89459228515625,0.55425
-3.13385009765625,0.5543
-3.443603515625,0.55435
-3.29315185546875,0.5544
-3.321533203125,0.55445
-3.45947265625,0.5545
-3.5882568359375,0.5545500000000001
-3.74542236328125,0.5546000000000001
-3.8726806640625,0.5546500000000001
-3.83453369140625,0.5547000000000001
-3.773193359375,0.5547500000000001
-3.82415771484375,0.5548000000000001
-3.7969970703125,0.5548500000000001
-3.74114990234375,0.5549000000000001
-3.82293701171875,0.55495
-3.74237060546875,0.555
-3.8031005859375,0.55505
-3.26904296875,0.5551
-3.44085693359375,0.55515
-3.323974609375,0.5552
-3.62548828125,0.55525
-3.6749267578125,0.5553
-3.55255126953125,0.55535
-3.55804443359375,0.5554
-3.71368408203125,0.55545
-3.7982177734375,0.5555
-3.9752197265625,0.5555500000000001
-3.63311767578125,0.5556000000000001
-3.64288330078125,0.5556500000000001
-3.40911865234375,0.5557000000000001
-3.28857421875,0.5557500000000001
-3.6639404296875,0.5558000000000001
-3.27850341796875,0.5558500000000001
-3.28826904296875,0.5559000000000001
-3.089599609375,0.55595
-3.34197998046875,0.556
-2.83966064453125,0.55605
-3.01544189453125,0.5561
-3.06732177734375,0.55615
-3.15521240234375,0.5562
-2.6324462890625,0.55625
-3.13323974609375,0.5563
-2.92877197265625,0.55635
-3.11248779296875,0.5564
-2.978515625,0.55645
-3.16314697265625,0.5565
-2.81707763671875,0.5565500000000001
-2.87139892578125,0.5566000000000001
-3.28338623046875,0.5566500000000001
-3.0841064453125,0.5567000000000001
-3.40423583984375,0.5567500000000001
-3.197021484375,0.5568000000000001
-2.862548828125,0.5568500000000001
-3.29498291015625,0.5569000000000001
-3.438720703125,0.5569500000000001
-3.453369140625,0.557
-3.54736328125,0.55705
-3.0712890625,0.5571
-3.37615966796875,0.55715
-3.3477783203125,0.5572
-3.4075927734375,0.55725
-3.33343505859375,0.5573
-3.4637451171875,0.55735
-3.280029296875,0.5574
-3.284912109375,0.55745
-3.35479736328125,0.5575
-3.292236328125,0.55755
-3.08868408203125,0.5576000000000001
-2.96112060546875,0.5576500000000001
-2.77740478515625,0.5577000000000001
-2.6336669921875,0.5577500000000001
-2.89886474609375,0.5578000000000001
-2.91717529296875,0.5578500000000001
-2.662353515625,0.5579000000000001
-2.8009033203125,0.5579500000000001
-2.7606201171875,0.558
-2.81402587890625,0.55805
-2.96539306640625,0.5581
-2.86865234375,0.55815
-2.7496337890625,0.5582
-2.74139404296875,0.55825
-2.86865234375,0.5583
-2.72552490234375,0.55835
-3.00445556640625,0.5584
-2.84454345703125,0.55845
-2.7911376953125,0.5585
-2.5811767578125,0.55855
-2.8192138671875,0.5586000000000001
-2.83721923828125,0.5586500000000001
-2.850341796875,0.5587000000000001
-2.5244140625,0.5587500000000001
-2.8240966796875,0.5588000000000001
-2.98736572265625,0.5588500000000001
-2.9180908203125,0.5589000000000001
-3.08746337890625,0.5589500000000001
-3.0609130859375,0.559
-3.04290771484375,0.55905
-2.8717041015625,0.5591
-3.10211181640625,0.55915
-2.61810302734375,0.5592
-3.02001953125,0.55925
-3.04656982421875,0.5593
-2.99224853515625,0.55935
-2.7569580078125,0.5594
-2.991943359375,0.55945
-3.05450439453125,0.5595
-3.0023193359375,0.55955
-2.97332763671875,0.5596000000000001
-2.789306640625,0.5596500000000001
-2.78839111328125,0.5597000000000001
-2.89337158203125,0.5597500000000001
-2.9815673828125,0.5598000000000001
-3.06915283203125,0.5598500000000001
-3.1109619140625,0.5599000000000001
-2.94219970703125,0.5599500000000001
-3.10272216796875,0.56
-3.20404052734375,0.56005
-3.0450439453125,0.5601
-3.21044921875,0.56015
-3.0157470703125,0.5602
-2.8289794921875,0.56025
-3.05450439453125,0.5603
-3.05023193359375,0.56035
-3.11065673828125,0.5604
-3.03955078125,0.56045
-3.197021484375,0.5605
-2.82989501953125,0.56055
-2.8765869140625,0.5606000000000001
-3.17230224609375,0.5606500000000001
-3.26995849609375,0.5607000000000001
-2.85919189453125,0.5607500000000001
-3.0645751953125,0.5608000000000001
-3.182373046875,0.5608500000000001
-3.0926513671875,0.5609000000000001
-3.34503173828125,0.5609500000000001
-3.382568359375,0.561
-2.7886962890625,0.56105
-2.8277587890625,0.5611
-3.123779296875,0.56115
-2.9205322265625,0.5612
-3.10943603515625,0.56125
-3.0316162109375,0.5613
-2.6904296875,0.56135
-2.93243408203125,0.5614
-2.99774169921875,0.56145
-2.97119140625,0.5615
-3.33709716796875,0.56155
-3.09234619140625,0.5616000000000001
-3.2275390625,0.5616500000000001
-2.9547119140625,0.5617000000000001
-3.2275390625,0.5617500000000001
-3.0987548828125,0.5618000000000001
-3.0853271484375,0.5618500000000001
-2.93365478515625,0.5619000000000001
-3.31817626953125,0.5619500000000001
-3.03619384765625,0.562
-2.96722412109375,0.56205
-3.07342529296875,0.5621
-3.09814453125,0.56215
-2.90069580078125,0.5622
-2.7490234375,0.56225
-2.92449951171875,0.5623
-2.86956787109375,0.56235
-2.991943359375,0.5624
-2.880859375,0.56245
-3.05511474609375,0.5625
-2.8271484375,0.56255
-3.24554443359375,0.5626
-3.0731201171875,0.5626500000000001
-3.09326171875,0.5627000000000001
-3.2073974609375,0.5627500000000001
-3.21807861328125,0.5628000000000001
-2.872314453125,0.5628500000000001
-3.319091796875,0.5629000000000001
-3.375244140625,0.5629500000000001
-3.3355712890625,0.5630000000000001
-3.2220458984375,0.56305
-3.11676025390625,0.5631
-3.375244140625,0.56315
-3.2562255859375,0.5632
-3.08746337890625,0.56325
-3.12347412109375,0.5633
-3.28338623046875,0.56335
-2.9437255859375,0.5634
-3.001708984375,0.56345
-3.1854248046875,0.5635
-2.99713134765625,0.56355
-3.0682373046875,0.5636000000000001
-3.116455078125,0.5636500000000001
-2.607421875,0.5637000000000001
-2.99774169921875,0.5637500000000001
-2.88604736328125,0.5638000000000001
-2.90679931640625,0.5638500000000001
-2.81280517578125,0.5639000000000001
-2.78289794921875,0.5639500000000001
-2.93243408203125,0.5640000000000001
-2.9644775390625,0.56405
-3.22357177734375,0.5641
-2.9583740234375,0.56415
-2.80914306640625,0.5642
-3.031005859375,0.56425
-3.12774658203125,0.5643
-3.2025146484375,0.56435
-3.4033203125,0.5644
-3.31787109375,0.56445
-3.01605224609375,0.5645
-3.468017578125,0.56455
-3.3404541015625,0.5646
-3.24310302734375,0.5646500000000001
-3.35662841796875,0.5647000000000001
-3.47869873046875,0.5647500000000001
-3.46527099609375,0.5648000000000001
-3.11614990234375,0.5648500000000001
-3.1805419921875,0.5649000000000001
-3.1451416015625,0.5649500000000001
-3.294677734375,0.5650000000000001
-2.8240966796875,0.56505
-3.03985595703125,0.5651
-2.95196533203125,0.56515
-3.00994873046875,0.5652
-3.116455078125,0.56525
-3.267822265625,0.5653
-3.10882568359375,0.56535
-3.20465087890625,0.5654
-3.26629638671875,0.56545
-3.20281982421875,0.5655
-3.4063720703125,0.56555
-3.135986328125,0.5656
-3.243408203125,0.5656500000000001
-3.0181884765625,0.5657000000000001
-3.3575439453125,0.5657500000000001
-3.20465087890625,0.5658000000000001
-3.10302734375,0.5658500000000001
-3.148193359375,0.5659000000000001
-3.23577880859375,0.5659500000000001
-2.8057861328125,0.5660000000000001
-3.26568603515625,0.56605
-3.1353759765625,0.5661
-3.3465576171875,0.56615
-3.0999755859375,0.5662
-3.4161376953125,0.56625
-3.35845947265625,0.5663
-3.4283447265625,0.56635
-3.275146484375,0.5664
-3.4515380859375,0.56645
-3.36761474609375,0.5665
-3.05694580078125,0.56655
-3.19793701171875,0.5666
-3.3489990234375,0.5666500000000001
-3.11737060546875,0.5667000000000001
-3.092041015625,0.5667500000000001
-3.27667236328125,0.5668000000000001
-2.7685546875,0.5668500000000001
-3.3697509765625,0.5669000000000001
-3.38592529296875,0.5669500000000001
-3.16131591796875,0.5670000000000001
-3.306884765625,0.56705
-3.14422607421875,0.5671
-3.1884765625,0.56715
-3.37615966796875,0.5672
-3.25775146484375,0.56725
-3.3123779296875,0.5673
-2.99560546875,0.56735
-3.3099365234375,0.5674
-3.4283447265625,0.56745
-3.14697265625,0.5675
-3.328857421875,0.56755
-3.20953369140625,0.5676
-3.0718994140625,0.5676500000000001
-3.087158203125,0.5677000000000001
-3.34320068359375,0.5677500000000001
-3.08349609375,0.5678000000000001
-3.448486328125,0.5678500000000001
-3.43109130859375,0.5679000000000001
-3.2391357421875,0.5679500000000001
-3.2464599609375,0.5680000000000001
-3.35662841796875,0.56805
-3.3013916015625,0.5681
-3.42132568359375,0.56815
-3.0767822265625,0.5682
-3.17352294921875,0.56825
-3.20098876953125,0.5683
-3.08746337890625,0.56835
-3.11248779296875,0.5684
-3.3380126953125,0.56845
-2.916259765625,0.5685
-3.0316162109375,0.56855
-3.44573974609375,0.5686
-2.9705810546875,0.5686500000000001
-3.06732177734375,0.5687000000000001
-3.2025146484375,0.5687500000000001
-3.1494140625,0.5688000000000001
-3.10791015625,0.5688500000000001
-3.450927734375,0.5689000000000001
-3.284912109375,0.5689500000000001
-3.18939208984375,0.5690000000000001
-3.20831298828125,0.5690500000000001
-3.34869384765625,0.5691
-2.99713134765625,0.56915
-2.9852294921875,0.5692
-3.2708740234375,0.56925
-3.21746826171875,0.5693
-2.91900634765625,0.56935
-3.0621337890625,0.5694
-3.13446044921875,0.56945
-3.39324951171875,0.5695
-3.10272216796875,0.56955
-2.999267578125,0.5696
-3.21044921875,0.56965
-3.0279541015625,0.5697000000000001
-3.37310791015625,0.5697500000000001
-3.25347900390625,0.5698000000000001
-3.2537841796875,0.5698500000000001
-2.86468505859375,0.5699000000000001
-3.20709228515625,0.5699500000000001
-2.919921875,0.5700000000000001
-3.34197998046875,0.5700500000000001
-3.09051513671875,0.5701
-3.00750732421875,0.57015
-2.78106689453125,0.5702
-3.1292724609375,0.57025
-3.089599609375,0.5703
-3.29498291015625,0.57035
-3.34228515625,0.5704
-3.08807373046875,0.57045
-2.862548828125,0.5705
-3.16558837890625,0.57055
-3.01544189453125,0.5706
-3.1195068359375,0.5706500000000001
-3.11553955078125,0.5707000000000001
-3.14666748046875,0.5707500000000001
-3.1182861328125,0.5708000000000001
-2.9559326171875,0.5708500000000001
-3.22357177734375,0.5709000000000001
-3.194580078125,0.5709500000000001
-3.126220703125,0.5710000000000001
-2.9730224609375,0.5710500000000001
-2.9876708984375,0.5711
-3.08441162109375,0.57115
-3.0767822265625,0.5712
-2.87384033203125,0.57125
-2.99468994140625,0.5713
-2.8460693359375,0.57135
-2.96905517578125,0.5714
-3.08837890625,0.57145
-2.87261962890625,0.5715
-2.9693603515625,0.57155
-3.09173583984375,0.5716
-2.79449462890625,0.57165
-3.001708984375,0.5717000000000001
-3.394775390625,0.5717500000000001
-3.031005859375,0.5718000000000001
-2.735595703125,0.5718500000000001
-3.2183837890625,0.5719000000000001
-3.07769775390625,0.5719500000000001
-3.001708984375,0.5720000000000001
-3.35357666015625,0.5720500000000001
-3.36090087890625,0.5721
-3.27056884765625,0.57215
-3.18359375,0.5722
-3.04351806640625,0.57225
-3.14544677734375,0.5723
-3.32672119140625,0.57235
-3.22174072265625,0.5724
-3.43719482421875,0.57245
-3.0364990234375,0.5725
-3.32794189453125,0.57255
-3.5699462890625,0.5726
-3.31817626953125,0.57265
-3.1024169921875,0.5727000000000001
-3.463134765625,0.5727500000000001
-3.39141845703125,0.5728000000000001
-3.330078125,0.5728500000000001
-3.4527587890625,0.5729000000000001
-3.4368896484375,0.5729500000000001
-3.13232421875,0.5730000000000001
-3.14422607421875,0.5730500000000001
-3.52874755859375,0.5731
-3.201904296875,0.57315
-3.38531494140625,0.5732
-3.12835693359375,0.57325
-3.4686279296875,0.5733
-2.930908203125,0.57335
-3.30169677734375,0.5734
-3.072509765625,0.57345
-3.32794189453125,0.5735
-3.45733642578125,0.57355
-3.338623046875,0.5736
-3.18634033203125,0.57365
-3.41461181640625,0.5737000000000001
-3.36669921875,0.5737500000000001
-3.25347900390625,0.5738000000000001
-3.07891845703125,0.5738500000000001
-2.8082275390625,0.5739000000000001
-2.94097900390625,0.5739500000000001
-3.13568115234375,0.5740000000000001
-3.03741455078125,0.5740500000000001
-2.89581298828125,0.5741
-3.13812255859375,0.57415
-2.80914306640625,0.5742
-3.14300537109375,0.57425
-3.03131103515625,0.5743
-3.155517578125,0.57435
-3.08258056640625,0.5744
-3.0145263671875,0.57445
-2.97515869140625,0.5745
-3.09600830078125,0.57455
-3.0780029296875,0.5746
-3.06427001953125,0.57465
-2.93701171875,0.5747
-3.01239013671875,0.5747500000000001
-2.95379638671875,0.5748000000000001
-2.98126220703125,0.5748500000000001
-3.28094482421875,0.5749000000000001
-3.1658935546875,0.5749500000000001
-2.82623291015625,0.5750000000000001
-3.2720947265625,0.5750500000000001
-3.08807373046875,0.5751000000000001
-2.9766845703125,0.57515
-3.270263671875,0.5752
-3.2867431640625,0.57525
-3.148193359375,0.5753000000000001
-2.88665771484375,0.5753500000000001
-3.309326171875,0.5754000000000001
-3.41156005859375,0.5754500000000001
-3.23394775390625,0.5755000000000001
-3.4259033203125,0.5755500000000001
-3.551025390625,0.5756000000000001
-3.40484619140625,0.5756500000000001
-3.45428466796875,0.5757000000000001
-3.39569091796875,0.5757500000000001
-3.5260009765625,0.5758000000000001
-3.11798095703125,0.5758500000000001
-3.1732177734375,0.5759000000000001
-3.12744140625,0.5759500000000001
-2.81280517578125,0.5760000000000001
-3.145751953125,0.5760500000000001
-3.17718505859375,0.5761000000000001
-2.81646728515625,0.57615
-3.15216064453125,0.5762
-3.06915283203125,0.57625
-3.10089111328125,0.5763000000000001
-3.13873291015625,0.5763500000000001
-3.20281982421875,0.5764000000000001
-3.1829833984375,0.5764500000000001
-3.0523681640625,0.5765000000000001
-3.2635498046875,0.5765500000000001
-3.2666015625,0.5766000000000001
-3.29925537109375,0.5766500000000001
-3.23760986328125,0.5767000000000001
-3.05633544921875,0.5767500000000001
-2.95928955078125,0.5768000000000001
-3.2806396484375,0.5768500000000001
-3.13934326171875,0.5769000000000001
-3.19244384765625,0.5769500000000001
-3.11187744140625,0.5770000000000001
-3.26751708984375,0.5770500000000001
-3.29742431640625,0.5771000000000001
-3.2769775390625,0.57715
-3.35205078125,0.5772
-3.06488037109375,0.57725
-3.20465087890625,0.5773000000000001
-2.83843994140625,0.5773500000000001
-3.10272216796875,0.5774000000000001
-3.18603515625,0.5774500000000001
-2.96356201171875,0.5775000000000001
-3.01025390625,0.5775500000000001
-3.19427490234375,0.5776000000000001
-2.74566650390625,0.5776500000000001
-3.2940673828125,0.5777000000000001
-3.11767578125,0.5777500000000001
-3.00537109375,0.5778000000000001
-2.80120849609375,0.5778500000000001
-3.07342529296875,0.5779000000000001
-2.64984130859375,0.5779500000000001
-2.84820556640625,0.5780000000000001
-3.3428955078125,0.5780500000000001
-3.06488037109375,0.5781000000000001
-2.66815185546875,0.57815
-2.928466796875,0.5782
-3.10211181640625,0.57825
-3.08258056640625,0.5783
-2.74932861328125,0.5783500000000001
-3.0133056640625,0.5784000000000001
-2.7215576171875,0.5784500000000001
-3.0694580078125,0.5785000000000001
-3.1378173828125,0.5785500000000001
-3.0908203125,0.5786000000000001
-2.94189453125,0.5786500000000001
-3.1866455078125,0.5787000000000001
-3.1829833984375,0.5787500000000001
-2.9937744140625,0.5788000000000001
-2.97882080078125,0.5788500000000001
-3.067626953125,0.5789000000000001
-3.2330322265625,0.5789500000000001
-2.99285888671875,0.5790000000000001
-3.12591552734375,0.5790500000000001
-3.2672119140625,0.5791000000000001
-3.2086181640625,0.57915
-3.653564453125,0.5792
-3.74481201171875,0.57925
-3.06243896484375,0.5793000000000001
-3.47991943359375,0.5793500000000001
-3.953857421875,0.5794000000000001
-3.8916015625,0.5794500000000001
-3.82110595703125,0.5795000000000001
-4.1131591796875,0.5795500000000001
-3.85650634765625,0.5796000000000001
-3.78082275390625,0.5796500000000001
-4.19342041015625,0.5797000000000001
-3.8848876953125,0.5797500000000001
-4.0447998046875,0.5798000000000001
-3.4912109375,0.5798500000000001
-3.86810302734375,0.5799000000000001
-3.765869140625,0.5799500000000001
-3.70849609375,0.5800000000000001
-3.65081787109375,0.5800500000000001
-3.636474609375,0.5801000000000001
-3.48846435546875,0.58015
-3.7164306640625,0.5802
-3.7554931640625,0.58025
-3.64837646484375,0.5803
-3.59222412109375,0.5803500000000001
-3.4039306640625,0.5804000000000001
-3.3343505859375,0.5804500000000001
-2.97882080078125,0.5805000000000001
-3.2080078125,0.5805500000000001
-2.96783447265625,0.5806000000000001
-2.7679443359375,0.5806500000000001
-2.786865234375,0.5807000000000001
-2.60284423828125,0.5807500000000001
-2.41943359375,0.5808000000000001
-2.69500732421875,0.5808500000000001
-2.7685546875,0.5809000000000001
-2.5927734375,0.5809500000000001
-2.4078369140625,0.5810000000000001
-2.9248046875,0.5810500000000001
-2.713623046875,0.5811000000000001
-3.12591552734375,0.58115
-3.39141845703125,0.5812
-2.998046875,0.58125
-2.82501220703125,0.5813000000000001
-2.97576904296875,0.5813500000000001
-3.27911376953125,0.5814000000000001
-3.2952880859375,0.5814500000000001
-3.284912109375,0.5815000000000001
-3.0462646484375,0.5815500000000001
-3.333740234375,0.5816000000000001
-3.39569091796875,0.5816500000000001
-3.4912109375,0.5817000000000001
-3.3624267578125,0.5817500000000001
-3.49029541015625,0.5818000000000001
-3.36456298828125,0.5818500000000001
-3.590087890625,0.5819000000000001
-3.1671142578125,0.5819500000000001
-3.31329345703125,0.5820000000000001
-3.27362060546875,0.5820500000000001
-3.41339111328125,0.5821000000000001
-2.933349609375,0.5821500000000001
-3.04168701171875,0.5822
-3.255615234375,0.58225
-3.006591796875,0.5823
-3.009033203125,0.5823500000000001
-2.98980712890625,0.5824000000000001
-2.6287841796875,0.5824500000000001
-2.520751953125,0.5825000000000001
-2.98583984375,0.5825500000000001
-3.07373046875,0.5826000000000001
-2.85919189453125,0.5826500000000001
-2.81707763671875,0.5827000000000001
-2.99560546875,0.5827500000000001
-2.894287109375,0.5828000000000001
-3.0908203125,0.5828500000000001
-2.85675048828125,0.5829000000000001
-3.07952880859375,0.5829500000000001
-2.98126220703125,0.5830000000000001
-3.14666748046875,0.5830500000000001
-3.28094482421875,0.5831000000000001
-3.1939697265625,0.5831500000000001
-3.02581787109375,0.5832
-3.30902099609375,0.58325
-3.08502197265625,0.5833
-3.1524658203125,0.5833500000000001
-3.25927734375,0.5834000000000001
-3.16802978515625,0.5834500000000001
-3.05328369140625,0.5835000000000001
-3.0877685546875,0.5835500000000001
-3.1280517578125,0.5836000000000001
-3.21868896484375,0.5836500000000001
-3.48297119140625,0.5837000000000001
-3.36090087890625,0.5837500000000001
-3.06884765625,0.5838000000000001
-3.03863525390625,0.5838500000000001
-3.27728271484375,0.5839000000000001
-3.06976318359375,0.5839500000000001
-3.35906982421875,0.5840000000000001
-3.17779541015625,0.5840500000000001
-3.27392578125,0.5841000000000001
-3.0322265625,0.5841500000000001
-3.4918212890625,0.5842
-3.1341552734375,0.58425
-3.22967529296875,0.5843
-3.42193603515625,0.5843500000000001
-3.2757568359375,0.5844000000000001
-3.11065673828125,0.5844500000000001
-3.212890625,0.5845000000000001
-3.35540771484375,0.5845500000000001
-3.42041015625,0.5846000000000001
-3.546142578125,0.5846500000000001
-3.09112548828125,0.5847000000000001
-3.4417724609375,0.5847500000000001
-3.37799072265625,0.5848000000000001
-3.29559326171875,0.5848500000000001
-3.45703125,0.5849000000000001
-3.3123779296875,0.5849500000000001
-3.3135986328125,0.5850000000000001
-3.5076904296875,0.5850500000000001
-3.311767578125,0.5851000000000001
-3.28094482421875,0.5851500000000001
-3.427734375,0.5852
-3.17718505859375,0.58525
-2.82470703125,0.5853
-3.0712890625,0.5853500000000001
-3.365478515625,0.5854000000000001
-3.06915283203125,0.5854500000000001
-3.052978515625,0.5855000000000001
-3.13873291015625,0.5855500000000001
-3.12530517578125,0.5856000000000001
-3.15460205078125,0.5856500000000001
-3.48968505859375,0.5857000000000001
-3.54248046875,0.5857500000000001
-3.20220947265625,0.5858000000000001
-3.3319091796875,0.5858500000000001
-3.5546875,0.5859000000000001
-3.32000732421875,0.5859500000000001
-3.41583251953125,0.5860000000000001
-3.3843994140625,0.5860500000000001
-3.28125,0.5861000000000001
-3.21136474609375,0.5861500000000001
-3.16802978515625,0.5862
-3.18206787109375,0.58625
-3.4295654296875,0.5863
-3.15399169921875,0.5863500000000001
-3.23486328125,0.5864000000000001
-3.2086181640625,0.5864500000000001
-3.1866455078125,0.5865000000000001
-3.450927734375,0.5865500000000001
-3.3984375,0.5866000000000001
-2.96295166015625,0.5866500000000001
-3.17962646484375,0.5867000000000001
-3.0438232421875,0.5867500000000001
-3.089599609375,0.5868000000000001
-3.64349365234375,0.5868500000000001
-3.14178466796875,0.5869000000000001
-3.023681640625,0.5869500000000001
-2.97271728515625,0.5870000000000001
-3.277587890625,0.5870500000000001
-3.14208984375,0.5871000000000001
-3.14117431640625,0.5871500000000001
-3.19061279296875,0.5872
-3.35906982421875,0.58725
-2.933349609375,0.5873
-3.13446044921875,0.58735
-2.78778076171875,0.5874000000000001
-2.8912353515625,0.5874500000000001
-3.0731201171875,0.5875000000000001
-3.16650390625,0.5875500000000001
-2.79296875,0.5876000000000001
-3.01849365234375,0.5876500000000001
-3.0859375,0.5877000000000001
-3.14697265625,0.5877500000000001
-2.8692626953125,0.5878000000000001
-2.928466796875,0.5878500000000001
-2.8387451171875,0.5879000000000001
-2.92938232421875,0.5879500000000001
-2.83111572265625,0.5880000000000001
-2.886962890625,0.5880500000000001
-2.79022216796875,0.5881000000000001
-2.61474609375,0.5881500000000001
-2.958984375,0.5882000000000001
-2.823486328125,0.58825
-2.64801025390625,0.5883
-2.85888671875,0.58835
-2.7850341796875,0.5884000000000001
-2.43438720703125,0.5884500000000001
-3.0206298828125,0.5885000000000001
-3.01788330078125,0.5885500000000001
-2.84942626953125,0.5886000000000001
-2.82806396484375,0.5886500000000001
-2.891845703125,0.5887000000000001
-2.8924560546875,0.5887500000000001
-2.8033447265625,0.5888000000000001
-3.0767822265625,0.5888500000000001
-3.15704345703125,0.5889000000000001
-2.69256591796875,0.5889500000000001
-2.68951416015625,0.5890000000000001
-2.97332763671875,0.5890500000000001
-2.74993896484375,0.5891000000000001
-2.95440673828125,0.5891500000000001
-2.81829833984375,0.5892000000000001
-2.8717041015625,0.58925
-2.7685546875,0.5893
-2.86834716796875,0.58935
-2.908935546875,0.5894000000000001
-2.8900146484375,0.5894500000000001
-2.94830322265625,0.5895000000000001
-2.95654296875,0.5895500000000001
-2.7325439453125,0.5896000000000001
-2.8875732421875,0.5896500000000001
-3.25592041015625,0.5897000000000001
-2.98583984375,0.5897500000000001
-2.508544921875,0.5898000000000001
-2.841796875,0.5898500000000001
-2.82562255859375,0.5899000000000001
-2.67364501953125,0.5899500000000001
-2.9119873046875,0.5900000000000001
-2.85186767578125,0.5900500000000001
-2.8533935546875,0.5901000000000001
-2.79754638671875,0.5901500000000001
-2.97698974609375,0.5902000000000001
-2.79205322265625,0.59025
-3.16009521484375,0.5903
-3.26690673828125,0.59035
-3.33343505859375,0.5904000000000001
-3.1182861328125,0.5904500000000001
-3.265380859375,0.5905000000000001
-3.1683349609375,0.5905500000000001
-3.22052001953125,0.5906000000000001
-3.1475830078125,0.5906500000000001
-3.14422607421875,0.5907000000000001
-2.8887939453125,0.5907500000000001
-3.3392333984375,0.5908000000000001
-3.2965087890625,0.5908500000000001
-3.04595947265625,0.5909000000000001
-3.25042724609375,0.5909500000000001
-3.282470703125,0.5910000000000001
-3.2208251953125,0.5910500000000001
-3.32000732421875,0.5911000000000001
-3.22296142578125,0.5911500000000001
-3.271484375,0.5912000000000001
-3.25836181640625,0.59125
-3.02642822265625,0.5913
-3.57086181640625,0.59135
-3.12469482421875,0.5914000000000001
-3.09326171875,0.5914500000000001
-2.8387451171875,0.5915000000000001
-3.270263671875,0.5915500000000001
-2.75787353515625,0.5916000000000001
-3.00994873046875,0.5916500000000001
-3.0963134765625,0.5917000000000001
-3.01300048828125,0.5917500000000001
-3.04656982421875,0.5918000000000001
-3.29437255859375,0.5918500000000001
-3.00079345703125,0.5919000000000001
-3.06884765625,0.5919500000000001
-3.3203125,0.5920000000000001
-3.31451416015625,0.5920500000000001
-2.84576416015625,0.5921000000000001
-2.718505859375,0.5921500000000001
-3.07647705078125,0.5922000000000001
-3.1475830078125,0.59225
-2.82623291015625,0.5923
-3.0572509765625,0.59235
-2.95074462890625,0.5924000000000001
-2.96478271484375,0.5924500000000001
-3.12408447265625,0.5925000000000001
-2.996826171875,0.5925500000000001
-2.9058837890625,0.5926000000000001
-2.83966064453125,0.5926500000000001
-2.943115234375,0.5927000000000001
-2.92724609375,0.5927500000000001
-2.78045654296875,0.5928000000000001
-3.01788330078125,0.5928500000000001
-2.9168701171875,0.5929000000000001
-2.7392578125,0.5929500000000001
-2.7862548828125,0.5930000000000001
-2.75421142578125,0.5930500000000001
-2.80792236328125,0.5931000000000001
-2.8594970703125,0.5931500000000001
-3.1378173828125,0.5932000000000001
-2.62847900390625,0.59325
-2.9888916015625,0.5933
-3.187255859375,0.59335
-2.85797119140625,0.5934000000000001
-3.0731201171875,0.5934500000000001
-3.0291748046875,0.5935000000000001
-2.9034423828125,0.5935500000000001
-2.85888671875,0.5936000000000001
-3.01910400390625,0.5936500000000001
-2.86163330078125,0.5937000000000001
-2.79632568359375,0.5937500000000001
-3.0206298828125,0.5938000000000001
-2.90313720703125,0.5938500000000001
-2.86285400390625,0.5939000000000001
-3.0389404296875,0.5939500000000001
-2.90283203125,0.5940000000000001
-2.960205078125,0.5940500000000001
-2.7362060546875,0.5941000000000001
-2.93243408203125,0.5941500000000001
-3.0059814453125,0.5942000000000001
-2.87811279296875,0.5942500000000001
-2.78594970703125,0.5943
-3.12957763671875,0.59435
-2.81524658203125,0.5944
-2.85797119140625,0.5944500000000001
-3.0865478515625,0.5945000000000001
-2.91412353515625,0.5945500000000001
-2.8936767578125,0.5946000000000001
-2.623291015625,0.5946500000000001
-2.8662109375,0.5947000000000001
-2.43072509765625,0.5947500000000001
-2.7618408203125,0.5948000000000001
-2.9583740234375,0.5948500000000001
-2.923583984375,0.5949000000000001
-2.71759033203125,0.5949500000000001
-2.90252685546875,0.5950000000000001
-2.90740966796875,0.5950500000000001
-3.06915283203125,0.5951000000000001
-3.10638427734375,0.5951500000000001
-2.95654296875,0.5952000000000001
-2.628173828125,0.5952500000000001
-2.9754638671875,0.5953
-3.03314208984375,0.59535
-2.7728271484375,0.5954
-2.91351318359375,0.5954500000000001
-2.7056884765625,0.5955000000000001
-2.8826904296875,0.5955500000000001
-2.74169921875,0.5956000000000001
-2.7410888671875,0.5956500000000001
-2.65533447265625,0.5957000000000001
-2.77740478515625,0.5957500000000001
-2.63275146484375,0.5958000000000001
-3.0560302734375,0.5958500000000001
-2.655029296875,0.5959000000000001
-2.76611328125,0.5959500000000001
-2.9193115234375,0.5960000000000001
-2.95135498046875,0.5960500000000001
-2.6141357421875,0.5961000000000001
-2.6934814453125,0.5961500000000001
-2.847900390625,0.5962000000000001
-2.808837890625,0.5962500000000001
-2.77435302734375,0.5963
-2.896728515625,0.59635
-2.67669677734375,0.5964
-2.828369140625,0.5964500000000001
-3.11981201171875,0.5965000000000001
-3.03863525390625,0.5965500000000001
-3.04046630859375,0.5966000000000001
-2.8411865234375,0.5966500000000001
-3.01300048828125,0.5967000000000001
-3.00567626953125,0.5967500000000001
-3.09783935546875,0.5968000000000001
-2.79022216796875,0.5968500000000001
-2.822265625,0.5969000000000001
-3.10516357421875,0.5969500000000001
-3.01788330078125,0.5970000000000001
-2.88330078125,0.5970500000000001
-3.07220458984375,0.5971000000000001
-2.84942626953125,0.5971500000000001
-3.04107666015625,0.5972000000000001
-2.92877197265625,0.5972500000000001
-2.730712890625,0.5973
-3.24188232421875,0.59735
-3.0279541015625,0.5974
-2.99835205078125,0.5974500000000001
-3.3251953125,0.5975000000000001
-2.78289794921875,0.5975500000000001
-3.1219482421875,0.5976000000000001
-3.53759765625,0.5976500000000001
-3.42071533203125,0.5977000000000001
-3.3782958984375,0.5977500000000001
-3.048095703125,0.5978000000000001
-3.4906005859375,0.5978500000000001
-3.22967529296875,0.5979000000000001
-3.34625244140625,0.5979500000000001
-3.35723876953125,0.5980000000000001
-3.20037841796875,0.5980500000000001
-2.97882080078125,0.5981000000000001
-3.08685302734375,0.5981500000000001
-3.16009521484375,0.5982000000000001
-3.0352783203125,0.5982500000000001
-3.22540283203125,0.5983
-3.193359375,0.59835
-2.97149658203125,0.5984
-3.1048583984375,0.5984500000000001
-3.27362060546875,0.5985000000000001
-3.15032958984375,0.5985500000000001
-3.25286865234375,0.5986000000000001
-3.15338134765625,0.5986500000000001
-3.2183837890625,0.5987000000000001
-3.0914306640625,0.5987500000000001
-2.98309326171875,0.5988000000000001
-3.09722900390625,0.5988500000000001
-3.25775146484375,0.5989000000000001
-2.64801025390625,0.5989500000000001
-3.2891845703125,0.5990000000000001
-3.05267333984375,0.5990500000000001
-2.87200927734375,0.5991000000000001
-3.05908203125,0.5991500000000001
-3.037109375,0.5992000000000001
-2.880859375,0.5992500000000001
-3.1353759765625,0.5993
-3.30291748046875,0.59935
-3.349609375,0.5994
-3.18206787109375,0.5994500000000001
-3.27484130859375,0.5995000000000001
-3.1793212890625,0.5995500000000001
-3.0517578125,0.5996000000000001
-2.9632568359375,0.5996500000000001
-3.1976318359375,0.5997000000000001
-3.09783935546875,0.5997500000000001
-2.92449951171875,0.5998000000000001
-3.20404052734375,0.5998500000000001
-3.0078125,0.5999000000000001
-3.221435546875,0.5999500000000001
-3.14666748046875,0.6
-3.0584716796875,0.60005
-3.09783935546875,0.6001
-3.06884765625,0.60015
-3.17413330078125,0.6002
-3.31695556640625,0.60025
-3.23486328125,0.6003
-3.23516845703125,0.6003499999999999
-3.072509765625,0.6003999999999999
-2.99835205078125,0.6004499999999999
-3.685302734375,0.6004999999999999
-3.427734375,0.60055
-2.822265625,0.6006
-3.2366943359375,0.60065
-3.1488037109375,0.6007
-3.11431884765625,0.60075
-3.39141845703125,0.6008
-3.3148193359375,0.60085
-3.21044921875,0.6009
-3.14453125,0.60095
-3.43841552734375,0.601
-3.15765380859375,0.60105
-3.2757568359375,0.6011
-3.36822509765625,0.60115
-3.45611572265625,0.6012
-3.35479736328125,0.60125
-3.2489013671875,0.6013
-3.345947265625,0.6013499999999999
-3.32366943359375,0.6013999999999999
-3.2720947265625,0.6014499999999999
-3.38775634765625,0.6014999999999999
-3.065185546875,0.60155
-3.218994140625,0.6016
-3.214111328125,0.60165
-3.07647705078125,0.6017
-3.060302734375,0.60175
-2.96630859375,0.6018
-3.072509765625,0.60185
-3.1036376953125,0.6019
-2.9510498046875,0.60195
-3.214111328125,0.602
-3.0810546875,0.60205
-2.6568603515625,0.6021
-3.3538818359375,0.60215
-3.19915771484375,0.6022
-2.9998779296875,0.60225
-2.735595703125,0.6023
-3.187255859375,0.6023499999999999
-2.80303955078125,0.6023999999999999
-3.0780029296875,0.6024499999999999
-3.16497802734375,0.6024999999999999
-3.15338134765625,0.60255
-3.0621337890625,0.6026
-3.184814453125,0.60265
-2.83935546875,0.6027
-2.87445068359375,0.60275
-3.24249267578125,0.6028
-3.330078125,0.60285
-3.11676025390625,0.6029
-2.68035888671875,0.60295
-3.1268310546875,0.603
-3.1903076171875,0.60305
-3.2080078125,0.6031
-3.2330322265625,0.60315
-3.1005859375,0.6032
-3.128662109375,0.60325
-3.25408935546875,0.6033
-3.41156005859375,0.6033499999999999
-3.5980224609375,0.6033999999999999
-3.2476806640625,0.6034499999999999
-3.65447998046875,0.6034999999999999
-3.7005615234375,0.60355
-3.48114013671875,0.6036
-3.941650390625,0.60365
-3.6248779296875,0.6037
-3.3074951171875,0.60375
-3.7542724609375,0.6038
-3.65814208984375,0.60385
-3.682861328125,0.6039
-3.76739501953125,0.60395
-4.01275634765625,0.604
-3.47320556640625,0.60405
-3.541259765625,0.6041
-3.73748779296875,0.60415
-3.524169921875,0.6042
-3.656005859375,0.60425
-3.51043701171875,0.6043
-3.648681640625,0.6043499999999999
-3.63739013671875,0.6043999999999999
-3.74114990234375,0.6044499999999999
-3.77685546875,0.6044999999999999
-3.68896484375,0.60455
-3.4295654296875,0.6046
-3.52874755859375,0.60465
-3.51318359375,0.6047
-3.55865478515625,0.60475
-3.3642578125,0.6048
-3.14453125,0.60485
-3.2489013671875,0.6049
-3.006591796875,0.60495
-3.08013916015625,0.605
-3.1646728515625,0.60505
-2.840576171875,0.6051
-2.96173095703125,0.60515
-2.99591064453125,0.6052
-2.82562255859375,0.60525
-3.24005126953125,0.6053
-2.92022705078125,0.6053499999999999
-2.9901123046875,0.6053999999999999
-2.6593017578125,0.6054499999999999
-3.13201904296875,0.6054999999999999
-2.7923583984375,0.60555
-3.060302734375,0.6056
-3.43994140625,0.60565
-3.47198486328125,0.6057
-3.14697265625,0.60575
-3.31329345703125,0.6058
-3.57391357421875,0.60585
-3.41156005859375,0.6059
-3.619384765625,0.60595
-3.54949951171875,0.606
-3.427734375,0.60605
-3.392333984375,0.6061
-3.50128173828125,0.60615
-3.4063720703125,0.6062
-3.41552734375,0.60625
-3.43963623046875,0.6063
-3.555908203125,0.60635
-3.15185546875,0.6063999999999999
-3.338623046875,0.6064499999999999
-3.29193115234375,0.6064999999999999
-3.369140625,0.6065499999999999
-2.9656982421875,0.6066
-3.30108642578125,0.60665
-3.179931640625,0.6067
-3.021240234375,0.60675
-3.11126708984375,0.6068
-3.143310546875,0.60685
-2.92205810546875,0.6069
-2.7874755859375,0.60695
-2.82257080078125,0.607
-2.911376953125,0.60705
-2.70477294921875,0.6071
-2.99835205078125,0.60715
-2.80029296875,0.6072
-2.56011962890625,0.60725
-3.1610107421875,0.6073
-3.10302734375,0.60735
-3.0322265625,0.6073999999999999
-2.59063720703125,0.6074499999999999
-2.816162109375,0.6074999999999999
-3.09417724609375,0.6075499999999999
-3.10516357421875,0.6076
-2.96051025390625,0.60765
-2.85980224609375,0.6077
-2.9608154296875,0.60775
-2.8509521484375,0.6078
-2.957763671875,0.60785
-2.90679931640625,0.6079
-3.0865478515625,0.60795
-2.97576904296875,0.608
-2.9180908203125,0.60805
-2.65899658203125,0.6081
-3.11004638671875,0.60815
-2.96478271484375,0.6082
-3.0389404296875,0.60825
-2.96966552734375,0.6083
-2.843017578125,0.60835
-2.972412109375,0.6083999999999999
-3.155517578125,0.6084499999999999
-3.26934814453125,0.6084999999999999
-3.114013671875,0.6085499999999999
-2.53509521484375,0.6086
-3.0865478515625,0.60865
-2.94586181640625,0.6087
-2.81280517578125,0.60875
-2.982177734375,0.6088
-2.919921875,0.60885
-2.823486328125,0.6089
-3.0377197265625,0.60895
-3.10272216796875,0.609
-3.04473876953125,0.60905
-3.1494140625,0.6091
-3.2257080078125,0.60915
-3.33740234375,0.6092
-3.240966796875,0.60925
-3.3575439453125,0.6093
-3.011474609375,0.60935
-3.4375,0.6093999999999999
-2.88818359375,0.6094499999999999
-3.179931640625,0.6094999999999999
-2.9498291015625,0.6095499999999999
-2.9254150390625,0.6096
-3.12530517578125,0.60965
-3.30963134765625,0.6097
-2.86590576171875,0.60975
-3.328857421875,0.6098
-3.31024169921875,0.60985
-3.22662353515625,0.6099
-3.2977294921875,0.60995
-3.253173828125,0.61
-3.26568603515625,0.61005
-3.096923828125,0.6101
-3.51715087890625,0.61015
-3.4197998046875,0.6102
-3.07708740234375,0.61025
-3.10028076171875,0.6103
-3.22052001953125,0.61035
-2.74322509765625,0.6103999999999999
-3.04229736328125,0.6104499999999999
-3.109130859375,0.6104999999999999
-3.12835693359375,0.6105499999999999
-2.97454833984375,0.6106
-3.18756103515625,0.61065
-3.15338134765625,0.6107
-3.01910400390625,0.61075
-3.12286376953125,0.6108
-3.0731201171875,0.61085
-2.9840087890625,0.6109
-2.55584716796875,0.61095
-2.8887939453125,0.611
-3.148193359375,0.61105
-2.86956787109375,0.6111
-2.85675048828125,0.61115
-2.94677734375,0.6112
-2.694091796875,0.61125
-3.173828125,0.6113
-3.12042236328125,0.61135
-2.92205810546875,0.6113999999999999
-2.83660888671875,0.6114499999999999
-2.8790283203125,0.6114999999999999
-2.783203125,0.6115499999999999
-3.06610107421875,0.6116
-3.3099365234375,0.61165
-2.90283203125,0.6117
-2.71728515625,0.61175
-3.27789306640625,0.6118
-3.22662353515625,0.61185
-3.10028076171875,0.6119
-3.17840576171875,0.61195
-3.16070556640625,0.612
-3.1060791015625,0.61205
-3.0902099609375,0.6121
-3.203125,0.61215
-2.88848876953125,0.6122
-3.2830810546875,0.61225
-3.2403564453125,0.6123
-3.25225830078125,0.61235
-2.92999267578125,0.6123999999999999
-3.08685302734375,0.6124499999999999
-3.16253662109375,0.6124999999999999
-3.1976318359375,0.6125499999999999
-2.7911376953125,0.6126
-2.90191650390625,0.61265
-3.04412841796875,0.6127
-3.0889892578125,0.61275
-3.0712890625,0.6128
-3.016357421875,0.61285
-2.85675048828125,0.6129
-2.96722412109375,0.61295
-3.24859619140625,0.613
-3.0755615234375,0.61305
-2.88848876953125,0.6131
-2.96234130859375,0.61315
-2.9254150390625,0.6132
-2.68096923828125,0.61325
-3.2080078125,0.6133
-3.074951171875,0.61335
-2.9168701171875,0.6134
-2.86834716796875,0.6134499999999999
-3.0029296875,0.6134999999999999
-2.711181640625,0.6135499999999999
-2.916259765625,0.6135999999999999
-3.1768798828125,0.61365
-3.24066162109375,0.6137
-2.9205322265625,0.61375
-3.25439453125,0.6138
-3.2177734375,0.61385
-3.38531494140625,0.6139
-3.26446533203125,0.61395
-3.13568115234375,0.614
-3.12103271484375,0.61405
-2.84027099609375,0.6141
-3.09600830078125,0.61415
-3.21624755859375,0.6142
-3.017578125,0.61425
-3.0413818359375,0.6143
-3.0908203125,0.61435
-2.99835205078125,0.6144
-3.20709228515625,0.6144499999999999
-3.28582763671875,0.6144999999999999
-3.148193359375,0.6145499999999999
-3.056640625,0.6145999999999999
-3.34991455078125,0.61465
-3.489990234375,0.6147
-3.53057861328125,0.61475
-3.6126708984375,0.6148
-3.2940673828125,0.61485
-3.07952880859375,0.6149
-3.28765869140625,0.61495
-3.19671630859375,0.615
-3.253173828125,0.61505
-3.30413818359375,0.6151
-3.09356689453125,0.61515
-3.1878662109375,0.6152
-3.08502197265625,0.61525
-3.42559814453125,0.6153
-3.2305908203125,0.61535
-3.2525634765625,0.6154
-3.11187744140625,0.6154499999999999
-3.07342529296875,0.6154999999999999
-3.28765869140625,0.6155499999999999
-3.35113525390625,0.6155999999999999
-3.00689697265625,0.61565
-3.28948974609375,0.6157
-3.1292724609375,0.61575
-3.04290771484375,0.6158
-3.49609375,0.61585
-3.382568359375,0.6159
-3.0706787109375,0.61595
-3.41400146484375,0.616
-3.10638427734375,0.61605
-3.0316162109375,0.6161
-3.5369873046875,0.61615
-3.072509765625,0.6162
-2.97271728515625,0.61625
-3.265380859375,0.6163
-3.16680908203125,0.61635
-3.05267333984375,0.6164
-3.28582763671875,0.6164499999999999
-3.3819580078125,0.6164999999999999
-3.28277587890625,0.6165499999999999
-3.07525634765625,0.6165999999999999
-3.12530517578125,0.61665
-3.19122314453125,0.6167
-3.26507568359375,0.61675
-3.33953857421875,0.6168
-3.40789794921875,0.61685
-3.0023193359375,0.6169
-3.0316162109375,0.61695
-3.31878662109375,0.617
-3.10821533203125,0.61705
-3.02032470703125,0.6171
-2.85369873046875,0.61715
-2.9376220703125,0.6172
-3.0377197265625,0.61725
-2.91717529296875,0.6173
-2.96966552734375,0.61735
-3.1561279296875,0.6174
-2.68218994140625,0.6174499999999999
-3.28369140625,0.6174999999999999
-2.99835205078125,0.6175499999999999
-3.04443359375,0.6175999999999999
-2.943115234375,0.61765
-3.24859619140625,0.6177
-2.90283203125,0.61775
-3.193359375,0.6178
-3.09417724609375,0.61785
-3.2928466796875,0.6179
-3.37188720703125,0.61795
-3.14544677734375,0.618
-2.916259765625,0.61805
-2.83111572265625,0.6181
-3.13812255859375,0.61815
-3.03131103515625,0.6182
-3.1024169921875,0.61825
-2.69683837890625,0.6183
-2.9449462890625,0.61835
-3.13446044921875,0.6184
-3.13018798828125,0.6184499999999999
-2.88360595703125,0.6184999999999999
-3.05572509765625,0.6185499999999999
-2.84942626953125,0.6185999999999999
-3.1964111328125,0.6186499999999999
-3.17352294921875,0.6187
-3.09326171875,0.61875
-2.8558349609375,0.6188
-3.02337646484375,0.61885
-3.21502685546875,0.6189
-2.779541015625,0.61895
-2.9803466796875,0.619
-3.09112548828125,0.61905
-2.864990234375,0.6191
-2.99591064453125,0.61915
-2.89276123046875,0.6192
-2.8314208984375,0.61925
-3.201904296875,0.6193
-3.0072021484375,0.61935
-2.9705810546875,0.6194
-3.0206298828125,0.61945
-2.84149169921875,0.6194999999999999
-2.97271728515625,0.6195499999999999
-3.07830810546875,0.6195999999999999
-3.26690673828125,0.61965
-3.04107666015625,0.6197
-2.7435302734375,0.61975
-2.84942626953125,0.6198
-3.15826416015625,0.61985
-3.02490234375,0.6199
-2.8338623046875,0.61995
-2.7734375,0.62
-3.0084228515625,0.62005
-2.7825927734375,0.6201
-2.98736572265625,0.62015
-2.82623291015625,0.6202
-3.05572509765625,0.62025
-2.65289306640625,0.6203
-2.83905029296875,0.62035
-2.66632080078125,0.6204
-2.723388671875,0.62045
-2.87109375,0.6204999999999999
-3.0078125,0.6205499999999999
-2.62725830078125,0.6205999999999999
-2.99224853515625,0.6206499999999999
-3.02276611328125,0.6207
-2.87628173828125,0.62075
-2.90924072265625,0.6208
-2.9638671875,0.62085
-2.7178955078125,0.6209
-2.83447265625,0.62095
-2.957763671875,0.621
-2.94281005859375,0.62105
-3.10699462890625,0.6211
-2.82379150390625,0.62115
-2.91107177734375,0.6212
-2.87689208984375,0.62125
-3.02215576171875,0.6213
-3.0859375,0.62135
-3.177490234375,0.6214
-2.62420654296875,0.62145
-3.09295654296875,0.6214999999999999
-3.22784423828125,0.6215499999999999
-3.09356689453125,0.6215999999999999
-2.904052734375,0.62165
-3.3062744140625,0.6217
-2.90435791015625,0.62175
-3.08746337890625,0.6218
-3.05572509765625,0.62185
-3.06396484375,0.6219
-2.89642333984375,0.62195
-3.15216064453125,0.622
-3.0938720703125,0.62205
-2.97698974609375,0.6221
-3.12408447265625,0.62215
-3.1658935546875,0.6222
-3.02581787109375,0.62225
-2.88787841796875,0.6223
-2.95989990234375,0.62235
-3.06732177734375,0.6224
-3.1585693359375,0.62245
-3.20556640625,0.6224999999999999
-2.9510498046875,0.6225499999999999
-2.88970947265625,0.6225999999999999
-2.987060546875,0.6226499999999999
-2.99774169921875,0.6227
-3.0963134765625,0.62275
-2.86834716796875,0.6228
-2.91717529296875,0.62285
-2.830810546875,0.6229
-2.92022705078125,0.62295
-2.90252685546875,0.623
-2.891845703125,0.62305
-2.90496826171875,0.6231
-2.91229248046875,0.62315
-3.10150146484375,0.6232
-2.8533935546875,0.62325
-2.96966552734375,0.6233
-3.0767822265625,0.62335
-3.01239013671875,0.6234
-2.75177001953125,0.62345
-2.8912353515625,0.6234999999999999
-2.947998046875,0.6235499999999999
-2.92938232421875,0.6235999999999999
-2.8607177734375,0.6236499999999999
-2.68707275390625,0.6237
-3.0029296875,0.62375
-3.10760498046875,0.6238
-2.9144287109375,0.62385
-3.082275390625,0.6239
-2.76824951171875,0.62395
-3.0145263671875,0.624
-2.984619140625,0.62405
-3.04229736328125,0.6241
-3.226318359375,0.62415
-3.0657958984375,0.6242
-3.0169677734375,0.62425
-3.06060791015625,0.6243
-3.12713623046875,0.62435
-2.9669189453125,0.6244
-3.09600830078125,0.62445
-3.06121826171875,0.6244999999999999
-3.18756103515625,0.6245499999999999
-3.14483642578125,0.6245999999999999
-3.23394775390625,0.6246499999999999
-3.03619384765625,0.6247
-3.460693359375,0.62475
-2.9425048828125,0.6248
-3.26629638671875,0.62485
-2.80853271484375,0.6249
-2.94036865234375,0.62495
-3.2769775390625,0.625
-3.380126953125,0.62505
-2.82012939453125,0.6251
-3.177490234375,0.62515
-3.29376220703125,0.6252
-3.16680908203125,0.6252500000000001
-3.16253662109375,0.6253000000000001
-2.79937744140625,0.6253500000000001
-2.9583740234375,0.6254000000000001
-2.91351318359375,0.6254500000000001
-2.85552978515625,0.6255000000000001
-2.869873046875,0.62555
-3.14208984375,0.6256
-3.03436279296875,0.62565
-3.12652587890625,0.6257
-2.8485107421875,0.62575
-3.07373046875,0.6258
-3.314208984375,0.62585
-3.36090087890625,0.6259
-2.9925537109375,0.62595
-3.34808349609375,0.626
-3.15826416015625,0.62605
-3.280029296875,0.6261
-2.9547119140625,0.62615
-3.26171875,0.6262
-3.27789306640625,0.62625
-2.8607177734375,0.6263000000000001
-2.9327392578125,0.6263500000000001
-2.99346923828125,0.6264000000000001
-3.0584716796875,0.6264500000000001
-3.0242919921875,0.6265000000000001
-3.12255859375,0.62655
-2.73284912109375,0.6266
-3.22296142578125,0.62665
-3.36578369140625,0.6267
-3.1280517578125,0.62675
-2.8509521484375,0.6268
-2.9205322265625,0.62685
-3.06793212890625,0.6269
-2.94342041015625,0.62695
-3.09173583984375,0.627
-2.77679443359375,0.62705
-2.77496337890625,0.6271
-2.9046630859375,0.62715
-2.96783447265625,0.6272
-2.962646484375,0.62725
-3.04046630859375,0.6273000000000001
-2.91534423828125,0.6273500000000001
-2.7471923828125,0.6274000000000001
-2.79937744140625,0.6274500000000001
-3.1304931640625,0.6275000000000001
-2.83935546875,0.62755
-3.14056396484375,0.6276
-3.0755615234375,0.62765
-3.11767578125,0.6277
-3.0548095703125,0.62775
-3.02642822265625,0.6278
-3.25164794921875,0.62785
-3.33587646484375,0.6279
-2.80120849609375,0.62795
-3.0615234375,0.628
-3.15185546875,0.62805
-2.95501708984375,0.6281
-3.47747802734375,0.62815
-3.34625244140625,0.6282
-3.07464599609375,0.62825
-3.49700927734375,0.6283000000000001
-3.499755859375,0.6283500000000001
-3.51318359375,0.6284000000000001
-3.55438232421875,0.6284500000000001
-3.40545654296875,0.6285000000000001
-3.7188720703125,0.62855
-3.48052978515625,0.6286
-3.909912109375,0.62865
-3.875732421875,0.6287
-3.97125244140625,0.62875
-3.6376953125,0.6288
-3.897705078125,0.62885
-3.47412109375,0.6289
-3.7213134765625,0.62895
-3.69781494140625,0.629
-3.7652587890625,0.62905
-3.62640380859375,0.6291
-3.64105224609375,0.62915
-3.6322021484375,0.6292
-3.80340576171875,0.62925
-3.6285400390625,0.6293
-3.61328125,0.6293500000000001
-3.5345458984375,0.6294000000000001
-2.9937744140625,0.6294500000000001
-3.3380126953125,0.6295000000000001
-3.51287841796875,0.62955
-3.08013916015625,0.6296
-2.88543701171875,0.62965
-3.17413330078125,0.6297
-2.55706787109375,0.62975
-2.828369140625,0.6298
-2.796630859375,0.62985
-2.7978515625,0.6299
-2.6513671875,0.62995
-2.39776611328125,0.63
-2.57293701171875,0.63005
-2.6214599609375,0.6301
-2.69561767578125,0.63015
-2.52288818359375,0.6302
-2.4151611328125,0.63025
-2.4554443359375,0.6303000000000001
-2.82989501953125,0.6303500000000001
-2.821044921875,0.6304000000000001
-2.83935546875,0.6304500000000001
-2.70416259765625,0.6305000000000001
-2.7203369140625,0.63055
-3.1317138671875,0.6306
-3.02734375,0.63065
-2.95440673828125,0.6307
-3.2171630859375,0.63075
-3.16864013671875,0.6308
-3.1597900390625,0.63085
-2.85858154296875,0.6309
-3.26171875,0.63095
-3.37310791015625,0.631
-3.46099853515625,0.63105
-2.99407958984375,0.6311
-3.06640625,0.63115
-3.40789794921875,0.6312
-3.18695068359375,0.63125
-3.0194091796875,0.6313
-3.12652587890625,0.6313500000000001
-3.08929443359375,0.6314000000000001
-2.9815673828125,0.6314500000000001
-3.1805419921875,0.6315000000000001
-2.8521728515625,0.6315500000000001
-3.060302734375,0.6316
-2.8656005859375,0.63165
-3.03009033203125,0.6317
-3.08929443359375,0.63175
-3.134765625,0.6318
-3.218994140625,0.63185
-3.123779296875,0.6319
-2.90313720703125,0.63195
-3.0474853515625,0.632
-2.923583984375,0.63205
-2.9376220703125,0.6321
-2.96112060546875,0.63215
-3.1494140625,0.6322
-2.96905517578125,0.63225
-2.7716064453125,0.6323
-3.03436279296875,0.6323500000000001
-3.20831298828125,0.6324000000000001
-3.10821533203125,0.6324500000000001
-3.31146240234375,0.6325000000000001
-3.32122802734375,0.6325500000000001
-3.14697265625,0.6326
-3.5516357421875,0.63265
-3.60748291015625,0.6327
-3.46954345703125,0.63275
-3.1884765625,0.6328
-3.68927001953125,0.63285
-3.04779052734375,0.6329
-3.3245849609375,0.63295
-3.28887939453125,0.633
-3.08197021484375,0.63305
-2.92388916015625,0.6331
-3.1585693359375,0.63315
-3.0712890625,0.6332
-3.458251953125,0.63325
-3.3941650390625,0.6333
-3.2684326171875,0.6333500000000001
-3.06488037109375,0.6334000000000001
-2.94097900390625,0.6334500000000001
-3.34075927734375,0.6335000000000001
-3.525390625,0.6335500000000001
-3.33770751953125,0.6336
-3.40850830078125,0.63365
-3.42529296875,0.6337
-3.5345458984375,0.63375
-3.50494384765625,0.6338
-3.57147216796875,0.63385
-3.5760498046875,0.6339
-3.118896484375,0.63395
-3.37310791015625,0.634
-3.333740234375,0.63405
-3.50830078125,0.6341
-3.32122802734375,0.63415
-3.5589599609375,0.6342
-3.3184814453125,0.63425
-3.284912109375,0.6343
-3.52020263671875,0.6343500000000001
-3.453369140625,0.6344000000000001
-3.1500244140625,0.6344500000000001
-3.4259033203125,0.6345000000000001
-3.209228515625,0.6345500000000001
-3.06121826171875,0.6346
-3.468017578125,0.63465
-3.1036376953125,0.6347
-3.39874267578125,0.63475
-3.34320068359375,0.6348
-3.082275390625,0.63485
-3.5540771484375,0.6349
-3.643798828125,0.63495
-3.36578369140625,0.635
-3.482666015625,0.63505
-3.45184326171875,0.6351
-3.41064453125,0.63515
-3.385009765625,0.6352
-3.47900390625,0.63525
-3.2684326171875,0.6353
-3.33251953125,0.6353500000000001
-3.24981689453125,0.6354000000000001
-3.12530517578125,0.6354500000000001
-3.3819580078125,0.6355000000000001
-3.2354736328125,0.6355500000000001
-3.0218505859375,0.6356
-3.170166015625,0.63565
-3.33282470703125,0.6357
-3.1964111328125,0.63575
-3.20526123046875,0.6358
-3.04840087890625,0.63585
-3.3416748046875,0.6359
-2.967529296875,0.63595
-3.11370849609375,0.636
-2.92266845703125,0.63605
-3.01177978515625,0.6361
-3.10516357421875,0.63615
-3.19976806640625,0.6362
-2.93701171875,0.63625
-3.15673828125,0.6363
-3.2562255859375,0.63635
-3.5052490234375,0.6364000000000001
-3.39630126953125,0.6364500000000001
-3.2720947265625,0.6365000000000001
-3.1427001953125,0.6365500000000001
-3.0706787109375,0.6366
-3.13201904296875,0.63665
-3.22174072265625,0.6367
-3.182373046875,0.63675
-2.78106689453125,0.6368
-2.99041748046875,0.63685
-2.91900634765625,0.6369
-2.99041748046875,0.63695
-2.8326416015625,0.637
-2.86895751953125,0.63705
-2.75146484375,0.6371
-3.00262451171875,0.63715
-2.99652099609375,0.6372
-3.074951171875,0.63725
-2.92724609375,0.6373
-3.04656982421875,0.6373500000000001
-3.10638427734375,0.6374000000000001
-2.74169921875,0.6374500000000001
-3.0609130859375,0.6375000000000001
-2.8167724609375,0.6375500000000001
-2.78564453125,0.6376000000000001
-2.77008056640625,0.63765
-2.87689208984375,0.6377
-2.79693603515625,0.63775
-3.1011962890625,0.6378
-3.0767822265625,0.63785
-3.018798828125,0.6379
-2.7850341796875,0.63795
-2.74993896484375,0.638
-3.07159423828125,0.63805
-3.22418212890625,0.6381
-2.99224853515625,0.63815
-3.0096435546875,0.6382
-3.0938720703125,0.63825
-3.02886962890625,0.6383
-3.23028564453125,0.63835
-3.309326171875,0.6384000000000001
-2.8564453125,0.6384500000000001
-3.1011962890625,0.6385000000000001
-2.861328125,0.6385500000000001
-2.75604248046875,0.6386000000000001
-3.182373046875,0.63865
-2.87139892578125,0.6387
-3.12744140625,0.63875
-3.0181884765625,0.6388
-3.0841064453125,0.63885
-2.967529296875,0.6389
-2.95928955078125,0.63895
-3.03009033203125,0.639
-3.29681396484375,0.63905
-2.5933837890625,0.6391
-3.06182861328125,0.63915
-3.14697265625,0.6392
-3.0853271484375,0.63925
-2.94647216796875,0.6393
-3.40728759765625,0.63935
-2.972412109375,0.6394000000000001
-3.16436767578125,0.6394500000000001
-3.36639404296875,0.6395000000000001
-3.34259033203125,0.6395500000000001
-3.59161376953125,0.6396000000000001
-3.199462890625,0.63965
-3.13751220703125,0.6397
-3.2818603515625,0.63975
-3.29681396484375,0.6398
-3.43902587890625,0.63985
-3.57330322265625,0.6399
-3.03863525390625,0.63995
-3.3404541015625,0.64
-3.2208251953125,0.64005
-3.258056640625,0.6401
-3.1640625,0.64015
-3.5845947265625,0.6402
-3.4222412109375,0.64025
-3.61724853515625,0.6403
-3.60748291015625,0.64035
-3.6981201171875,0.6404000000000001
-3.5430908203125,0.6404500000000001
-3.460693359375,0.6405000000000001
-3.49822998046875,0.6405500000000001
-3.179931640625,0.6406000000000001
-3.31390380859375,0.64065
-3.25897216796875,0.6407
-3.25836181640625,0.64075
-3.0279541015625,0.6408
-3.23455810546875,0.64085
-3.167724609375,0.6409
-3.50311279296875,0.64095
-3.4698486328125,0.641
-3.32550048828125,0.64105
-3.2427978515625,0.6411
-3.511962890625,0.64115
-3.5711669921875,0.6412
-3.71551513671875,0.64125
-3.29681396484375,0.6413
-3.3209228515625,0.64135
-3.3697509765625,0.6414000000000001
-3.148193359375,0.6414500000000001
-3.3575439453125,0.6415000000000001
-3.21197509765625,0.6415500000000001
-2.96844482421875,0.6416000000000001
-3.09722900390625,0.64165
-3.2122802734375,0.6417
-3.03375244140625,0.64175
-3.26416015625,0.6418
-3.282470703125,0.64185
-3.43353271484375,0.6419
-3.28765869140625,0.64195
-3.26995849609375,0.642
-3.1170654296875,0.64205
-3.28094482421875,0.6421
-3.23089599609375,0.64215
-3.2269287109375,0.6422
-3.087158203125,0.64225
-3.2159423828125,0.6423
-3.38470458984375,0.64235
-3.23028564453125,0.6424000000000001
-3.1695556640625,0.6424500000000001
-3.0145263671875,0.6425000000000001
-3.09295654296875,0.6425500000000001
-3.140869140625,0.6426000000000001
-3.32122802734375,0.64265
-3.3447265625,0.6427
-3.4063720703125,0.64275
-3.2177734375,0.6428
-3.38043212890625,0.64285
-3.44390869140625,0.6429
-3.17626953125,0.64295
-3.4490966796875,0.643
-3.359375,0.64305
-3.02825927734375,0.6431
-3.21746826171875,0.64315
-2.97760009765625,0.6432
-2.99468994140625,0.64325
-2.943115234375,0.6433
-3.15277099609375,0.64335
-2.88665771484375,0.6434
-2.79205322265625,0.6434500000000001
-3.009033203125,0.6435000000000001
-3.1048583984375,0.6435500000000001
-2.9925537109375,0.6436000000000001
-3.0462646484375,0.64365
-3.34747314453125,0.6437
-2.93212890625,0.64375
-3.1634521484375,0.6438
-2.9779052734375,0.64385
-3.13018798828125,0.6439
-2.70477294921875,0.64395
-2.96630859375,0.644
-2.83355712890625,0.64405
-2.906494140625,0.6441
-2.96905517578125,0.64415
-2.76214599609375,0.6442
-2.81585693359375,0.64425
-2.95135498046875,0.6443
-3.00079345703125,0.64435
-3.23272705078125,0.6444
-2.88543701171875,0.6444500000000001
-2.93548583984375,0.6445000000000001
-2.9083251953125,0.6445500000000001
-2.8131103515625,0.6446000000000001
-3.04779052734375,0.6446500000000001
-3.0145263671875,0.6447
-2.89581298828125,0.64475
-2.79815673828125,0.6448
-2.7313232421875,0.64485
-2.808837890625,0.6449
-2.84332275390625,0.64495
-2.708740234375,0.645
-2.85552978515625,0.64505
-2.54608154296875,0.6451
-2.72064208984375,0.64515
-2.7618408203125,0.6452
-2.73468017578125,0.64525
-2.84759521484375,0.6453
-2.78076171875,0.64535
-2.76763916015625,0.6454
-2.96661376953125,0.6454500000000001
-2.84423828125,0.6455000000000001
-2.9034423828125,0.6455500000000001
-2.71087646484375,0.6456000000000001
-2.72308349609375,0.6456500000000001
-2.8363037109375,0.6457
-2.71820068359375,0.64575
-2.9864501953125,0.6458
-2.79754638671875,0.64585
-2.813720703125,0.6459
-2.71270751953125,0.64595
-2.8009033203125,0.646
-2.8826904296875,0.64605
-2.63885498046875,0.6461
-2.8472900390625,0.64615
-2.9364013671875,0.6462
-2.75115966796875,0.64625
-2.87506103515625,0.6463
-3.01788330078125,0.64635
-3.25775146484375,0.6464
-2.83355712890625,0.6464500000000001
-2.9833984375,0.6465000000000001
-2.8936767578125,0.6465500000000001
-2.86773681640625,0.6466000000000001
-3.08746337890625,0.6466500000000001
-3.1256103515625,0.6467
-2.69775390625,0.64675
-3.0535888671875,0.6468
-3.2061767578125,0.64685
-3.082275390625,0.6469
-3.27239990234375,0.64695
-2.9376220703125,0.647
-3.165283203125,0.64705
-3.11370849609375,0.6471
-3.0926513671875,0.64715
-3.15185546875,0.6472
-3.08349609375,0.64725
-3.18115234375,0.6473
-3.3514404296875,0.64735
-2.9949951171875,0.6474
-3.1024169921875,0.6474500000000001
-3.34747314453125,0.6475000000000001
-3.32000732421875,0.6475500000000001
-2.97332763671875,0.6476000000000001
-3.07373046875,0.6476500000000001
-2.98492431640625,0.6477
-3.133544921875,0.64775
-3.10028076171875,0.6478
-3.10791015625,0.64785
-3.2275390625,0.6479
-2.82958984375,0.64795
-2.987060546875,0.648
-3.1280517578125,0.64805
-3.1048583984375,0.6481
-2.82958984375,0.64815
-3.3380126953125,0.6482
-2.72369384765625,0.64825
-3.14361572265625,0.6483
-3.231201171875,0.64835
-3.11126708984375,0.6484
-2.92816162109375,0.6484500000000001
-2.7825927734375,0.6485000000000001
-2.8582763671875,0.6485500000000001
-3.06060791015625,0.6486000000000001
-2.703857421875,0.6486500000000001
-2.74261474609375,0.6487
-2.9010009765625,0.64875
-2.6800537109375,0.6488
-2.9571533203125,0.64885
-3.03131103515625,0.6489
-3.1732177734375,0.64895
-3.15521240234375,0.649
-3.17626953125,0.64905
-3.0615234375,0.6491
-3.24798583984375,0.64915
-3.260498046875,0.6492
-3.29803466796875,0.64925
-3.19091796875,0.6493
-3.2177734375,0.64935
-3.2098388671875,0.6494
-3.2159423828125,0.6494500000000001
-3.34625244140625,0.6495000000000001
-3.75091552734375,0.6495500000000001
-3.03436279296875,0.6496000000000001
-3.3544921875,0.6496500000000001
-3.4332275390625,0.6497
-3.375244140625,0.64975
-3.525390625,0.6498
-3.62701416015625,0.64985
-3.05755615234375,0.6499
-3.26202392578125,0.64995
-3.69384765625,0.65
-3.697509765625,0.65005
-3.2708740234375,0.6501
-3.40484619140625,0.65015
-3.5040283203125,0.6502
-3.4124755859375,0.65025
-3.348388671875,0.6503
-3.367919921875,0.65035
-3.63189697265625,0.6504
-3.2110595703125,0.65045
-3.44757080078125,0.6505
-3.14971923828125,0.6505500000000001
-3.09967041015625,0.6506000000000001
-3.29345703125,0.6506500000000001
-3.2537841796875,0.6507000000000001
-3.189697265625,0.65075
-2.97119140625,0.6508
-2.9290771484375,0.65085
-3.20556640625,0.6509
-3.2012939453125,0.65095
-3.0615234375,0.651
-3.21868896484375,0.65105
-2.7972412109375,0.6511
-3.326416015625,0.65115
-3.25042724609375,0.6512
-3.03192138671875,0.65125
-2.8460693359375,0.6513
-3.3038330078125,0.65135
-2.84423828125,0.6514
-3.09234619140625,0.65145
-3.04595947265625,0.6515
-3.056640625,0.6515500000000001
-2.916259765625,0.6516000000000001
-2.8363037109375,0.6516500000000001
-2.98828125,0.6517000000000001
-3.055419921875,0.65175
-2.93609619140625,0.6518
-2.96112060546875,0.65185
-2.95257568359375,0.6519
-2.72247314453125,0.65195
-2.97515869140625,0.652
-3.09814453125,0.65205
-2.9229736328125,0.6521
-2.9803466796875,0.65215
-3.0987548828125,0.6522
-2.72918701171875,0.65225
-3.05755615234375,0.6523
-2.85400390625,0.65235
-2.9669189453125,0.6524
-2.843017578125,0.65245
-2.8082275390625,0.6525
-2.8448486328125,0.6525500000000001
-3.12347412109375,0.6526000000000001
-3.29193115234375,0.6526500000000001
-3.50006103515625,0.6527000000000001
-3.138427734375,0.65275
-3.365478515625,0.6528
-3.7353515625,0.65285
-3.80767822265625,0.6529
-3.4442138671875,0.65295
-4.0338134765625,0.653
-3.33587646484375,0.65305
-3.7408447265625,0.6531
-3.95233154296875,0.65315
-3.7200927734375,0.6532
-3.5382080078125,0.65325
-3.5595703125,0.6533
-3.4222412109375,0.65335
-3.51806640625,0.6534
-3.41461181640625,0.65345
-3.61236572265625,0.6535
-3.778076171875,0.6535500000000001
-3.43994140625,0.6536000000000001
-3.56109619140625,0.6536500000000001
-3.5455322265625,0.6537000000000001
-3.448486328125,0.65375
-3.66058349609375,0.6538
-3.8934326171875,0.65385
-3.3636474609375,0.6539
-3.42742919921875,0.65395
-3.45306396484375,0.654
-3.52447509765625,0.65405
-3.3489990234375,0.6541
-3.36212158203125,0.65415
-3.3062744140625,0.6542
-2.96966552734375,0.65425
-3.2757568359375,0.6543
-2.965087890625,0.65435
-2.94677734375,0.6544
-2.6409912109375,0.65445
-3.06884765625,0.6545
-2.61505126953125,0.6545500000000001
-2.65380859375,0.6546000000000001
-2.80059814453125,0.6546500000000001
-2.8155517578125,0.6547000000000001
-2.71697998046875,0.65475
-3.0120849609375,0.6548
-3.19000244140625,0.65485
-3.2086181640625,0.6549
-3.1365966796875,0.65495
-3.20648193359375,0.655
-3.3050537109375,0.65505
-3.03802490234375,0.6551
-3.20648193359375,0.65515
-3.2696533203125,0.6552
-3.42071533203125,0.65525
-3.21746826171875,0.6553
-3.18756103515625,0.65535
-3.134765625,0.6554
-3.39630126953125,0.65545
-3.262939453125,0.6555
-3.154296875,0.6555500000000001
-3.02947998046875,0.6556000000000001
-3.27423095703125,0.6556500000000001
-3.209228515625,0.6557000000000001
-3.32244873046875,0.65575
-3.0548095703125,0.6558
-3.153076171875,0.65585
-2.91595458984375,0.6559
-2.9608154296875,0.65595
-2.8509521484375,0.656
-2.7435302734375,0.65605
-2.76702880859375,0.6561
-2.7996826171875,0.65615
-2.5457763671875,0.6562
-2.51068115234375,0.65625
-2.86285400390625,0.6563
-2.82135009765625,0.65635
-2.87017822265625,0.6564
-2.6513671875,0.65645
-2.64678955078125,0.6565
-2.81463623046875,0.65655
-2.65411376953125,0.6566000000000001
-2.91046142578125,0.6566500000000001
-3.00018310546875,0.6567000000000001
-2.7734375,0.6567500000000001
-2.82012939453125,0.6568
-2.716064453125,0.65685
-2.79205322265625,0.6569
-2.7423095703125,0.65695
-2.85430908203125,0.657
-2.584228515625,0.65705
-2.54302978515625,0.6571
-2.7911376953125,0.65715
-2.8692626953125,0.6572
-2.60467529296875,0.65725
-2.84332275390625,0.6573
-2.7294921875,0.65735
-2.821044921875,0.6574
-3.067626953125,0.65745
-3.00750732421875,0.6575
-3.05633544921875,0.65755
-2.8179931640625,0.6576000000000001
-3.1878662109375,0.6576500000000001
-2.7520751953125,0.6577000000000001
-2.68096923828125,0.6577500000000001
-2.9461669921875,0.6578
-2.95501708984375,0.65785
-2.696533203125,0.6579
-2.84149169921875,0.65795
-2.69073486328125,0.658
-2.9949951171875,0.65805
-2.97332763671875,0.6581
-2.79022216796875,0.65815
-3.05999755859375,0.6582
-2.93731689453125,0.65825
-3.11492919921875,0.6583
-3.24127197265625,0.65835
-3.42742919921875,0.6584
-2.83294677734375,0.65845
-2.9876708984375,0.6585
-2.93212890625,0.65855
-3.333740234375,0.6586000000000001
-3.14422607421875,0.6586500000000001
-3.2916259765625,0.6587000000000001
-2.9412841796875,0.6587500000000001
-3.321533203125,0.6588
-3.084716796875,0.65885
-3.15460205078125,0.6589
-3.2330322265625,0.65895
-3.2440185546875,0.659
-3.070068359375,0.65905
-3.25927734375,0.6591
-3.07281494140625,0.65915
-3.2379150390625,0.6592
-3.30657958984375,0.65925
-3.29864501953125,0.6593
-3.06732177734375,0.65935
-3.0682373046875,0.6594
-3.46038818359375,0.65945
-3.25439453125,0.6595
-3.18359375,0.65955
-3.20037841796875,0.6596000000000001
-2.94921875,0.6596500000000001
-3.1500244140625,0.6597000000000001
-3.21044921875,0.6597500000000001
-3.1878662109375,0.6598
-3.14605712890625,0.65985
-2.90435791015625,0.6599
-3.13751220703125,0.65995
-2.9681396484375,0.66
-3.1268310546875,0.66005
-2.9254150390625,0.6601
-3.18878173828125,0.66015
-2.811279296875,0.6602
-2.9425048828125,0.66025
-3.11981201171875,0.6603
-3.14910888671875,0.66035
-2.91778564453125,0.6604
-3.023681640625,0.66045
-2.82989501953125,0.6605
-2.664794921875,0.66055
-2.87628173828125,0.6606000000000001
-3.099365234375,0.6606500000000001
-2.94281005859375,0.6607000000000001
-2.783203125,0.6607500000000001
-2.9901123046875,0.6608
-2.95440673828125,0.66085
-2.98675537109375,0.6609
-3.01666259765625,0.66095
-3.0084228515625,0.661
-2.81036376953125,0.66105
-2.85308837890625,0.6611
-2.94189453125,0.66115
-3.12591552734375,0.6612
-3.2122802734375,0.66125
-2.9791259765625,0.6613
-2.972412109375,0.66135
-3.20526123046875,0.6614
-3.2464599609375,0.66145
-3.3062744140625,0.6615
-3.209228515625,0.66155
-2.93792724609375,0.6616000000000001
-3.08746337890625,0.6616500000000001
-3.17108154296875,0.6617000000000001
-3.05908203125,0.6617500000000001
-2.98309326171875,0.6618
-3.19732666015625,0.66185
-2.7301025390625,0.6619
-2.94708251953125,0.66195
-2.70721435546875,0.662
-2.92816162109375,0.66205
-3.0511474609375,0.6621
-3.0303955078125,0.66215
-2.904052734375,0.6622
-3.0499267578125,0.66225
-3.06488037109375,0.6623
-3.24951171875,0.66235
-2.98248291015625,0.6624
-2.80853271484375,0.66245
-3.01025390625,0.6625
-2.7618408203125,0.66255
-3.0157470703125,0.6626000000000001
-2.799072265625,0.6626500000000001
-3.0047607421875,0.6627000000000001
-2.8082275390625,0.6627500000000001
-3.0743408203125,0.6628000000000001
-3.07403564453125,0.66285
-3.21502685546875,0.6629
-3.29559326171875,0.66295
-3.138427734375,0.663
-2.95257568359375,0.66305
-3.4490966796875,0.6631
-3.382568359375,0.66315
-3.23089599609375,0.6632
-3.0902099609375,0.66325
-3.39263916015625,0.6633
-3.25592041015625,0.66335
-2.93701171875,0.6634
-2.9998779296875,0.66345
-3.15460205078125,0.6635
-2.87841796875,0.66355
-3.16497802734375,0.6636
-3.02032470703125,0.6636500000000001
-2.88665771484375,0.6637000000000001
-3.1939697265625,0.6637500000000001
-3.3465576171875,0.6638000000000001
-3.00384521484375,0.66385
-2.80364990234375,0.6639
-3.160400390625,0.66395
-3.333740234375,0.664
-3.223876953125,0.66405
-3.138427734375,0.6641
-3.03131103515625,0.66415
-2.8009033203125,0.6642
-2.933349609375,0.66425
-3.1298828125,0.6643
-3.2623291015625,0.66435
-3.07586669921875,0.6644
-3.15277099609375,0.66445
-2.81829833984375,0.6645
-3.1414794921875,0.66455
-3.08837890625,0.6646
-3.25225830078125,0.6646500000000001
-3.1280517578125,0.6647000000000001
-3.28460693359375,0.6647500000000001
-3.26904296875,0.6648000000000001
-3.43170166015625,0.66485
-3.1036376953125,0.6649
-3.25958251953125,0.66495
-3.2275390625,0.665
-2.8509521484375,0.66505
-3.118896484375,0.6651
-2.93487548828125,0.66515
-2.9949951171875,0.6652
-3.03924560546875,0.66525
-3.037109375,0.6653
-2.9693603515625,0.66535
-3.12896728515625,0.6654
-3.03802490234375,0.66545
-3.2586669921875,0.6655
-2.7911376953125,0.66555
-2.93243408203125,0.6656
-3.04901123046875,0.6656500000000001
-3.074951171875,0.6657000000000001
-3.24920654296875,0.6657500000000001
-2.92266845703125,0.6658000000000001
-2.95684814453125,0.66585
-2.76611328125,0.6659
-3.08380126953125,0.66595
-2.92999267578125,0.666
-2.891845703125,0.66605
-2.95654296875,0.6661
-2.92327880859375,0.66615
-2.83203125,0.6662
-3.13323974609375,0.66625
-2.93121337890625,0.6663
-3.12835693359375,0.66635
-2.99774169921875,0.6664
-3.1085205078125,0.66645
-3.0413818359375,0.6665
-3.01025390625,0.66655
-3.16131591796875,0.6666
-3.41796875,0.6666500000000001
-2.8192138671875,0.6667000000000001
-3.22357177734375,0.6667500000000001
-3.26202392578125,0.6668000000000001
-3.017578125,0.66685
-3.17169189453125,0.6669
-3.15155029296875,0.66695
-3.0682373046875,0.667
-2.8472900390625,0.66705
-2.8814697265625,0.6671
-2.89276123046875,0.66715
-3.09661865234375,0.6672
-2.82958984375,0.66725
-2.86529541015625,0.6673
-2.9852294921875,0.66735
-3.0316162109375,0.6674
-3.10577392578125,0.66745
-3.277587890625,0.6675
-2.78961181640625,0.66755
-3.314208984375,0.6676
-2.94891357421875,0.6676500000000001
-3.20281982421875,0.6677000000000001
-2.9888916015625,0.6677500000000001
-3.343505859375,0.6678000000000001
-3.160400390625,0.66785
-2.94464111328125,0.6679
-3.004150390625,0.66795
-3.03802490234375,0.668
-3.1243896484375,0.66805
-2.96875,0.6681
-2.9644775390625,0.66815
-2.7459716796875,0.6682
-3.02734375,0.66825
-3.16650390625,0.6683
-2.87689208984375,0.66835
-2.61505126953125,0.6684
-2.8350830078125,0.66845
-2.8533935546875,0.6685
-3.03375244140625,0.66855
-3.01971435546875,0.6686
-3.00537109375,0.66865
-2.81036376953125,0.6687000000000001
-2.998046875,0.6687500000000001
-2.79022216796875,0.6688000000000001
-3.14605712890625,0.6688500000000001
-3.1658935546875,0.6689
-3.01300048828125,0.66895
-2.8973388671875,0.669
-2.764892578125,0.66905
-3.0810546875,0.6691
-3.02825927734375,0.66915
-2.96905517578125,0.6692
-3.06915283203125,0.66925
-3.0859375,0.6693
-3.02978515625,0.66935
-3.2354736328125,0.6694
-3.3197021484375,0.66945
-3.0682373046875,0.6695
-2.90802001953125,0.66955
-3.09967041015625,0.6696
-2.80303955078125,0.6696500000000001
-2.92755126953125,0.6697000000000001
-3.17291259765625,0.6697500000000001
-2.9412841796875,0.6698000000000001
-2.99041748046875,0.6698500000000001
-3.076171875,0.6699
-3.0987548828125,0.66995
-2.98828125,0.67
-2.852783203125,0.67005
-3.0474853515625,0.6701
-3.050537109375,0.67015
-2.8656005859375,0.6702
-3.253173828125,0.67025
-2.99896240234375,0.6703
-3.193359375,0.67035
-2.93792724609375,0.6704
-2.97576904296875,0.67045
-2.9071044921875,0.6705
-2.92327880859375,0.67055
-3.00567626953125,0.6706
-3.1671142578125,0.67065
-3.057861328125,0.6707000000000001
-3.15521240234375,0.6707500000000001
-2.93792724609375,0.6708000000000001
-3.26690673828125,0.6708500000000001
-3.02215576171875,0.6709
-3.46710205078125,0.67095
-3.09661865234375,0.671
-3.05328369140625,0.67105
-3.255615234375,0.6711
-3.477783203125,0.67115
-3.00048828125,0.6712
-3.34747314453125,0.67125
-3.3837890625,0.6713
-3.189697265625,0.67135
-3.47320556640625,0.6714
-3.33099365234375,0.67145
-3.380126953125,0.6715
-3.157958984375,0.67155
-3.13995361328125,0.6716
-3.04412841796875,0.6716500000000001
-3.35296630859375,0.6717000000000001
-3.30322265625,0.6717500000000001
-3.18603515625,0.6718000000000001
-3.109130859375,0.6718500000000001
-3.39111328125,0.6719
-3.18817138671875,0.67195
-3.52783203125,0.672
-3.42132568359375,0.67205
-3.34320068359375,0.6721
-3.14056396484375,0.67215
-3.30535888671875,0.6722
-3.21441650390625,0.67225
-3.15399169921875,0.6723
-3.4454345703125,0.67235
-3.1988525390625,0.6724
-3.16009521484375,0.67245
-2.79449462890625,0.6725
-3.32763671875,0.67255
-3.355712890625,0.6726
-3.057861328125,0.67265
-3.12042236328125,0.6727000000000001
-3.2672119140625,0.6727500000000001
-3.411865234375,0.6728000000000001
-3.2965087890625,0.6728500000000001
-3.3465576171875,0.6729
-3.10272216796875,0.67295
-3.1781005859375,0.673
-3.40362548828125,0.67305
-3.24005126953125,0.6731
-3.08135986328125,0.67315
-3.1329345703125,0.6732
-3.095703125,0.67325
-3.07952880859375,0.6733
-3.050537109375,0.67335
-3.2318115234375,0.6734
-3.32733154296875,0.67345
-3.41583251953125,0.6735
-3.3642578125,0.67355
-3.14788818359375,0.6736
-3.1549072265625,0.67365
-3.43994140625,0.6737000000000001
-3.309326171875,0.6737500000000001
-3.5260009765625,0.6738000000000001
-3.4234619140625,0.6738500000000001
-3.36883544921875,0.6739
-3.42315673828125,0.67395
-3.61358642578125,0.674
-3.31268310546875,0.67405
-3.609619140625,0.6741
-3.16070556640625,0.67415
-3.25408935546875,0.6742
-3.5205078125,0.67425
-3.61358642578125,0.6743
-3.2977294921875,0.67435
-3.44940185546875,0.6744
-3.46160888671875,0.67445
-3.26263427734375,0.6745
-3.663330078125,0.67455
-3.3770751953125,0.6746
-3.20404052734375,0.67465
-3.14910888671875,0.6747000000000001
-3.25653076171875,0.6747500000000001
-3.20037841796875,0.6748000000000001
-3.43658447265625,0.6748500000000001
-3.26263427734375,0.6749
-3.203125,0.67495
-2.90252685546875,0.675
-3.14910888671875,0.67505
-3.150634765625,0.6751
-3.33709716796875,0.67515
-3.3935546875,0.6752
-3.670654296875,0.6752500000000001
-3.36334228515625,0.6753000000000001
-3.74786376953125,0.6753500000000001
-3.60076904296875,0.6754000000000001
-3.7738037109375,0.6754500000000001
-3.704833984375,0.6755000000000001
-3.30078125,0.6755500000000001
-3.35906982421875,0.6756000000000001
-3.33404541015625,0.6756500000000001
-3.48907470703125,0.6757000000000001
-3.31512451171875,0.6757500000000001
-3.46038818359375,0.6758000000000001
-3.07769775390625,0.6758500000000001
-3.58642578125,0.6759000000000001
-3.570556640625,0.67595
-3.3306884765625,0.676
-3.3685302734375,0.67605
-3.50677490234375,0.6761
-3.2855224609375,0.67615
-3.57879638671875,0.6762
-3.44451904296875,0.67625
-3.260498046875,0.6763000000000001
-3.304443359375,0.6763500000000001
-3.38714599609375,0.6764000000000001
-3.1304931640625,0.6764500000000001
-3.12469482421875,0.6765000000000001
-3.18603515625,0.6765500000000001
-3.25897216796875,0.6766000000000001
-2.950439453125,0.6766500000000001
-3.118896484375,0.6767000000000001
-3.004150390625,0.6767500000000001
-2.7691650390625,0.6768000000000001
-3.37646484375,0.6768500000000001
-3.5076904296875,0.6769000000000001
-3.11431884765625,0.67695
-2.938232421875,0.677
-3.19183349609375,0.67705
-3.55560302734375,0.6771
-3.458251953125,0.67715
-3.06396484375,0.6772
-3.41888427734375,0.67725
-3.34564208984375,0.6773000000000001
-3.10943603515625,0.6773500000000001
-3.35784912109375,0.6774000000000001
-3.4930419921875,0.6774500000000001
-3.19305419921875,0.6775000000000001
-3.4881591796875,0.6775500000000001
-3.36761474609375,0.6776000000000001
-3.32366943359375,0.6776500000000001
-3.6932373046875,0.6777000000000001
-3.54156494140625,0.6777500000000001
-3.42132568359375,0.6778000000000001
-3.66668701171875,0.6778500000000001
-3.7237548828125,0.6779000000000001
-4.017333984375,0.67795
-4.1168212890625,0.678
-3.90380859375,0.67805
-3.8055419921875,0.6781
-3.32000732421875,0.67815
-3.82232666015625,0.6782
-3.75335693359375,0.67825
-3.8958740234375,0.6783000000000001
-3.8836669921875,0.6783500000000001
-3.841552734375,0.6784000000000001
-3.75,0.6784500000000001
-4.03533935546875,0.6785000000000001
-3.9605712890625,0.6785500000000001
-3.89984130859375,0.6786000000000001
-3.66058349609375,0.6786500000000001
-3.4228515625,0.6787000000000001
-3.8665771484375,0.6787500000000001
-3.83514404296875,0.6788000000000001
-3.57574462890625,0.6788500000000001
-3.282470703125,0.6789000000000001
-3.463134765625,0.67895
-2.86285400390625,0.679
-3.280029296875,0.67905
-3.25103759765625,0.6791
-2.99468994140625,0.67915
-3.0426025390625,0.6792
-2.88909912109375,0.67925
-2.55035400390625,0.6793
-3.10516357421875,0.6793500000000001
-2.6214599609375,0.6794000000000001
-2.60498046875,0.6794500000000001
-2.5030517578125,0.6795000000000001
-2.48138427734375,0.6795500000000001
-2.62847900390625,0.6796000000000001
-2.7996826171875,0.6796500000000001
-2.75604248046875,0.6797000000000001
-2.91046142578125,0.6797500000000001
-2.42462158203125,0.6798000000000001
-2.84332275390625,0.6798500000000001
-2.85369873046875,0.6799000000000001
-2.874755859375,0.67995
-3.021240234375,0.68
-3.125,0.68005
-3.121337890625,0.6801
-2.89886474609375,0.68015
-3.25164794921875,0.6802
-3.353271484375,0.68025
-3.2427978515625,0.6803000000000001
-3.16864013671875,0.6803500000000001
-3.38165283203125,0.6804000000000001
-3.369140625,0.6804500000000001
-3.4033203125,0.6805000000000001
-3.25775146484375,0.6805500000000001
-3.360595703125,0.6806000000000001
-3.07281494140625,0.6806500000000001
-3.1390380859375,0.6807000000000001
-3.143310546875,0.6807500000000001
-2.73590087890625,0.6808000000000001
-3.06427001953125,0.6808500000000001
-3.22021484375,0.6809000000000001
-2.83721923828125,0.68095
-3.0023193359375,0.681
-2.77862548828125,0.68105
-3.04046630859375,0.6811
-3.0670166015625,0.68115
-2.998046875,0.6812
-3.017578125,0.68125
-2.857666015625,0.6813
-3.09783935546875,0.6813500000000001
-3.09173583984375,0.6814000000000001
-2.99835205078125,0.6814500000000001
-2.77313232421875,0.6815000000000001
-2.80609130859375,0.6815500000000001
-2.76123046875,0.6816000000000001
-2.95623779296875,0.6816500000000001
-2.803955078125,0.6817000000000001
-2.9498291015625,0.6817500000000001
-2.9736328125,0.6818000000000001
-2.9833984375,0.6818500000000001
-3.05206298828125,0.6819000000000001
-3.1060791015625,0.6819500000000001
-3.3026123046875,0.682
-2.97698974609375,0.68205
-3.2720947265625,0.6821
-2.83538818359375,0.68215
-3.02337646484375,0.6822
-3.15185546875,0.68225
-3.07373046875,0.6823
-2.98004150390625,0.6823500000000001
-3.193359375,0.6824000000000001
-2.83721923828125,0.6824500000000001
-3.4173583984375,0.6825000000000001
-3.148193359375,0.6825500000000001
-2.99072265625,0.6826000000000001
-2.8814697265625,0.6826500000000001
-2.88543701171875,0.6827000000000001
-2.91046142578125,0.6827500000000001
-3.1640625,0.6828000000000001
-3.4136962890625,0.6828500000000001
-3.24371337890625,0.6829000000000001
-2.92266845703125,0.6829500000000001
-3.438720703125,0.683
-3.50067138671875,0.68305
-3.30902099609375,0.6831
-3.2025146484375,0.68315
-3.3197021484375,0.6832
-3.36578369140625,0.68325
-3.3197021484375,0.6833
-3.36883544921875,0.6833500000000001
-3.22601318359375,0.6834000000000001
-3.5394287109375,0.6834500000000001
-3.1231689453125,0.6835000000000001
-3.3111572265625,0.6835500000000001
-3.104248046875,0.6836000000000001
-3.15643310546875,0.6836500000000001
-3.0938720703125,0.6837000000000001
-3.35357666015625,0.6837500000000001
-2.96539306640625,0.6838000000000001
-3.11767578125,0.6838500000000001
-3.08074951171875,0.6839000000000001
-2.8448486328125,0.6839500000000001
-3.10577392578125,0.684
-3.43292236328125,0.68405
-2.7935791015625,0.6841
-3.19122314453125,0.68415
-3.302001953125,0.6842
-3.3251953125,0.68425
-3.2672119140625,0.6843
-3.44573974609375,0.6843500000000001
-3.24005126953125,0.6844000000000001
-3.14697265625,0.6844500000000001
-3.68621826171875,0.6845000000000001
-3.65936279296875,0.6845500000000001
-3.56964111328125,0.6846000000000001
-3.15582275390625,0.6846500000000001
-3.54583740234375,0.6847000000000001
-3.626708984375,0.6847500000000001
-3.341064453125,0.6848000000000001
-3.37127685546875,0.6848500000000001
-3.52630615234375,0.6849000000000001
-3.4442138671875,0.6849500000000001
-3.58489990234375,0.685
-3.41156005859375,0.68505
-3.41339111328125,0.6851
-3.30780029296875,0.68515
-3.260498046875,0.6852
-3.369140625,0.68525
-3.11981201171875,0.6853
-3.358154296875,0.6853500000000001
-3.23272705078125,0.6854000000000001
-3.131103515625,0.6854500000000001
-3.1524658203125,0.6855000000000001
-3.15887451171875,0.6855500000000001
-3.1988525390625,0.6856000000000001
-3.6151123046875,0.6856500000000001
-3.585205078125,0.6857000000000001
-3.1085205078125,0.6857500000000001
-3.02490234375,0.6858000000000001
-3.194580078125,0.6858500000000001
-3.11920166015625,0.6859000000000001
-3.2659912109375,0.6859500000000001
-3.24310302734375,0.686
-3.0389404296875,0.68605
-3.0755615234375,0.6861
-3.13812255859375,0.68615
-3.05938720703125,0.6862
-2.906494140625,0.68625
-3.03192138671875,0.6863
-3.09661865234375,0.68635
-3.2135009765625,0.6864000000000001
-3.023681640625,0.6864500000000001
-3.074951171875,0.6865000000000001
-2.9998779296875,0.6865500000000001
-3.11187744140625,0.6866000000000001
-2.96875,0.6866500000000001
-2.85675048828125,0.6867000000000001
-2.9425048828125,0.6867500000000001
-2.7880859375,0.6868000000000001
-2.85552978515625,0.6868500000000001
-3.02276611328125,0.6869000000000001
-2.7020263671875,0.6869500000000001
-3.06549072265625,0.687
-2.9296875,0.68705
-2.83416748046875,0.6871
-2.8509521484375,0.68715
-2.92510986328125,0.6872
-2.5421142578125,0.68725
-2.8857421875,0.6873
-3.19610595703125,0.6873500000000001
-2.97149658203125,0.6874000000000001
-2.7099609375,0.6874500000000001
-2.92236328125,0.6875000000000001
-2.75665283203125,0.6875500000000001
-2.828369140625,0.6876000000000001
-3.0548095703125,0.6876500000000001
-2.83203125,0.6877000000000001
-2.8314208984375,0.6877500000000001
-2.69439697265625,0.6878000000000001
-2.87841796875,0.6878500000000001
-2.8216552734375,0.6879000000000001
-2.801513671875,0.6879500000000001
-2.79144287109375,0.6880000000000001
-3.0224609375,0.68805
-2.7276611328125,0.6881
-2.9229736328125,0.68815
-2.97271728515625,0.6882
-3.10302734375,0.68825
-3.09356689453125,0.6883
-2.9656982421875,0.68835
-3.1195068359375,0.6884000000000001
-2.89398193359375,0.6884500000000001
-3.2568359375,0.6885000000000001
-3.20770263671875,0.6885500000000001
-2.8363037109375,0.6886000000000001
-2.94769287109375,0.6886500000000001
-3.00445556640625,0.6887000000000001
-2.90496826171875,0.6887500000000001
-3.0517578125,0.6888000000000001
-3.12957763671875,0.6888500000000001
-2.872314453125,0.6889000000000001
-2.77374267578125,0.6889500000000001
-3.155517578125,0.6890000000000001
-3.1768798828125,0.68905
-3.24737548828125,0.6891
-3.20770263671875,0.68915
-3.02825927734375,0.6892
-3.14544677734375,0.68925
-3.31817626953125,0.6893
-3.07525634765625,0.68935
-3.165283203125,0.6894000000000001
-3.31085205078125,0.6894500000000001
-3.2000732421875,0.6895000000000001
-3.35906982421875,0.6895500000000001
-3.2080078125,0.6896000000000001
-3.26904296875,0.6896500000000001
-3.2855224609375,0.6897000000000001
-3.19610595703125,0.6897500000000001
-3.154296875,0.6898000000000001
-3.18695068359375,0.6898500000000001
-3.1622314453125,0.6899000000000001
-3.0926513671875,0.6899500000000001
-3.17962646484375,0.6900000000000001
-3.2147216796875,0.69005
-3.2220458984375,0.6901
-3.5113525390625,0.69015
-3.61602783203125,0.6902
-3.45947265625,0.69025
-3.08441162109375,0.6903
-3.394775390625,0.69035
-2.95684814453125,0.6904000000000001
-3.0609130859375,0.6904500000000001
-3.30902099609375,0.6905000000000001
-3.2000732421875,0.6905500000000001
-2.92938232421875,0.6906000000000001
-3.23150634765625,0.6906500000000001
-3.14422607421875,0.6907000000000001
-3.18878173828125,0.6907500000000001
-3.192138671875,0.6908000000000001
-3.39385986328125,0.6908500000000001
-3.13720703125,0.6909000000000001
-3.1976318359375,0.6909500000000001
-3.34625244140625,0.6910000000000001
-3.2183837890625,0.69105
-3.34625244140625,0.6911
-2.8826904296875,0.69115
-3.21380615234375,0.6912
-2.8955078125,0.69125
-3.17169189453125,0.6913
-3.08807373046875,0.69135
-3.1536865234375,0.6914000000000001
-2.933349609375,0.6914500000000001
-3.03436279296875,0.6915000000000001
-2.96875,0.6915500000000001
-3.00872802734375,0.6916000000000001
-3.30596923828125,0.6916500000000001
-3.16192626953125,0.6917000000000001
-2.779541015625,0.6917500000000001
-2.91259765625,0.6918000000000001
-3.28399658203125,0.6918500000000001
-3.0755615234375,0.6919000000000001
-3.0743408203125,0.6919500000000001
-3.14056396484375,0.6920000000000001
-2.96783447265625,0.69205
-2.734375,0.6921
-3.1243896484375,0.69215
-2.9168701171875,0.6922
-2.9498291015625,0.69225
-2.725830078125,0.6923
-3.0743408203125,0.69235
-2.94525146484375,0.6924000000000001
-2.9937744140625,0.6924500000000001
-3.03619384765625,0.6925000000000001
-3.08135986328125,0.6925500000000001
-3.0645751953125,0.6926000000000001
-2.96783447265625,0.6926500000000001
-3.0364990234375,0.6927000000000001
-3.1451416015625,0.6927500000000001
-2.88970947265625,0.6928000000000001
-2.919921875,0.6928500000000001
-2.9046630859375,0.6929000000000001
-2.68829345703125,0.6929500000000001
-3.11859130859375,0.6930000000000001
-2.9339599609375,0.69305
-2.850341796875,0.6931
-3.17169189453125,0.69315
-2.75970458984375,0.6932
-2.744140625,0.69325
-3.12713623046875,0.6933
-3.25439453125,0.69335
-2.95166015625,0.6934
-2.69989013671875,0.6934500000000001
-3.2147216796875,0.6935000000000001
-3.026123046875,0.6935500000000001
-3.0853271484375,0.6936000000000001
-3.0792236328125,0.6936500000000001
-2.92755126953125,0.6937000000000001
-2.73773193359375,0.6937500000000001
-2.7996826171875,0.6938000000000001
-2.79266357421875,0.6938500000000001
-2.76580810546875,0.6939000000000001
-3.03924560546875,0.6939500000000001
-3.13018798828125,0.6940000000000001
-2.90740966796875,0.6940500000000001
-2.86468505859375,0.6941
-3.148193359375,0.69415
-3.165283203125,0.6942
-3.15399169921875,0.69425
-2.7459716796875,0.6943
-3.05419921875,0.69435
-2.76824951171875,0.6944
-2.867431640625,0.6944500000000001
-2.91778564453125,0.6945000000000001
-2.94464111328125,0.6945500000000001
-2.53814697265625,0.6946000000000001
-2.87506103515625,0.6946500000000001
-2.91259765625,0.6947000000000001
-2.6214599609375,0.6947500000000001
-2.72430419921875,0.6948000000000001
-2.76123046875,0.6948500000000001
-2.554931640625,0.6949000000000001
-2.7606201171875,0.6949500000000001
-3.13232421875,0.6950000000000001
-3.00262451171875,0.6950500000000001
-2.85430908203125,0.6951
-2.84454345703125,0.69515
-3.01849365234375,0.6952
-2.97271728515625,0.69525
-2.6812744140625,0.6953
-2.9644775390625,0.69535
-2.738037109375,0.6954
-2.77496337890625,0.6954500000000001
-2.9998779296875,0.6955000000000001
-2.77130126953125,0.6955500000000001
-2.9638671875,0.6956000000000001
-3.15155029296875,0.6956500000000001
-3.0413818359375,0.6957000000000001
-2.9150390625,0.6957500000000001
-2.803955078125,0.6958000000000001
-2.987060546875,0.6958500000000001
-3.18634033203125,0.6959000000000001
-2.978515625,0.6959500000000001
-2.84942626953125,0.6960000000000001
-3.06610107421875,0.6960500000000001
-2.93121337890625,0.6961
-3.56689453125,0.69615
-3.39324951171875,0.6962
-2.823486328125,0.69625
-3.00567626953125,0.6963
-3.2867431640625,0.69635
-3.01422119140625,0.6964
-3.424072265625,0.6964500000000001
-3.40423583984375,0.6965000000000001
-3.1011962890625,0.6965500000000001
-3.10638427734375,0.6966000000000001
-3.4033203125,0.6966500000000001
-3.10638427734375,0.6967000000000001
-3.2794189453125,0.6967500000000001
-3.24371337890625,0.6968000000000001
-3.3056640625,0.6968500000000001
-3.165283203125,0.6969000000000001
-3.0633544921875,0.6969500000000001
-3.365478515625,0.6970000000000001
-3.24798583984375,0.6970500000000001
-3.27728271484375,0.6971
-3.489990234375,0.69715
-3.22784423828125,0.6972
-3.38714599609375,0.69725
-3.35296630859375,0.6973
-3.45977783203125,0.69735
-3.19580078125,0.6974
-3.0517578125,0.6974500000000001
-3.07586669921875,0.6975000000000001
-3.15704345703125,0.6975500000000001
-3.12713623046875,0.6976000000000001
-3.22509765625,0.6976500000000001
-3.060302734375,0.6977000000000001
-2.72308349609375,0.6977500000000001
-2.9693603515625,0.6978000000000001
-3.14666748046875,0.6978500000000001
-2.71881103515625,0.6979000000000001
-2.5653076171875,0.6979500000000001
-3.133544921875,0.6980000000000001
-2.7301025390625,0.6980500000000001
-3.2769775390625,0.6981
-3.38714599609375,0.69815
-3.18328857421875,0.6982
-3.09417724609375,0.69825
-3.2647705078125,0.6983
-3.153076171875,0.69835
-3.12042236328125,0.6984
-2.79998779296875,0.6984500000000001
-3.060302734375,0.6985000000000001
-3.0645751953125,0.6985500000000001
-2.87841796875,0.6986000000000001
-3.095703125,0.6986500000000001
-2.8179931640625,0.6987000000000001
-3.22052001953125,0.6987500000000001
-3.157958984375,0.6988000000000001
-3.0279541015625,0.6988500000000001
-3.01300048828125,0.6989000000000001
-3.21685791015625,0.6989500000000001
-3.2977294921875,0.6990000000000001
-3.28857421875,0.6990500000000001
-3.12286376953125,0.6991
-2.984619140625,0.69915
-3.245849609375,0.6992
-3.0474853515625,0.69925
-3.5296630859375,0.6993
-3.1951904296875,0.69935
-2.9345703125,0.6994
-2.89215087890625,0.6994500000000001
-3.20343017578125,0.6995000000000001
-3.07342529296875,0.6995500000000001
-3.3721923828125,0.6996000000000001
-3.47442626953125,0.6996500000000001
-3.3709716796875,0.6997000000000001
-3.18206787109375,0.6997500000000001
-3.499755859375,0.6998000000000001
-2.96844482421875,0.6998500000000001
-3.3209228515625,0.6999000000000001
-3.304443359375,0.6999500000000001
-3.27972412109375,0.7000000000000001
-3.2464599609375,0.7000500000000001
-3.28765869140625,0.7001000000000001
-3.28033447265625,0.70015
-3.23577880859375,0.7002
-3.0560302734375,0.70025
-3.1866455078125,0.7003
-2.8985595703125,0.70035
-2.98492431640625,0.7004
-2.98187255859375,0.70045
-2.98919677734375,0.7005
-2.80517578125,0.7005500000000001
-2.784423828125,0.7006000000000001
-2.87933349609375,0.7006500000000001
-2.8155517578125,0.7007000000000001
-2.66998291015625,0.7007500000000001
-2.8594970703125,0.7008000000000001
-2.852783203125,0.7008500000000001
-2.48626708984375,0.7009000000000001
-2.92755126953125,0.7009500000000001
-3.01666259765625,0.7010000000000001
-2.71270751953125,0.7010500000000001
-2.40081787109375,0.7011000000000001
-2.9278564453125,0.70115
-2.5628662109375,0.7012
-2.808837890625,0.70125
-3.0999755859375,0.7013
-2.9425048828125,0.70135
-2.7392578125,0.7014
-2.8521728515625,0.70145
-2.784423828125,0.7015
-2.88360595703125,0.7015500000000001
-2.94647216796875,0.7016000000000001
-2.79022216796875,0.7016500000000001
-3.02886962890625,0.7017000000000001
-2.7288818359375,0.7017500000000001
-2.94342041015625,0.7018000000000001
-2.95013427734375,0.7018500000000001
-2.95562744140625,0.7019000000000001
-3.08685302734375,0.7019500000000001
-3.19305419921875,0.7020000000000001
-2.93304443359375,0.7020500000000001
-3.20831298828125,0.7021000000000001
-3.4112548828125,0.70215
-3.2513427734375,0.7022
-2.928466796875,0.70225
-3.1561279296875,0.7023
-3.29132080078125,0.70235
-3.0914306640625,0.7024
-3.36944580078125,0.70245
-3.330078125,0.7025
-3.38134765625,0.7025500000000001
-3.16986083984375,0.7026000000000001
-3.4490966796875,0.7026500000000001
-3.3990478515625,0.7027000000000001
-3.59375,0.7027500000000001
-3.93463134765625,0.7028000000000001
-3.65966796875,0.7028500000000001
-3.47259521484375,0.7029000000000001
-3.80126953125,0.7029500000000001
-3.56292724609375,0.7030000000000001
-3.67218017578125,0.7030500000000001
-3.67218017578125,0.7031000000000001
-3.485107421875,0.70315
-3.319091796875,0.7032
-3.75152587890625,0.70325
-3.64501953125,0.7033
-3.4576416015625,0.70335
-3.50799560546875,0.7034
-3.553466796875,0.70345
-3.59466552734375,0.7035
-3.43505859375,0.7035500000000001
-3.40667724609375,0.7036000000000001
-3.3990478515625,0.7036500000000001
-3.14483642578125,0.7037000000000001
-2.98248291015625,0.7037500000000001
-3.35052490234375,0.7038000000000001
-2.79815673828125,0.7038500000000001
-2.90069580078125,0.7039000000000001
-2.76702880859375,0.7039500000000001
-2.82928466796875,0.7040000000000001
-2.4737548828125,0.7040500000000001
-2.5408935546875,0.7041000000000001
-2.84088134765625,0.70415
-2.83355712890625,0.7042
-2.43255615234375,0.70425
-2.83538818359375,0.7043
-2.47039794921875,0.70435
-2.63153076171875,0.7044
-3.023681640625,0.70445
-3.16192626953125,0.7045
-2.6287841796875,0.7045500000000001
-2.8143310546875,0.7046000000000001
-3.0767822265625,0.7046500000000001
-3.4295654296875,0.7047000000000001
-3.23028564453125,0.7047500000000001
-3.44329833984375,0.7048000000000001
-3.2525634765625,0.7048500000000001
-3.25897216796875,0.7049000000000001
-3.509521484375,0.7049500000000001
-3.51409912109375,0.7050000000000001
-3.4259033203125,0.7050500000000001
-3.3575439453125,0.7051000000000001
-3.3612060546875,0.70515
-3.06365966796875,0.7052
-3.02581787109375,0.70525
-3.30810546875,0.7053
-3.05419921875,0.70535
-2.7813720703125,0.7054
-3.2159423828125,0.70545
-2.960205078125,0.7055
-2.950439453125,0.7055500000000001
-2.9473876953125,0.7056000000000001
-3.1549072265625,0.7056500000000001
-2.763671875,0.7057000000000001
-2.6763916015625,0.7057500000000001
-2.97454833984375,0.7058000000000001
-2.764892578125,0.7058500000000001
-2.77740478515625,0.7059000000000001
-2.620849609375,0.7059500000000001
-2.65594482421875,0.7060000000000001
-2.369384765625,0.7060500000000001
-2.66845703125,0.7061000000000001
-2.5909423828125,0.70615
-2.52471923828125,0.7062
-2.55645751953125,0.70625
-2.62298583984375,0.7063
-2.56988525390625,0.70635
-2.7984619140625,0.7064
-2.7325439453125,0.70645
-2.55218505859375,0.7065
-2.6904296875,0.70655
-2.58819580078125,0.7066000000000001
-3.0364990234375,0.7066500000000001
-2.87078857421875,0.7067000000000001
-2.6092529296875,0.7067500000000001
-2.96600341796875,0.7068000000000001
-2.75909423828125,0.7068500000000001
-2.392578125,0.7069000000000001
-2.93975830078125,0.7069500000000001
-2.62481689453125,0.7070000000000001
-2.83477783203125,0.7070500000000001
-2.705078125,0.7071000000000001
-2.76885986328125,0.7071500000000001
-2.469482421875,0.7072
-2.66754150390625,0.70725
-3.2037353515625,0.7073
-3.1866455078125,0.70735
-2.71392822265625,0.7074
-3.0535888671875,0.70745
-2.894287109375,0.7075
-2.87567138671875,0.70755
-3.07525634765625,0.7076000000000001
-3.128662109375,0.7076500000000001
-2.4530029296875,0.7077000000000001
-2.93060302734375,0.7077500000000001
-3.07708740234375,0.7078000000000001
-3.01727294921875,0.7078500000000001
-2.872314453125,0.7079000000000001
-3.10516357421875,0.7079500000000001
-2.9949951171875,0.7080000000000001
-2.9473876953125,0.7080500000000001
-3.08563232421875,0.7081000000000001
-3.19854736328125,0.7081500000000001
-3.13568115234375,0.7082
-2.95928955078125,0.70825
-3.341064453125,0.7083
-3.079833984375,0.70835
-3.03436279296875,0.7084
-3.24981689453125,0.70845
-3.428955078125,0.7085
-2.764892578125,0.70855
-3.2244873046875,0.7086000000000001
-3.3441162109375,0.7086500000000001
-3.2147216796875,0.7087000000000001
-3.35662841796875,0.7087500000000001
-3.6004638671875,0.7088000000000001
-3.253173828125,0.7088500000000001
-3.07373046875,0.7089000000000001
-3.590087890625,0.7089500000000001
-3.4344482421875,0.7090000000000001
-3.4375,0.7090500000000001
-3.01239013671875,0.7091000000000001
-3.3245849609375,0.7091500000000001
-3.1243896484375,0.7092
-3.41796875,0.70925
-3.1317138671875,0.7093
-3.16070556640625,0.70935
-3.21380615234375,0.7094
-3.54522705078125,0.70945
-3.2720947265625,0.7095
-3.3447265625,0.70955
-3.20892333984375,0.7096000000000001
-3.2080078125,0.7096500000000001
-3.0377197265625,0.7097000000000001
-2.81341552734375,0.7097500000000001
-3.2720947265625,0.7098000000000001
-2.9949951171875,0.7098500000000001
-2.88909912109375,0.7099000000000001
-3.06488037109375,0.7099500000000001
-2.80364990234375,0.7100000000000001
-2.716064453125,0.7100500000000001
-3.23272705078125,0.7101000000000001
-3.0706787109375,0.7101500000000001
-2.91839599609375,0.7102
-2.8912353515625,0.71025
-3.19580078125,0.7103
-2.7789306640625,0.71035
-3.33770751953125,0.7104
-3.38958740234375,0.71045
-3.3734130859375,0.7105
-2.95501708984375,0.71055
-3.10150146484375,0.7106000000000001
-3.21929931640625,0.7106500000000001
-3.0657958984375,0.7107000000000001
-3.1683349609375,0.7107500000000001
-3.17626953125,0.7108000000000001
-2.97882080078125,0.7108500000000001
-3.22967529296875,0.7109000000000001
-3.402099609375,0.7109500000000001
-3.32550048828125,0.7110000000000001
-3.350830078125,0.7110500000000001
-3.3062744140625,0.7111000000000001
-3.51806640625,0.7111500000000001
-3.37066650390625,0.7112
-3.40057373046875,0.71125
-3.5211181640625,0.7113
-3.603515625,0.71135
-3.258056640625,0.7114
-3.5845947265625,0.71145
-3.23577880859375,0.7115
-3.31512451171875,0.71155
-3.2427978515625,0.7116000000000001
-3.25042724609375,0.7116500000000001
-2.76397705078125,0.7117000000000001
-2.916259765625,0.7117500000000001
-3.0859375,0.7118000000000001
-3.02490234375,0.7118500000000001
-3.09967041015625,0.7119000000000001
-3.16680908203125,0.7119500000000001
-2.8973388671875,0.7120000000000001
-3.2623291015625,0.7120500000000001
-3.50830078125,0.7121000000000001
-3.37890625,0.7121500000000001
-3.26629638671875,0.7122
-2.87384033203125,0.71225
-3.31512451171875,0.7123
-3.0499267578125,0.71235
-3.11248779296875,0.7124
-3.19732666015625,0.71245
-3.09417724609375,0.7125
-3.19854736328125,0.71255
-3.08685302734375,0.7126000000000001
-3.0194091796875,0.7126500000000001
-3.3013916015625,0.7127000000000001
-3.28125,0.7127500000000001
-3.22784423828125,0.7128000000000001
-3.22540283203125,0.7128500000000001
-3.3123779296875,0.7129000000000001
-3.57635498046875,0.7129500000000001
-3.507080078125,0.7130000000000001
-3.31573486328125,0.7130500000000001
-3.19000244140625,0.7131000000000001
-3.0560302734375,0.7131500000000001
-3.06243896484375,0.7132000000000001
-3.36334228515625,0.71325
-3.22601318359375,0.7133
-2.9510498046875,0.71335
-2.91595458984375,0.7134
-3.39996337890625,0.71345
-3.1268310546875,0.7135
-3.287353515625,0.71355
-3.3990478515625,0.7136
-3.37249755859375,0.7136500000000001
-3.18511962890625,0.7137000000000001
-3.23394775390625,0.7137500000000001
-3.2928466796875,0.7138000000000001
-3.1341552734375,0.7138500000000001
-3.3697509765625,0.7139000000000001
-3.47198486328125,0.7139500000000001
-3.36578369140625,0.7140000000000001
-3.4478759765625,0.7140500000000001
-3.38653564453125,0.7141000000000001
-3.37249755859375,0.7141500000000001
-3.22113037109375,0.7142000000000001
-3.12286376953125,0.71425
-3.15338134765625,0.7143
-2.93975830078125,0.71435
-3.14483642578125,0.7144
-3.28582763671875,0.71445
-3.18878173828125,0.7145
-3.057861328125,0.71455
-3.2708740234375,0.7146
-3.2867431640625,0.7146500000000001
-3.16192626953125,0.7147000000000001
-3.09967041015625,0.7147500000000001
-3.20404052734375,0.7148000000000001
-2.86651611328125,0.7148500000000001
-3.13385009765625,0.7149000000000001
-3.52203369140625,0.7149500000000001
-3.38592529296875,0.7150000000000001
-3.30657958984375,0.7150500000000001
-3.30963134765625,0.7151000000000001
-3.1109619140625,0.7151500000000001
-3.1646728515625,0.7152000000000001
-3.297119140625,0.71525
-3.22235107421875,0.7153
-3.109130859375,0.71535
-3.170166015625,0.7154
-3.29071044921875,0.71545
-2.965087890625,0.7155
-3.40789794921875,0.71555
-3.11981201171875,0.7156
-3.2525634765625,0.7156500000000001
-3.12042236328125,0.7157000000000001
-3.0633544921875,0.7157500000000001
-3.02154541015625,0.7158000000000001
-3.12530517578125,0.7158500000000001
-3.1103515625,0.7159000000000001
-3.2861328125,0.7159500000000001
-2.82012939453125,0.7160000000000001
-3.24432373046875,0.7160500000000001
-3.45367431640625,0.7161000000000001
-3.12774658203125,0.7161500000000001
-2.86376953125,0.7162000000000001
-2.95196533203125,0.71625
-2.96295166015625,0.7163
-2.957763671875,0.71635
-3.165283203125,0.7164
-3.07373046875,0.71645
-2.957763671875,0.7165
-2.957763671875,0.71655
-3.34136962890625,0.7166
-2.93975830078125,0.7166500000000001
-3.0718994140625,0.7167000000000001
-3.16070556640625,0.7167500000000001
-3.27362060546875,0.7168000000000001
-3.02947998046875,0.7168500000000001
-3.24249267578125,0.7169000000000001
-3.18115234375,0.7169500000000001
-3.0889892578125,0.7170000000000001
-3.388671875,0.7170500000000001
-3.189697265625,0.7171000000000001
-2.7960205078125,0.7171500000000001
-3.06732177734375,0.7172000000000001
-3.02337646484375,0.71725
-3.10455322265625,0.7173
-2.87353515625,0.71735
-2.8155517578125,0.7174
-3.15185546875,0.71745
-2.91595458984375,0.7175
-3.0157470703125,0.71755
-3.319091796875,0.7176
-2.80670166015625,0.7176500000000001
-2.69989013671875,0.7177000000000001
-3.2684326171875,0.7177500000000001
-2.99346923828125,0.7178000000000001
-2.97027587890625,0.7178500000000001
-2.6995849609375,0.7179000000000001
-2.9766845703125,0.7179500000000001
-2.8094482421875,0.7180000000000001
-2.8125,0.7180500000000001
-3.206787109375,0.7181000000000001
-3.12774658203125,0.7181500000000001
-2.85888671875,0.7182000000000001
-2.960205078125,0.71825
-2.88055419921875,0.7183
-2.9437255859375,0.71835
-3.21929931640625,0.7184
-3.11309814453125,0.71845
-2.7880859375,0.7185
-2.7587890625,0.71855
-3.08563232421875,0.7186
-3.1048583984375,0.71865
-3.135986328125,0.7187000000000001
-2.88177490234375,0.7187500000000001
-2.9669189453125,0.7188000000000001
-2.91168212890625,0.7188500000000001
-2.78350830078125,0.7189000000000001
-3.072509765625,0.7189500000000001
-3.0645751953125,0.7190000000000001
-2.63153076171875,0.7190500000000001
-3.05023193359375,0.7191000000000001
-2.70599365234375,0.7191500000000001
-2.6751708984375,0.7192000000000001
-2.88787841796875,0.7192500000000001
-2.75360107421875,0.7193
-2.56683349609375,0.71935
-2.77618408203125,0.7194
-2.62481689453125,0.71945
-2.82928466796875,0.7195
-2.96417236328125,0.71955
-3.08502197265625,0.7196
-2.86102294921875,0.7196500000000001
-2.8143310546875,0.7197000000000001
-3.009033203125,0.7197500000000001
-2.92572021484375,0.7198000000000001
-2.97637939453125,0.7198500000000001
-2.89337158203125,0.7199000000000001
-3.29620361328125,0.7199500000000001
-2.847900390625,0.7200000000000001
-3.2000732421875,0.7200500000000001
-3.23333740234375,0.7201000000000001
-2.99346923828125,0.7201500000000001
-3.2470703125,0.7202000000000001
-3.2666015625,0.7202500000000001
-3.05816650390625,0.7203
-3.39874267578125,0.72035
-3.233642578125,0.7204
-3.297119140625,0.72045
-3.07647705078125,0.7205
-2.99896240234375,0.72055
-3.6334228515625,0.7206
-3.1170654296875,0.72065
-3.00994873046875,0.7207000000000001
-3.25103759765625,0.7207500000000001
-3.2965087890625,0.7208000000000001
-2.88726806640625,0.7208500000000001
-3.26507568359375,0.7209000000000001
-3.1805419921875,0.7209500000000001
-3.26904296875,0.7210000000000001
-3.19122314453125,0.7210500000000001
-3.4173583984375,0.7211000000000001
-2.9949951171875,0.7211500000000001
-3.05908203125,0.7212000000000001
-3.38043212890625,0.7212500000000001
-3.58612060546875,0.7213
-3.23760986328125,0.72135
-3.02032470703125,0.7214
-3.32550048828125,0.72145
-3.3233642578125,0.7215
-3.287353515625,0.72155
-3.54339599609375,0.7216
-2.96112060546875,0.7216500000000001
-3.1451416015625,0.7217000000000001
-3.3111572265625,0.7217500000000001
-3.20892333984375,0.7218000000000001
-3.33709716796875,0.7218500000000001
-3.19305419921875,0.7219000000000001
-3.13751220703125,0.7219500000000001
-3.2159423828125,0.7220000000000001
-2.9388427734375,0.7220500000000001
-3.30169677734375,0.7221000000000001
-3.25469970703125,0.7221500000000001
-2.89337158203125,0.7222000000000001
-3.360595703125,0.7222500000000001
-3.11248779296875,0.7223
-3.14971923828125,0.72235
-2.99407958984375,0.7224
-3.24005126953125,0.72245
-2.76824951171875,0.7225
-2.83233642578125,0.72255
-3.16650390625,0.7226
-2.94036865234375,0.72265
-3.11859130859375,0.7227000000000001
-3.0615234375,0.7227500000000001
-2.8936767578125,0.7228000000000001
-2.96478271484375,0.7228500000000001
-3.21929931640625,0.7229000000000001
-3.109130859375,0.7229500000000001
-3.1427001953125,0.7230000000000001
-2.83111572265625,0.7230500000000001
-3.19122314453125,0.7231000000000001
-2.94647216796875,0.7231500000000001
-3.12408447265625,0.7232000000000001
-2.99560546875,0.7232500000000001
-2.80731201171875,0.7233
-3.05816650390625,0.72335
-3.06304931640625,0.7234
-2.9730224609375,0.72345
-3.24249267578125,0.7235
-2.94097900390625,0.72355
-3.41766357421875,0.7236
-3.28887939453125,0.72365
-3.24127197265625,0.7237000000000001
-3.61083984375,0.7237500000000001
-3.1707763671875,0.7238000000000001
-3.36273193359375,0.7238500000000001
-3.24554443359375,0.7239000000000001
-3.32550048828125,0.7239500000000001
-3.0889892578125,0.7240000000000001
-3.59344482421875,0.7240500000000001
-3.7005615234375,0.7241000000000001
-3.4619140625,0.7241500000000001
-3.3624267578125,0.7242000000000001
-3.48724365234375,0.7242500000000001
-3.12744140625,0.7243
-3.41522216796875,0.72435
-3.4332275390625,0.7244
-3.36456298828125,0.72445
-3.160400390625,0.7245
-3.04351806640625,0.72455
-3.16986083984375,0.7246
-3.052978515625,0.72465
-3.170166015625,0.7247000000000001
-3.15826416015625,0.7247500000000001
-3.099365234375,0.7248000000000001
-3.03466796875,0.7248500000000001
-3.2354736328125,0.7249000000000001
-3.11248779296875,0.7249500000000001
-3.365478515625,0.7250000000000001
-3.14208984375,0.7250500000000001
-3.40057373046875,0.7251000000000001
-3.23883056640625,0.7251500000000001
-3.11767578125,0.7252000000000001
-3.35296630859375,0.7252500000000002
-3.3282470703125,0.7253000000000002
-3.1451416015625,0.7253500000000002
-3.4088134765625,0.7254000000000002
-3.1378173828125,0.7254500000000002
-3.2415771484375,0.7255000000000001
-3.26446533203125,0.7255500000000001
-3.358154296875,0.7256000000000001
-2.85247802734375,0.7256500000000001
-2.996826171875,0.7257000000000001
-3.2763671875,0.7257500000000001
-3.25897216796875,0.7258000000000001
-3.28521728515625,0.7258500000000001
-3.1268310546875,0.7259000000000001
-3.0914306640625,0.7259500000000001
-3.25653076171875,0.7260000000000001
-3.29254150390625,0.7260500000000001
-3.29254150390625,0.7261000000000001
-3.06427001953125,0.7261500000000001
-3.19061279296875,0.7262000000000001
-3.22784423828125,0.7262500000000001
-2.82928466796875,0.7263000000000002
-3.02001953125,0.7263500000000002
-2.98095703125,0.7264000000000002
-2.85675048828125,0.7264500000000002
-2.84393310546875,0.7265000000000001
-2.82501220703125,0.7265500000000001
-2.6336669921875,0.7266000000000001
-2.7703857421875,0.7266500000000001
-2.8765869140625,0.7267000000000001
-3.11004638671875,0.7267500000000001
-2.6824951171875,0.7268000000000001
-3.0853271484375,0.7268500000000001
-3.18328857421875,0.7269000000000001
-3.212890625,0.7269500000000001
-2.96112060546875,0.7270000000000001
-2.8131103515625,0.7270500000000001
-2.86163330078125,0.7271000000000001
-2.9119873046875,0.7271500000000001
-3.15643310546875,0.7272000000000001
-3.0841064453125,0.7272500000000001
-3.09906005859375,0.7273000000000002
-3.05450439453125,0.7273500000000002
-3.2427978515625,0.7274000000000002
-3.10821533203125,0.7274500000000002
-3.3245849609375,0.7275000000000001
-3.66180419921875,0.7275500000000001
-3.64288330078125,0.7276000000000001
-3.5028076171875,0.7276500000000001
-3.7310791015625,0.7277000000000001
-3.919677734375,0.7277500000000001
-3.585205078125,0.7278000000000001
-4.066162109375,0.7278500000000001
-3.9306640625,0.7279000000000001
-3.5784912109375,0.7279500000000001
-3.6932373046875,0.7280000000000001
-3.63037109375,0.7280500000000001
-3.729248046875,0.7281000000000001
-3.77349853515625,0.7281500000000001
-3.40362548828125,0.7282000000000001
-3.68316650390625,0.7282500000000001
-3.2891845703125,0.7283000000000002
-3.681640625,0.7283500000000002
-3.739013671875,0.7284000000000002
-3.3978271484375,0.7284500000000002
-3.2110595703125,0.7285000000000001
-3.67431640625,0.7285500000000001
-3.603515625,0.7286000000000001
-3.544921875,0.7286500000000001
-3.35540771484375,0.7287000000000001
-3.4332275390625,0.7287500000000001
-2.926025390625,0.7288000000000001
-3.2159423828125,0.7288500000000001
-3.30657958984375,0.7289000000000001
-3.2562255859375,0.7289500000000001
-2.97637939453125,0.7290000000000001
-2.99530029296875,0.7290500000000001
-2.88299560546875,0.7291000000000001
-2.77252197265625,0.7291500000000001
-2.808837890625,0.7292000000000001
-2.76214599609375,0.7292500000000001
-2.61077880859375,0.7293000000000001
-2.6397705078125,0.7293500000000002
-2.7447509765625,0.7294000000000002
-2.47314453125,0.7294500000000002
-2.92816162109375,0.7295000000000001
-2.9815673828125,0.7295500000000001
-2.75238037109375,0.7296000000000001
-2.7728271484375,0.7296500000000001
-2.7362060546875,0.7297000000000001
-2.9364013671875,0.7297500000000001
-3.10760498046875,0.7298000000000001
-2.80792236328125,0.7298500000000001
-3.428955078125,0.7299000000000001
-3.03070068359375,0.7299500000000001
-3.18267822265625,0.7300000000000001
-3.32183837890625,0.7300500000000001
-3.3197021484375,0.7301000000000001
-3.123779296875,0.7301500000000001
-3.2061767578125,0.7302000000000001
-3.21807861328125,0.7302500000000001
-3.40179443359375,0.7303000000000002
-3.441162109375,0.7303500000000002
-3.58917236328125,0.7304000000000002
-3.1494140625,0.7304500000000002
-3.13934326171875,0.7305000000000001
-3.29345703125,0.7305500000000001
-3.14056396484375,0.7306000000000001
-3.04901123046875,0.7306500000000001
-3.309326171875,0.7307000000000001
-3.43536376953125,0.7307500000000001
-2.92510986328125,0.7308000000000001
-3.08807373046875,0.7308500000000001
-3.16375732421875,0.7309000000000001
-3.082275390625,0.7309500000000001
-3.067626953125,0.7310000000000001
-3.0255126953125,0.7310500000000001
-2.7545166015625,0.7311000000000001
-2.81402587890625,0.7311500000000001
-3.0096435546875,0.7312000000000001
-2.97576904296875,0.7312500000000001
-2.872314453125,0.7313000000000001
-2.8173828125,0.7313500000000002
-3.18328857421875,0.7314000000000002
-2.93426513671875,0.7314500000000002
-2.9461669921875,0.7315000000000002
-3.20404052734375,0.7315500000000001
-2.933349609375,0.7316000000000001
-2.59613037109375,0.7316500000000001
-3.17474365234375,0.7317000000000001
-2.89215087890625,0.7317500000000001
-2.99163818359375,0.7318000000000001
-2.9547119140625,0.7318500000000001
-3.29437255859375,0.7319000000000001
-3.0517578125,0.7319500000000001
-2.88330078125,0.7320000000000001
-3.2623291015625,0.7320500000000001
-3.39447021484375,0.7321000000000001
-3.0181884765625,0.7321500000000001
-3.29254150390625,0.7322000000000001
-3.1646728515625,0.7322500000000001
-3.15826416015625,0.7323000000000001
-3.3782958984375,0.7323500000000002
-3.4783935546875,0.7324000000000002
-2.92022705078125,0.7324500000000002
-3.01605224609375,0.7325000000000002
-2.9449462890625,0.7325500000000001
-2.9534912109375,0.7326000000000001
-3.23516845703125,0.7326500000000001
-2.93548583984375,0.7327000000000001
-2.899169921875,0.7327500000000001
-2.9229736328125,0.7328000000000001
-3.0206298828125,0.7328500000000001
-3.2794189453125,0.7329000000000001
-3.35784912109375,0.7329500000000001
-2.82196044921875,0.7330000000000001
-3.57147216796875,0.7330500000000001
-3.08990478515625,0.7331000000000001
-3.20556640625,0.7331500000000001
-3.3270263671875,0.7332000000000001
-3.21746826171875,0.7332500000000001
-2.89520263671875,0.7333000000000001
-3.525390625,0.7333500000000002
-3.17626953125,0.7334000000000002
-3.3056640625,0.7334500000000002
-3.509521484375,0.7335000000000002
-3.4600830078125,0.7335500000000001
-3.27301025390625,0.7336000000000001
-2.9449462890625,0.7336500000000001
-3.06243896484375,0.7337000000000001
-3.20587158203125,0.7337500000000001
-3.1219482421875,0.7338000000000001
-3.1549072265625,0.7338500000000001
-3.5467529296875,0.7339000000000001
-3.03558349609375,0.7339500000000001
-3.51531982421875,0.7340000000000001
-3.57696533203125,0.7340500000000001
-3.40728759765625,0.7341000000000001
-3.48358154296875,0.7341500000000001
-3.49609375,0.7342000000000001
-3.36395263671875,0.7342500000000001
-3.6614990234375,0.7343000000000001
-3.5858154296875,0.7343500000000002
-3.511962890625,0.7344000000000002
-3.36761474609375,0.7344500000000002
-3.2269287109375,0.7345000000000002
-3.58734130859375,0.7345500000000001
-3.1878662109375,0.7346000000000001
-3.0450439453125,0.7346500000000001
-3.19366455078125,0.7347000000000001
-3.17657470703125,0.7347500000000001
-2.80548095703125,0.7348000000000001
-3.5357666015625,0.7348500000000001
-3.11981201171875,0.7349000000000001
-3.13140869140625,0.7349500000000001
-3.23974609375,0.7350000000000001
-3.38775634765625,0.7350500000000001
-2.94769287109375,0.7351000000000001
-3.16162109375,0.7351500000000001
-3.19061279296875,0.7352000000000001
-3.18817138671875,0.7352500000000001
-3.14300537109375,0.7353000000000001
-2.9827880859375,0.7353500000000002
-3.13232421875,0.7354000000000002
-2.98248291015625,0.7354500000000002
-3.16741943359375,0.7355000000000002
-3.26141357421875,0.7355500000000001
-3.0322265625,0.7356000000000001
-2.9364013671875,0.7356500000000001
-3.0426025390625,0.7357000000000001
-3.12408447265625,0.7357500000000001
-3.20709228515625,0.7358000000000001
-2.98187255859375,0.7358500000000001
-3.19915771484375,0.7359000000000001
-3.11248779296875,0.7359500000000001
-3.00994873046875,0.7360000000000001
-3.34716796875,0.7360500000000001
-3.18756103515625,0.7361000000000001
-2.79052734375,0.7361500000000001
-2.99957275390625,0.7362000000000001
-2.5555419921875,0.7362500000000001
-2.77374267578125,0.7363000000000001
-2.77099609375,0.7363500000000001
-2.83843994140625,0.7364000000000002
-2.54608154296875,0.7364500000000002
-2.7508544921875,0.7365000000000002
-2.66815185546875,0.7365500000000001
-2.7886962890625,0.7366000000000001
-2.8826904296875,0.7366500000000001
-2.8656005859375,0.7367000000000001
-2.72064208984375,0.7367500000000001
-2.82745361328125,0.7368000000000001
-3.00262451171875,0.7368500000000001
-2.94219970703125,0.7369000000000001
-2.91900634765625,0.7369500000000001
-2.8533935546875,0.7370000000000001
-2.93121337890625,0.7370500000000001
-2.46124267578125,0.7371000000000001
-2.96051025390625,0.7371500000000001
-2.81646728515625,0.7372000000000001
-2.652587890625,0.7372500000000001
-2.81951904296875,0.7373000000000001
-2.9937744140625,0.7373500000000002
-2.71484375,0.7374000000000002
-3.07647705078125,0.7374500000000002
-2.8857421875,0.7375000000000002
-3.179931640625,0.7375500000000001
-2.90130615234375,0.7376000000000001
-2.811279296875,0.7376500000000001
-3.06365966796875,0.7377000000000001
-2.7197265625,0.7377500000000001
-2.64892578125,0.7378000000000001
-2.85675048828125,0.7378500000000001
-2.59002685546875,0.7379000000000001
-2.52960205078125,0.7379500000000001
-2.9486083984375,0.7380000000000001
-2.85308837890625,0.7380500000000001
-2.8790283203125,0.7381000000000001
-2.68829345703125,0.7381500000000001
-2.728271484375,0.7382000000000001
-2.72064208984375,0.7382500000000001
-2.7886962890625,0.7383000000000001
-2.98431396484375,0.7383500000000001
-3.10882568359375,0.7384000000000002
-2.967529296875,0.7384500000000002
-3.0413818359375,0.7385000000000002
-3.2305908203125,0.7385500000000002
-3.13018798828125,0.7386000000000001
-3.02947998046875,0.7386500000000001
-3.26568603515625,0.7387000000000001
-2.9132080078125,0.7387500000000001
-2.99652099609375,0.7388000000000001
-3.09112548828125,0.7388500000000001
-2.98828125,0.7389000000000001
-3.13873291015625,0.7389500000000001
-2.91595458984375,0.7390000000000001
-2.87811279296875,0.7390500000000001
-2.90802001953125,0.7391000000000001
-2.908935546875,0.7391500000000001
-2.97027587890625,0.7392000000000001
-3.1121826171875,0.7392500000000001
-2.7618408203125,0.7393000000000001
-3.34136962890625,0.7393500000000001
-2.99591064453125,0.7394000000000002
-3.05633544921875,0.7394500000000002
-3.12347412109375,0.7395000000000002
-3.41156005859375,0.7395500000000002
-2.90985107421875,0.7396000000000001
-3.06182861328125,0.7396500000000001
-3.145751953125,0.7397000000000001
-3.38714599609375,0.7397500000000001
-3.11126708984375,0.7398000000000001
-3.11431884765625,0.7398500000000001
-3.2415771484375,0.7399000000000001
-3.20068359375,0.7399500000000001
-3.49273681640625,0.7400000000000001
-3.61785888671875,0.7400500000000001
-3.365478515625,0.7401000000000001
-3.27392578125,0.7401500000000001
-3.4075927734375,0.7402000000000001
-3.355712890625,0.7402500000000001
-3.39599609375,0.7403000000000001
-3.3642578125,0.7403500000000001
-3.18206787109375,0.7404000000000002
-3.037109375,0.7404500000000002
-3.31573486328125,0.7405000000000002
-3.14208984375,0.7405500000000002
-3.0908203125,0.7406000000000001
-2.886962890625,0.7406500000000001
-3.19915771484375,0.7407000000000001
-3.01544189453125,0.7407500000000001
-3.10943603515625,0.7408000000000001
-3.18634033203125,0.7408500000000001
-3.223876953125,0.7409000000000001
-3.0218505859375,0.7409500000000001
-3.1756591796875,0.7410000000000001
-2.94525146484375,0.7410500000000001
-2.80059814453125,0.7411000000000001
-3.29925537109375,0.7411500000000001
-3.27423095703125,0.7412000000000001
-2.98797607421875,0.7412500000000001
-2.88970947265625,0.7413000000000001
-2.900390625,0.7413500000000001
-3.0743408203125,0.7414000000000002
-2.88482666015625,0.7414500000000002
-3.0224609375,0.7415000000000002
-3.0303955078125,0.7415500000000002
-2.7862548828125,0.7416000000000001
-3.0731201171875,0.7416500000000001
-3.026123046875,0.7417000000000001
-2.87017822265625,0.7417500000000001
-2.95623779296875,0.7418000000000001
-3.15704345703125,0.7418500000000001
-2.95257568359375,0.7419000000000001
-3.01666259765625,0.7419500000000001
-2.95196533203125,0.7420000000000001
-3.1134033203125,0.7420500000000001
-2.9034423828125,0.7421000000000001
-2.9364013671875,0.7421500000000001
-2.81768798828125,0.7422000000000001
-2.7447509765625,0.7422500000000001
-2.8814697265625,0.7423000000000001
-2.8472900390625,0.7423500000000001
-2.7801513671875,0.7424000000000002
-2.60986328125,0.7424500000000002
-2.97607421875,0.7425000000000002
-3.19854736328125,0.7425500000000002
-3.12896728515625,0.7426000000000001
-2.9913330078125,0.7426500000000001
-3.1646728515625,0.7427000000000001
-2.69622802734375,0.7427500000000001
-3.07403564453125,0.7428000000000001
-3.1158447265625,0.7428500000000001
-3.16314697265625,0.7429000000000001
-2.808837890625,0.7429500000000001
-2.93365478515625,0.7430000000000001
-3.04046630859375,0.7430500000000001
-3.03314208984375,0.7431000000000001
-3.16375732421875,0.7431500000000001
-3.2818603515625,0.7432000000000001
-3.01727294921875,0.7432500000000001
-2.99560546875,0.7433000000000001
-3.2659912109375,0.7433500000000001
-3.3642578125,0.7434000000000001
-3.3294677734375,0.7434500000000002
-3.09417724609375,0.7435000000000002
-3.13018798828125,0.7435500000000002
-2.8515625,0.7436000000000001
-3.062744140625,0.7436500000000001
-3.04962158203125,0.7437000000000001
-3.16864013671875,0.7437500000000001
-2.88238525390625,0.7438000000000001
-2.98583984375,0.7438500000000001
-2.83294677734375,0.7439000000000001
-3.05267333984375,0.7439500000000001
-2.991943359375,0.7440000000000001
-3.30322265625,0.7440500000000001
-3.0401611328125,0.7441000000000001
-2.9913330078125,0.7441500000000001
-3.03375244140625,0.7442000000000001
-3.017578125,0.7442500000000001
-3.17108154296875,0.7443000000000001
-3.092041015625,0.7443500000000001
-3.01025390625,0.7444000000000001
-2.94647216796875,0.7444500000000002
-3.17108154296875,0.7445000000000002
-3.2275390625,0.7445500000000002
-2.8802490234375,0.7446000000000002
-3.12225341796875,0.7446500000000001
-2.81463623046875,0.7447000000000001
-2.6470947265625,0.7447500000000001
-3.0902099609375,0.7448000000000001
-2.9254150390625,0.7448500000000001
-2.81707763671875,0.7449000000000001
-2.83538818359375,0.7449500000000001
-3.04840087890625,0.7450000000000001
-3.07281494140625,0.7450500000000001
-3.04962158203125,0.7451000000000001
-3.0767822265625,0.7451500000000001
-3.1591796875,0.7452000000000001
-2.9486083984375,0.7452500000000001
-2.8961181640625,0.7453000000000001
-2.8912353515625,0.7453500000000001
-3.072509765625,0.7454000000000001
-2.93304443359375,0.7454500000000002
-3.18450927734375,0.7455000000000002
-2.99163818359375,0.7455500000000002
-2.85797119140625,0.7456000000000002
-3.05999755859375,0.7456500000000001
-3.29803466796875,0.7457000000000001
-3.2855224609375,0.7457500000000001
-3.1268310546875,0.7458000000000001
-3.10150146484375,0.7458500000000001
-3.30322265625,0.7459000000000001
-3.41644287109375,0.7459500000000001
-3.49517822265625,0.7460000000000001
-3.677978515625,0.7460500000000001
-3.0181884765625,0.7461000000000001
-3.5308837890625,0.7461500000000001
-3.26019287109375,0.7462000000000001
-3.359375,0.7462500000000001
-3.25286865234375,0.7463000000000001
-3.40972900390625,0.7463500000000001
-3.24951171875,0.7464000000000001
-3.2965087890625,0.7464500000000002
-3.34747314453125,0.7465000000000002
-3.56048583984375,0.7465500000000002
-3.35968017578125,0.7466000000000002
-3.30230712890625,0.7466500000000001
-3.41217041015625,0.7467000000000001
-3.0816650390625,0.7467500000000001
-3.3721923828125,0.7468000000000001
-3.18817138671875,0.7468500000000001
-3.35479736328125,0.7469000000000001
-3.03680419921875,0.7469500000000001
-3.31573486328125,0.7470000000000001
-3.3026123046875,0.7470500000000001
-3.5638427734375,0.7471000000000001
-3.37493896484375,0.7471500000000001
-3.3984375,0.7472000000000001
-3.14788818359375,0.7472500000000001
-3.19091796875,0.7473000000000001
-3.21258544921875,0.7473500000000001
-3.31939697265625,0.7474000000000001
-3.309326171875,0.7474500000000002
-3.153076171875,0.7475000000000002
-3.32855224609375,0.7475500000000002
-3.148193359375,0.7476000000000002
-3.411865234375,0.7476500000000001
-3.56353759765625,0.7477000000000001
-3.0462646484375,0.7477500000000001
-3.35723876953125,0.7478000000000001
-3.21624755859375,0.7478500000000001
-3.1097412109375,0.7479000000000001
-3.41217041015625,0.7479500000000001
-3.31268310546875,0.7480000000000001
-3.14544677734375,0.7480500000000001
-3.1829833984375,0.7481000000000001
-3.26995849609375,0.7481500000000001
-3.16192626953125,0.7482000000000001
-3.14453125,0.7482500000000001
-3.216552734375,0.7483000000000001
-3.32427978515625,0.7483500000000001
-2.85247802734375,0.7484000000000001
-3.2183837890625,0.7484500000000002
-3.40576171875,0.7485000000000002
-3.5223388671875,0.7485500000000002
-3.172607421875,0.7486000000000002
-3.56048583984375,0.7486500000000001
-3.14300537109375,0.7487000000000001
-3.21258544921875,0.7487500000000001
-3.70758056640625,0.7488000000000001
-3.5107421875,0.7488500000000001
-3.68743896484375,0.7489000000000001
-3.21746826171875,0.7489500000000001
-3.27789306640625,0.7490000000000001
-3.62213134765625,0.7490500000000001
-3.5223388671875,0.7491000000000001
-3.5430908203125,0.7491500000000001
-3.7237548828125,0.7492000000000001
-3.123779296875,0.7492500000000001
-3.7677001953125,0.7493000000000001
-3.541259765625,0.7493500000000001
-3.414306640625,0.7494000000000001
-3.3489990234375,0.7494500000000002
-3.96209716796875,0.7495000000000002
-3.39935302734375,0.7495500000000002
-3.570556640625,0.7496000000000002
-3.72161865234375,0.7496500000000001
-3.64288330078125,0.7497000000000001
-3.553466796875,0.7497500000000001
-3.4112548828125,0.7498000000000001
-3.35845947265625,0.7498500000000001
-3.2818603515625,0.7499000000000001
-3.4051513671875,0.7499500000000001
-3.204345703125,0.75
-3.14666748046875,0.75005
-2.8424072265625,0.7501
-3.2574462890625,0.75015
-3.3203125,0.7502
-3.37982177734375,0.75025
-3.30322265625,0.7503
-3.099365234375,0.75035
-3.17535400390625,0.7504
-3.394775390625,0.75045
-3.14453125,0.7505
-3.2769775390625,0.75055
-2.889404296875,0.7506
-3.082275390625,0.75065
-3.11065673828125,0.7507
-2.93487548828125,0.75075
-3.001708984375,0.7508
-3.116455078125,0.75085
-2.90130615234375,0.7509
-2.98309326171875,0.75095
-3.0426025390625,0.751
-3.02642822265625,0.75105
-3.05633544921875,0.7511
-3.34808349609375,0.75115
-2.891845703125,0.7512
-3.02764892578125,0.75125
-3.08013916015625,0.7513
-2.8515625,0.75135
-3.06304931640625,0.7514
-2.9498291015625,0.75145
-2.77069091796875,0.7515
-2.86956787109375,0.75155
-2.91839599609375,0.7516
-2.9205322265625,0.75165
-3.14300537109375,0.7517
-2.74658203125,0.75175
-2.92816162109375,0.7518
-2.9083251953125,0.75185
-2.9302978515625,0.7519
-3.214111328125,0.75195
-3.2342529296875,0.752
-3.24005126953125,0.75205
-3.2965087890625,0.7521
-3.2861328125,0.75215
-3.6590576171875,0.7522
-3.23760986328125,0.75225
-3.56842041015625,0.7523
-3.47412109375,0.75235
-3.323974609375,0.7524
-3.702392578125,0.75245
-3.49609375,0.7525
-3.59100341796875,0.75255
-3.42437744140625,0.7526
-3.729248046875,0.75265
-3.36944580078125,0.7527
-3.468017578125,0.75275
-3.7493896484375,0.7528
-3.65142822265625,0.75285
-3.25042724609375,0.7529
-3.70452880859375,0.75295
-3.15887451171875,0.753
-3.49945068359375,0.75305
-3.42041015625,0.7531
-3.1982421875,0.75315
-3.5137939453125,0.7532
-3.14697265625,0.75325
-3.49456787109375,0.7533
-3.497314453125,0.75335
-3.47808837890625,0.7534
-3.27972412109375,0.75345
-3.17413330078125,0.7535
-3.27484130859375,0.75355
-3.460693359375,0.7536
-3.33740234375,0.75365
-3.20281982421875,0.7537
-2.82501220703125,0.75375
-2.99835205078125,0.7538
-2.98553466796875,0.75385
-2.73834228515625,0.7539
-2.6800537109375,0.75395
-2.9498291015625,0.754
-2.92266845703125,0.75405
-2.716064453125,0.7541
-2.57232666015625,0.75415
-2.8778076171875,0.7542
-2.84454345703125,0.75425
-3.013916015625,0.7543
-2.75146484375,0.75435
-2.62786865234375,0.7544
-3.06549072265625,0.75445
-2.8857421875,0.7545
-2.81005859375,0.75455
-2.96875,0.7546
-2.89581298828125,0.75465
-2.9827880859375,0.7547
-3.36517333984375,0.75475
-3.10638427734375,0.7548
-3.2586669921875,0.75485
-2.962646484375,0.7549
-3.292236328125,0.75495
-3.243408203125,0.755
-3.36639404296875,0.75505
-3.0438232421875,0.7551
-3.2403564453125,0.75515
-3.0255126953125,0.7552
-3.23089599609375,0.75525
-2.94342041015625,0.7553
-3.134765625,0.75535
-2.94769287109375,0.7554
-3.0126953125,0.75545
-2.79449462890625,0.7555
-2.840576171875,0.75555
-2.998046875,0.7556
-3.11767578125,0.75565
-2.94677734375,0.7557
-2.867431640625,0.75575
-2.85430908203125,0.7558
-2.637939453125,0.75585
-3.0023193359375,0.7559
-2.967529296875,0.75595
-2.8448486328125,0.756
-2.66265869140625,0.75605
-2.96356201171875,0.7561
-2.79815673828125,0.75615
-3.023681640625,0.7562
-2.90802001953125,0.75625
-2.5762939453125,0.7563
-2.677001953125,0.75635
-2.90069580078125,0.7564
-2.984619140625,0.75645
-2.98828125,0.7565
-3.08990478515625,0.7565500000000001
-2.9559326171875,0.7566
-2.83416748046875,0.75665
-2.9595947265625,0.7567
-2.8936767578125,0.75675
-3.19610595703125,0.7568
-2.9046630859375,0.75685
-2.7960205078125,0.7569
-2.88330078125,0.75695
-2.735595703125,0.757
-2.8277587890625,0.75705
-2.8875732421875,0.7571
-2.91534423828125,0.75715
-2.6031494140625,0.7572
-2.767333984375,0.75725
-3.03619384765625,0.7573
-3.00567626953125,0.75735
-2.64739990234375,0.7574
-3.05938720703125,0.75745
-2.82379150390625,0.7575
-2.8143310546875,0.75755
-3.1658935546875,0.7576
-3.07403564453125,0.75765
-2.66510009765625,0.7577
-2.67303466796875,0.75775
-3.017578125,0.7578
-2.97760009765625,0.75785
-3.13934326171875,0.7579
-2.87200927734375,0.75795
-2.67059326171875,0.758
-3.02520751953125,0.75805
-3.02490234375,0.7581
-3.17596435546875,0.75815
-3.49853515625,0.7582
-3.02703857421875,0.75825
-3.23944091796875,0.7583
-3.23974609375,0.75835
-3.057861328125,0.7584
-3.1365966796875,0.75845
-3.12957763671875,0.7585
-2.96417236328125,0.75855
-3.22113037109375,0.7586
-2.80487060546875,0.75865
-3.05145263671875,0.7587
-3.2568359375,0.75875
-3.10211181640625,0.7588
-2.87353515625,0.75885
-2.862548828125,0.7589
-3.072509765625,0.75895
-3.15673828125,0.759
-2.98553466796875,0.75905
-2.97210693359375,0.7591
-2.86895751953125,0.75915
-2.7691650390625,0.7592
-3.35479736328125,0.75925
-3.006591796875,0.7593
-3.09814453125,0.75935
-2.88818359375,0.7594
-3.1915283203125,0.75945
-2.81158447265625,0.7595
-3.280029296875,0.75955
-3.165283203125,0.7596
-2.984619140625,0.75965
-3.018798828125,0.7597
-3.10455322265625,0.75975
-2.99652099609375,0.7598
-3.08013916015625,0.75985
-2.8497314453125,0.7599
-3.1207275390625,0.75995
-2.9925537109375,0.76
-2.86529541015625,0.76005
-3.0084228515625,0.7601
-3.184814453125,0.76015
-2.88299560546875,0.7602
-3.214111328125,0.76025
-3.04962158203125,0.7603
-2.76123046875,0.76035
-3.065185546875,0.7604
-3.131103515625,0.76045
-2.96722412109375,0.7605
-2.74688720703125,0.76055
-2.90313720703125,0.7606
-3.0242919921875,0.76065
-3.01361083984375,0.7607
-3.026123046875,0.76075
-3.1146240234375,0.7608
-2.78564453125,0.76085
-3.18328857421875,0.7609
-3.30596923828125,0.76095
-3.36578369140625,0.761
-3.3062744140625,0.76105
-3.2464599609375,0.7611
-2.92999267578125,0.76115
-3.37860107421875,0.7612
-3.1304931640625,0.76125
-3.270263671875,0.7613
-3.31268310546875,0.76135
-3.18695068359375,0.7614
-3.150634765625,0.76145
-3.08563232421875,0.7615
-3.19793701171875,0.76155
-3.06243896484375,0.7616
-3.360595703125,0.76165
-2.77801513671875,0.7617
-2.9547119140625,0.76175
-3.1884765625,0.7618
-3.08990478515625,0.76185
-2.8460693359375,0.7619
-3.03955078125,0.76195
-2.908935546875,0.762
-2.9864501953125,0.76205
-2.98370361328125,0.7621
-2.98065185546875,0.76215
-2.78778076171875,0.7622
-2.85888671875,0.76225
-2.95989990234375,0.7623
-2.92205810546875,0.76235
-3.3355712890625,0.7624
-3.1207275390625,0.76245
-2.81646728515625,0.7625
-3.03924560546875,0.76255
-3.21624755859375,0.7626
-3.15093994140625,0.76265
-3.25592041015625,0.7627
-3.1170654296875,0.76275
-3.1011962890625,0.7628
-3.10333251953125,0.76285
-3.15582275390625,0.7629
-2.9345703125,0.76295
-3.22265625,0.763
-3.10760498046875,0.76305
-3.01849365234375,0.7631
-2.81219482421875,0.76315
-2.8619384765625,0.7632
-3.15582275390625,0.76325
-3.12774658203125,0.7633
-2.716064453125,0.76335
-3.035888671875,0.7634
-3.04229736328125,0.76345
-2.89581298828125,0.7635
-3.104248046875,0.76355
-3.04931640625,0.7636000000000001
-2.9656982421875,0.76365
-2.77557373046875,0.7637
-3.01300048828125,0.76375
-2.744140625,0.7638
-2.97882080078125,0.76385
-2.90679931640625,0.7639
-2.87200927734375,0.76395
-2.85614013671875,0.764
-3.09814453125,0.76405
-3.2110595703125,0.7641
-3.209228515625,0.76415
-2.86224365234375,0.7642
-3.28094482421875,0.76425
-3.060302734375,0.7643
-3.18603515625,0.76435
-3.09478759765625,0.7644
-3.28369140625,0.76445
-3.00750732421875,0.7645
-2.81646728515625,0.76455
-2.950439453125,0.7646
-3.153076171875,0.76465
-3.04412841796875,0.7647
-3.02703857421875,0.76475
-3.189697265625,0.7648
-2.8668212890625,0.76485
-3.31878662109375,0.7649
-3.4783935546875,0.76495
-3.16497802734375,0.765
-2.88543701171875,0.76505
-3.28338623046875,0.7651
-3.02947998046875,0.76515
-3.14208984375,0.7652
-3.2672119140625,0.76525
-3.14971923828125,0.7653
-2.96630859375,0.76535
-3.25408935546875,0.7654
-2.98065185546875,0.76545
-3.2098388671875,0.7655
-3.165283203125,0.76555
-3.1689453125,0.7656
-2.99163818359375,0.76565
-3.14788818359375,0.7657
-3.06549072265625,0.76575
-3.19915771484375,0.7658
-3.118896484375,0.76585
-3.236083984375,0.7659
-3.12225341796875,0.76595
-3.11126708984375,0.766
-3.223876953125,0.76605
-3.23486328125,0.7661
-3.17840576171875,0.76615
-2.82928466796875,0.7662
-2.88909912109375,0.76625
-3.1292724609375,0.7663
-2.98126220703125,0.76635
-3.10821533203125,0.7664
-2.928466796875,0.76645
-3.13812255859375,0.7665
-2.97882080078125,0.76655
-3.06549072265625,0.7666
-3.10546875,0.76665
-2.79876708984375,0.7667
-3.0755615234375,0.76675
-2.87689208984375,0.7668
-2.9638671875,0.76685
-3.2879638671875,0.7669
-2.90130615234375,0.76695
-2.978515625,0.767
-3.1195068359375,0.76705
-2.8363037109375,0.7671
-2.96600341796875,0.76715
-3.2501220703125,0.7672
-3.17901611328125,0.76725
-3.16497802734375,0.7673
-3.1243896484375,0.76735
-3.18206787109375,0.7674
-3.0181884765625,0.76745
-3.154296875,0.7675
-3.07891845703125,0.76755
-3.1951904296875,0.7676
-2.77496337890625,0.76765
-2.8533935546875,0.7677
-3.209228515625,0.76775
-3.20465087890625,0.7678
-2.86773681640625,0.76785
-2.91961669921875,0.7679
-3.17779541015625,0.76795
-3.00689697265625,0.768
-3.16741943359375,0.76805
-2.95745849609375,0.7681
-3.20465087890625,0.76815
-2.666015625,0.7682
-2.91839599609375,0.76825
-2.8143310546875,0.7683
-2.8204345703125,0.76835
-2.81005859375,0.7684
-3.05816650390625,0.76845
-2.730712890625,0.7685
-3.15948486328125,0.76855
-3.07708740234375,0.7686
-3.09814453125,0.76865
-3.08837890625,0.7687
-3.0096435546875,0.76875
-2.8790283203125,0.7688
-3.052978515625,0.76885
-2.7685546875,0.7689
-3.0035400390625,0.76895
-3.11767578125,0.769
-2.84423828125,0.76905
-2.7362060546875,0.7691
-2.66448974609375,0.76915
-2.94952392578125,0.7692
-2.890625,0.76925
-2.82501220703125,0.7693
-2.66204833984375,0.76935
-3.05694580078125,0.7694
-3.19915771484375,0.76945
-3.01116943359375,0.7695
-2.7984619140625,0.76955
-2.94769287109375,0.7696
-2.83599853515625,0.76965
-2.957763671875,0.7697
-2.96722412109375,0.76975
-2.8228759765625,0.7698
-2.68218994140625,0.76985
-2.76397705078125,0.7699
-2.75848388671875,0.76995
-2.71270751953125,0.77
-3.13507080078125,0.77005
-3.00994873046875,0.7701
-2.64007568359375,0.77015
-2.87384033203125,0.7702
-2.80731201171875,0.77025
-2.93182373046875,0.7703
-3.140869140625,0.77035
-3.16436767578125,0.7704
-3.0224609375,0.77045
-3.048095703125,0.7705
-3.03192138671875,0.77055
-3.13934326171875,0.7706
-3.1903076171875,0.7706500000000001
-2.984619140625,0.7707
-3.10577392578125,0.77075
-3.006591796875,0.7708
-3.1512451171875,0.77085
-3.2110595703125,0.7709
-3.10028076171875,0.77095
-3.052978515625,0.771
-3.42437744140625,0.77105
-3.240966796875,0.7711
-3.197021484375,0.77115
-3.29193115234375,0.7712
-2.999267578125,0.77125
-3.00567626953125,0.7713
-2.8521728515625,0.77135
-3.12255859375,0.7714
-2.9864501953125,0.77145
-3.07098388671875,0.7715
-2.900390625,0.77155
-2.98126220703125,0.7716
-2.67181396484375,0.77165
-2.945556640625,0.7717
-3.02642822265625,0.77175
-2.96417236328125,0.7718
-2.98980712890625,0.77185
-3.16375732421875,0.7719
-3.0242919921875,0.77195
-3.3245849609375,0.772
-3.0322265625,0.77205
-3.19915771484375,0.7721
-3.02490234375,0.77215
-2.7166748046875,0.7722
-2.86712646484375,0.77225
-2.83477783203125,0.7723
-2.67578125,0.77235
-2.78839111328125,0.7724
-3.10211181640625,0.77245
-2.467041015625,0.7725
-2.96966552734375,0.77255
-2.938232421875,0.7726
-2.91046142578125,0.77265
-2.9278564453125,0.7727
-2.80853271484375,0.77275
-2.7490234375,0.7728
-2.8167724609375,0.77285
-2.823486328125,0.7729
-3.0230712890625,0.77295
-2.8839111328125,0.773
-2.8509521484375,0.77305
-3.115234375,0.7731
-3.03466796875,0.77315
-3.06488037109375,0.7732
-3.2159423828125,0.77325
-2.8778076171875,0.7733
-3.2379150390625,0.77335
-3.150634765625,0.7734
-3.11920166015625,0.77345
-3.5272216796875,0.7735
-3.38104248046875,0.77355
-3.08197021484375,0.7736
-3.004150390625,0.77365
-3.50555419921875,0.7737
-3.4759521484375,0.77375
-3.37554931640625,0.7738
-3.20831298828125,0.77385
-3.38653564453125,0.7739
-3.399658203125,0.77395
-3.1585693359375,0.774
-3.16650390625,0.77405
-3.3056640625,0.7741
-3.121337890625,0.77415
-3.30291748046875,0.7742
-3.18115234375,0.77425
-3.14605712890625,0.7743
-3.1829833984375,0.77435
-3.3392333984375,0.7744
-3.0816650390625,0.77445
-3.26019287109375,0.7745
-3.29345703125,0.77455
-3.502197265625,0.7746
-3.38134765625,0.77465
-3.135986328125,0.7746999999999999
-3.12652587890625,0.77475
-2.81768798828125,0.7748
-3.18511962890625,0.77485
-3.14361572265625,0.7749
-2.97332763671875,0.77495
-2.911376953125,0.775
-3.04656982421875,0.77505
-3.05328369140625,0.7751
-3.294677734375,0.77515
-3.0242919921875,0.7752
-3.258056640625,0.77525
-3.03436279296875,0.7753000000000001
-3.26812744140625,0.7753500000000001
-3.35601806640625,0.7754000000000001
-3.38623046875,0.7754500000000001
-3.15826416015625,0.7755000000000001
-3.22113037109375,0.7755500000000001
-3.45977783203125,0.7756000000000001
-2.8509521484375,0.7756500000000001
-3.2427978515625,0.7757000000000001
-3.1988525390625,0.77575
-3.08837890625,0.7758
-2.965087890625,0.77585
-3.095703125,0.7759
-3.0035400390625,0.77595
-3.3709716796875,0.776
-3.19427490234375,0.77605
-3.1781005859375,0.7761
-2.95379638671875,0.77615
-2.77099609375,0.7762
-3.1805419921875,0.77625
-3.24249267578125,0.7763000000000001
-3.1024169921875,0.7763500000000001
-3.22601318359375,0.7764000000000001
-2.6251220703125,0.7764500000000001
-3.1170654296875,0.7765000000000001
-3.1048583984375,0.7765500000000001
-2.99468994140625,0.7766000000000001
-2.94830322265625,0.7766500000000001
-2.752685546875,0.7767000000000001
-2.81768798828125,0.77675
-2.84942626953125,0.7768
-3.1097412109375,0.77685
-2.90374755859375,0.7769
-3.1365966796875,0.77695
-2.94342041015625,0.777
-3.16925048828125,0.77705
-3.280029296875,0.7771
-3.2073974609375,0.77715
-3.16864013671875,0.7772
-3.46588134765625,0.77725
-2.947998046875,0.7773000000000001
-3.1585693359375,0.7773500000000001
-3.314208984375,0.7774000000000001
-3.3465576171875,0.7774500000000001
-3.369140625,0.7775000000000001
-3.623046875,0.7775500000000001
-3.3001708984375,0.7776000000000001
-3.44940185546875,0.7776500000000001
-3.75457763671875,0.7777000000000001
-3.69964599609375,0.77775
-3.6114501953125,0.7778
-3.7786865234375,0.77785
-3.7945556640625,0.7779
-3.45245361328125,0.77795
-4.171142578125,0.778
-4.05975341796875,0.77805
-3.76220703125,0.7781
-3.45947265625,0.77815
-3.96484375,0.7782
-3.8006591796875,0.77825
-3.70574951171875,0.7783
-3.470458984375,0.7783500000000001
-3.6785888671875,0.7784000000000001
-3.76617431640625,0.7784500000000001
-3.5552978515625,0.7785000000000001
-3.59405517578125,0.7785500000000001
-3.634033203125,0.7786000000000001
-3.6297607421875,0.7786500000000001
-3.39141845703125,0.7787000000000001
-3.466796875,0.77875
-2.99591064453125,0.7788
-3.31787109375,0.77885
-3.3624267578125,0.7789
-3.104248046875,0.77895
-2.79052734375,0.779
-2.984619140625,0.77905
-2.96661376953125,0.7791
-2.9864501953125,0.77915
-2.83538818359375,0.7792
-2.65533447265625,0.77925
-2.46856689453125,0.7793000000000001
-2.76275634765625,0.7793500000000001
-2.7020263671875,0.7794000000000001
-2.7606201171875,0.7794500000000001
-3.05450439453125,0.7795000000000001
-2.84576416015625,0.7795500000000001
-2.89337158203125,0.7796000000000001
-3.19854736328125,0.7796500000000001
-3.172607421875,0.7797000000000001
-3.34014892578125,0.77975
-3.084716796875,0.7798
-3.037109375,0.77985
-3.30352783203125,0.7799
-3.36639404296875,0.77995
-3.47412109375,0.78
-3.2666015625,0.78005
-3.54522705078125,0.7801
-3.0889892578125,0.78015
-3.14300537109375,0.7802
-3.4466552734375,0.78025
-3.507080078125,0.7803
-3.07708740234375,0.7803500000000001
-3.3587646484375,0.7804000000000001
-3.21563720703125,0.7804500000000001
-3.15887451171875,0.7805000000000001
-3.3660888671875,0.7805500000000001
-3.4576416015625,0.7806000000000001
-2.82958984375,0.7806500000000001
-2.94586181640625,0.7807000000000001
-3.10333251953125,0.78075
-2.95562744140625,0.7808
-3.2330322265625,0.78085
-3.11676025390625,0.7809
-2.75146484375,0.78095
-3.0548095703125,0.781
-3.1463623046875,0.78105
-3.09234619140625,0.7811
-3.44451904296875,0.78115
-3.1878662109375,0.7812
-3.17047119140625,0.78125
-2.8656005859375,0.7813000000000001
-3.11370849609375,0.7813500000000001
-3.035888671875,0.7814000000000001
-3.0853271484375,0.7814500000000001
-2.8216552734375,0.7815000000000001
-3.24798583984375,0.7815500000000001
-3.089599609375,0.7816000000000001
-3.0914306640625,0.7816500000000001
-3.1353759765625,0.7817000000000001
-3.2757568359375,0.7817500000000001
-3.19976806640625,0.7818
-2.99041748046875,0.78185
-3.42132568359375,0.7819
-3.31756591796875,0.78195
-3.39141845703125,0.782
-3.3416748046875,0.78205
-3.45184326171875,0.7821
-3.05877685546875,0.78215
-3.668212890625,0.7822
-3.5546875,0.78225
-3.41796875,0.7823
-3.682861328125,0.7823500000000001
-3.34259033203125,0.7824000000000001
-2.94891357421875,0.7824500000000001
-3.45489501953125,0.7825000000000001
-3.50128173828125,0.7825500000000001
-3.45123291015625,0.7826000000000001
-3.42193603515625,0.7826500000000001
-3.04901123046875,0.7827000000000001
-3.61968994140625,0.7827500000000001
-3.52996826171875,0.7828
-3.28125,0.78285
-3.5235595703125,0.7829
-3.6798095703125,0.78295
-3.3123779296875,0.783
-3.57757568359375,0.78305
-3.69476318359375,0.7831
-3.47991943359375,0.78315
-3.553466796875,0.7832
-3.558349609375,0.78325
-3.14544677734375,0.7833
-3.297119140625,0.7833500000000001
-3.35845947265625,0.7834000000000001
-3.3978271484375,0.7834500000000001
-3.1231689453125,0.7835000000000001
-3.131103515625,0.7835500000000001
-3.515625,0.7836000000000001
-3.29498291015625,0.7836500000000001
-3.4381103515625,0.7837000000000001
-3.48724365234375,0.7837500000000001
-3.13262939453125,0.7838
-3.25714111328125,0.78385
-3.56414794921875,0.7839
-3.38592529296875,0.78395
-3.5540771484375,0.784
-3.3782958984375,0.78405
-3.45703125,0.7841
-3.66119384765625,0.78415
-3.43658447265625,0.7842
-3.45001220703125,0.78425
-3.61846923828125,0.7843
-3.51043701171875,0.7843500000000001
-3.74237060546875,0.7844000000000001
-3.43414306640625,0.7844500000000001
-3.56231689453125,0.7845000000000001
-3.55621337890625,0.7845500000000001
-3.935546875,0.7846000000000001
-3.2928466796875,0.7846500000000001
-3.2672119140625,0.7847000000000001
-3.4320068359375,0.7847500000000001
-3.26812744140625,0.7848
-3.52935791015625,0.78485
-3.45062255859375,0.7849
-3.31024169921875,0.78495
-3.277587890625,0.785
-3.4918212890625,0.78505
-3.4881591796875,0.7851
-3.41949462890625,0.78515
-3.04351806640625,0.7852
-3.375244140625,0.78525
-3.1829833984375,0.7853
-3.4002685546875,0.7853500000000001
-3.1842041015625,0.7854000000000001
-3.31298828125,0.7854500000000001
-3.1976318359375,0.7855000000000001
-3.5272216796875,0.7855500000000001
-3.0902099609375,0.7856000000000001
-3.56475830078125,0.7856500000000001
-3.24462890625,0.7857000000000001
-3.26904296875,0.7857500000000001
-3.115234375,0.7858
-3.079833984375,0.78585
-3.08807373046875,0.7859
-2.87750244140625,0.78595
-3.02520751953125,0.786
-2.87078857421875,0.78605
-2.88848876953125,0.7861
-2.63763427734375,0.78615
-2.83843994140625,0.7862
-3.05328369140625,0.78625
-2.8564453125,0.7863
-2.67364501953125,0.7863500000000001
-3.03558349609375,0.7864000000000001
-2.7093505859375,0.7864500000000001
-3.05755615234375,0.7865000000000001
-3.04962158203125,0.7865500000000001
-2.85919189453125,0.7866000000000001
-2.8192138671875,0.7866500000000001
-2.8094482421875,0.7867000000000001
-2.90130615234375,0.7867500000000001
-2.79632568359375,0.7868
-2.75115966796875,0.78685
-2.72369384765625,0.7869
-2.6434326171875,0.78695
-2.67364501953125,0.787
-2.87628173828125,0.78705
-2.7825927734375,0.7871
-2.98675537109375,0.78715
-2.8125,0.7872
-2.879638671875,0.78725
-2.950439453125,0.7873
-2.75115966796875,0.78735
-2.808837890625,0.7874000000000001
-2.9754638671875,0.7874500000000001
-3.03131103515625,0.7875000000000001
-2.796630859375,0.7875500000000001
-2.7716064453125,0.7876000000000001
-3.05511474609375,0.7876500000000001
-2.77740478515625,0.7877000000000001
-2.974853515625,0.7877500000000001
-2.66632080078125,0.7878000000000001
-2.6483154296875,0.78785
-3.01361083984375,0.7879
-2.8631591796875,0.78795
-2.65869140625,0.788
-2.70843505859375,0.78805
-2.8826904296875,0.7881
-2.9522705078125,0.78815
-3.15948486328125,0.7882
-3.0767822265625,0.78825
-3.00201416015625,0.7883
-2.80426025390625,0.78835
-2.9693603515625,0.7884000000000001
-2.6727294921875,0.7884500000000001
-3.03009033203125,0.7885000000000001
-2.85980224609375,0.7885500000000001
-2.81768798828125,0.7886000000000001
-2.94464111328125,0.7886500000000001
-2.91961669921875,0.7887000000000001
-2.542724609375,0.7887500000000001
-2.99072265625,0.7888000000000001
-3.21746826171875,0.78885
-3.19183349609375,0.7889
-2.88543701171875,0.78895
-3.22265625,0.789
-3.2666015625,0.78905
-3.382568359375,0.7891
-3.39385986328125,0.78915
-2.96905517578125,0.7892
-3.0902099609375,0.78925
-2.90924072265625,0.7893
-3.22479248046875,0.78935
-3.04473876953125,0.7894000000000001
-2.90802001953125,0.7894500000000001
-2.86834716796875,0.7895000000000001
-3.18756103515625,0.7895500000000001
-3.118896484375,0.7896000000000001
-3.289794921875,0.7896500000000001
-3.31298828125,0.7897000000000001
-3.30963134765625,0.7897500000000001
-3.238525390625,0.7898000000000001
-3.52447509765625,0.78985
-3.4564208984375,0.7899
-3.3660888671875,0.78995
-3.3734130859375,0.79
-3.38592529296875,0.79005
-3.09417724609375,0.7901
-3.204345703125,0.79015
-3.18206787109375,0.7902
-3.282470703125,0.79025
-3.21624755859375,0.7903
-3.1048583984375,0.79035
-2.94281005859375,0.7904000000000001
-2.82379150390625,0.7904500000000001
-3.172607421875,0.7905000000000001
-3.18634033203125,0.7905500000000001
-3.08074951171875,0.7906000000000001
-2.9217529296875,0.7906500000000001
-3.09173583984375,0.7907000000000001
-3.32000732421875,0.7907500000000001
-3.34320068359375,0.7908000000000001
-2.78839111328125,0.79085
-3.29254150390625,0.7909
-2.70660400390625,0.79095
-2.84027099609375,0.791
-3.028564453125,0.79105
-2.92755126953125,0.7911
-2.9449462890625,0.79115
-2.9241943359375,0.7912
-2.91900634765625,0.79125
-2.8631591796875,0.7913
-3.14788818359375,0.79135
-2.88055419921875,0.7914000000000001
-2.95684814453125,0.7914500000000001
-2.89398193359375,0.7915000000000001
-3.1231689453125,0.7915500000000001
-3.18511962890625,0.7916000000000001
-3.28399658203125,0.7916500000000001
-3.2708740234375,0.7917000000000001
-3.19549560546875,0.7917500000000001
-2.969970703125,0.7918000000000001
-2.99072265625,0.79185
-3.1134033203125,0.7919
-3.2720947265625,0.79195
-3.1854248046875,0.792
-3.30230712890625,0.79205
-2.84423828125,0.7921
-3.1201171875,0.79215
-3.3099365234375,0.7922
-3.26751708984375,0.79225
-3.072509765625,0.7923
-2.98583984375,0.79235
-3.18115234375,0.7924000000000001
-3.03863525390625,0.7924500000000001
-3.1048583984375,0.7925000000000001
-3.08990478515625,0.7925500000000001
-3.013916015625,0.7926000000000001
-2.80364990234375,0.7926500000000001
-3.37158203125,0.7927000000000001
-3.131103515625,0.7927500000000001
-3.1390380859375,0.7928000000000001
-3.15093994140625,0.79285
-3.25347900390625,0.7929
-2.96539306640625,0.79295
-3.26904296875,0.793
-3.2159423828125,0.79305
-3.19915771484375,0.7931
-3.28521728515625,0.79315
-3.0792236328125,0.7932
-2.98004150390625,0.79325
-3.09600830078125,0.7933
-3.170166015625,0.79335
-3.201904296875,0.7934000000000001
-3.33587646484375,0.7934500000000001
-2.97760009765625,0.7935000000000001
-3.06488037109375,0.7935500000000001
-2.90618896484375,0.7936000000000001
-3.11859130859375,0.7936500000000001
-3.21136474609375,0.7937000000000001
-2.8485107421875,0.7937500000000001
-2.7740478515625,0.7938000000000001
-3.0133056640625,0.7938500000000001
-2.962646484375,0.7939
-2.998046875,0.79395
-2.79632568359375,0.794
-2.9913330078125,0.79405
-2.80914306640625,0.7941
-2.84332275390625,0.79415
-2.96844482421875,0.7942
-2.97149658203125,0.79425
-2.74658203125,0.7943
-2.97698974609375,0.79435
-2.939453125,0.7944
-2.76123046875,0.7944500000000001
-2.9095458984375,0.7945000000000001
-2.97393798828125,0.7945500000000001
-2.59674072265625,0.7946000000000001
-2.730712890625,0.7946500000000001
-2.85858154296875,0.7947000000000001
-2.80181884765625,0.7947500000000001
-3.0126953125,0.7948000000000001
-2.94708251953125,0.7948500000000001
-2.76947021484375,0.7949
-2.811279296875,0.79495
-2.80364990234375,0.795
-2.889404296875,0.79505
-3.2147216796875,0.7951
-2.95074462890625,0.79515
-3.079833984375,0.7952
-2.78167724609375,0.79525
-3.23028564453125,0.7953
-3.0816650390625,0.79535
-3.22906494140625,0.7954
-3.00506591796875,0.7954500000000001
-3.02001953125,0.7955000000000001
-3.1219482421875,0.7955500000000001
-2.98095703125,0.7956000000000001
-2.904052734375,0.7956500000000001
-2.92022705078125,0.7957000000000001
-3.0645751953125,0.7957500000000001
-2.6708984375,0.7958000000000001
-3.109130859375,0.7958500000000001
-3.03680419921875,0.7959
-3.01300048828125,0.79595
-2.92083740234375,0.796
-3.13232421875,0.79605
-3.154296875,0.7961
-3.30535888671875,0.79615
-3.28460693359375,0.7962
-3.18328857421875,0.79625
-3.29437255859375,0.7963
-3.23089599609375,0.79635
-2.933349609375,0.7964
-3.2769775390625,0.7964500000000001
-3.41156005859375,0.7965000000000001
-3.1939697265625,0.7965500000000001
-2.940673828125,0.7966000000000001
-3.0157470703125,0.7966500000000001
-3.40118408203125,0.7967000000000001
-3.22021484375,0.7967500000000001
-3.2135009765625,0.7968000000000001
-3.29681396484375,0.7968500000000001
-3.20220947265625,0.7969
-3.18634033203125,0.79695
-3.57635498046875,0.797
-3.3966064453125,0.79705
-3.19549560546875,0.7971
-3.24005126953125,0.79715
-3.3245849609375,0.7972
-2.98736572265625,0.79725
-3.08868408203125,0.7973
-3.2928466796875,0.79735
-3.34716796875,0.7974
-2.88787841796875,0.7974500000000001
-3.14971923828125,0.7975000000000001
-3.2000732421875,0.7975500000000001
-3.26995849609375,0.7976000000000001
-3.25042724609375,0.7976500000000001
-3.2843017578125,0.7977000000000001
-2.769775390625,0.7977500000000001
-2.9644775390625,0.7978000000000001
-3.07464599609375,0.7978500000000001
-3.09722900390625,0.7979
-3.330078125,0.79795
-3.0657958984375,0.798
-2.945556640625,0.79805
-2.9644775390625,0.7981
-3.21014404296875,0.79815
-3.194580078125,0.7982
-3.2098388671875,0.79825
-2.83477783203125,0.7983
-3.11614990234375,0.79835
-2.94647216796875,0.7984
-3.22113037109375,0.7984500000000001
-2.7142333984375,0.7985000000000001
-3.15887451171875,0.7985500000000001
-2.8912353515625,0.7986000000000001
-3.060302734375,0.7986500000000001
-3.1890869140625,0.7987000000000001
-3.1817626953125,0.7987500000000001
-3.10028076171875,0.7988000000000001
-3.21807861328125,0.7988500000000001
-3.12713623046875,0.7989
-3.03131103515625,0.79895
-3.26202392578125,0.799
-3.3636474609375,0.79905
-3.22967529296875,0.7991
-2.96600341796875,0.79915
-3.0889892578125,0.7992
-2.96905517578125,0.79925
-3.3624267578125,0.7993
-3.25103759765625,0.79935
-2.96051025390625,0.7994
-3.353271484375,0.7994500000000001
-3.3319091796875,0.7995000000000001
-3.084716796875,0.7995500000000001
-3.55133056640625,0.7996000000000001
-3.61724853515625,0.7996500000000001
-3.3514404296875,0.7997000000000001
-3.013916015625,0.7997500000000001
-3.29559326171875,0.7998000000000001
-3.53485107421875,0.7998500000000001
-3.27178955078125,0.7999
-3.22235107421875,0.79995
-3.26324462890625,0.8
-3.133544921875,0.80005
-2.97943115234375,0.8001
-3.0010986328125,0.80015
-3.1793212890625,0.8002
-3.06488037109375,0.80025
-2.98370361328125,0.8003
-3.08746337890625,0.80035
-2.68035888671875,0.8004
-2.987060546875,0.80045
-3.1829833984375,0.8005
-3.006591796875,0.8005500000000001
-2.90618896484375,0.8006000000000001
-3.19091796875,0.8006500000000001
-3.04534912109375,0.8007000000000001
-3.021240234375,0.8007500000000001
-3.04656982421875,0.8008000000000001
-3.0126953125,0.8008500000000001
-2.65594482421875,0.8009000000000001
-2.85369873046875,0.80095
-3.0267333984375,0.801
-2.81524658203125,0.80105
-3.15032958984375,0.8011
-2.7838134765625,0.80115
-2.9534912109375,0.8012
-2.978515625,0.80125
-3.1103515625,0.8013
-3.08502197265625,0.80135
-3.2391357421875,0.8014
-2.9266357421875,0.80145
-3.2659912109375,0.8015
-2.960205078125,0.8015500000000001
-2.95257568359375,0.8016000000000001
-2.8570556640625,0.8016500000000001
-3.104248046875,0.8017000000000001
-2.6605224609375,0.8017500000000001
-2.72552490234375,0.8018000000000001
-2.864990234375,0.8018500000000001
-3.089599609375,0.8019000000000001
-2.874755859375,0.80195
-3.15338134765625,0.802
-3.092041015625,0.80205
-3.35784912109375,0.8021
-3.59832763671875,0.80215
-3.70635986328125,0.8022
-3.55804443359375,0.80225
-3.3819580078125,0.8023
-3.46099853515625,0.80235
-3.55438232421875,0.8024
-3.7249755859375,0.80245
-3.6468505859375,0.8025
-3.41583251953125,0.8025500000000001
-3.5943603515625,0.8026000000000001
-3.7677001953125,0.8026500000000001
-3.30596923828125,0.8027000000000001
-3.5498046875,0.8027500000000001
-3.487548828125,0.8028000000000001
-3.55621337890625,0.8028500000000001
-3.50189208984375,0.8029000000000001
-3.60443115234375,0.80295
-3.4918212890625,0.803
-3.504638671875,0.80305
-3.64990234375,0.8031
-3.60382080078125,0.80315
-3.4210205078125,0.8032
-3.2183837890625,0.80325
-3.499755859375,0.8033
-3.80767822265625,0.80335
-3.19061279296875,0.8034
-3.34564208984375,0.80345
-3.46649169921875,0.8035
-3.38958740234375,0.8035500000000001
-3.3734130859375,0.8036000000000001
-3.33953857421875,0.8036500000000001
-3.12744140625,0.8037000000000001
-3.06182861328125,0.8037500000000001
-3.1390380859375,0.8038000000000001
-3.00537109375,0.8038500000000001
-2.918701171875,0.8039000000000001
-2.8729248046875,0.80395
-2.83721923828125,0.804
-2.63641357421875,0.80405
-2.85858154296875,0.8041
-2.9681396484375,0.80415
-2.96417236328125,0.8042
-2.90130615234375,0.80425
-3.048095703125,0.8043
-2.84698486328125,0.80435
-2.904052734375,0.8044
-3.19915771484375,0.80445
-3.09112548828125,0.8045
-3.21502685546875,0.8045500000000001
-3.22967529296875,0.8046000000000001
-3.331298828125,0.8046500000000001
-3.2012939453125,0.8047000000000001
-3.55865478515625,0.8047500000000001
-3.145751953125,0.8048000000000001
-3.62457275390625,0.8048500000000001
-2.989501953125,0.8049000000000001
-3.1671142578125,0.80495
-3.52783203125,0.805
-3.5626220703125,0.80505
-3.228759765625,0.8051
-3.3477783203125,0.80515
-3.27850341796875,0.8052
-3.28887939453125,0.80525
-3.57452392578125,0.8053
-3.15765380859375,0.80535
-2.93548583984375,0.8054
-2.9180908203125,0.80545
-3.018798828125,0.8055
-2.939453125,0.8055500000000001
-3.13690185546875,0.8056000000000001
-2.87567138671875,0.8056500000000001
-2.7606201171875,0.8057000000000001
-2.572021484375,0.8057500000000001
-2.75848388671875,0.8058000000000001
-2.71270751953125,0.8058500000000001
-2.835693359375,0.8059000000000001
-2.7783203125,0.80595
-2.95379638671875,0.806
-2.72247314453125,0.80605
-2.9840087890625,0.8061
-2.7386474609375,0.80615
-2.78564453125,0.8062
-2.82684326171875,0.80625
-2.626953125,0.8063
-2.54730224609375,0.80635
-2.60589599609375,0.8064
-2.705078125,0.80645
-2.70843505859375,0.8065
-2.64404296875,0.8065500000000001
-2.5518798828125,0.8066000000000001
-3.06304931640625,0.8066500000000001
-3.00018310546875,0.8067000000000001
-2.76153564453125,0.8067500000000001
-2.9400634765625,0.8068000000000001
-2.8076171875,0.8068500000000001
-2.64068603515625,0.8069000000000001
-2.90283203125,0.8069500000000001
-2.76763916015625,0.807
-2.73193359375,0.80705
-2.8106689453125,0.8071
-2.82073974609375,0.80715
-2.54608154296875,0.8072
-2.7117919921875,0.80725
-2.8924560546875,0.8073
-2.8106689453125,0.80735
-2.56134033203125,0.8074
-2.822265625,0.80745
-2.67242431640625,0.8075
-2.64862060546875,0.80755
-3.104248046875,0.8076000000000001
-3.19061279296875,0.8076500000000001
-2.718505859375,0.8077000000000001
-2.61932373046875,0.8077500000000001
-2.8607177734375,0.8078000000000001
-2.91595458984375,0.8078500000000001
-2.7734375,0.8079000000000001
-2.5701904296875,0.8079500000000001
-2.88055419921875,0.808
-2.95806884765625,0.80805
-2.76275634765625,0.8081
-2.9656982421875,0.80815
-3.02642822265625,0.8082
-2.8094482421875,0.80825
-3.20587158203125,0.8083
-2.77496337890625,0.80835
-2.98675537109375,0.8084
-3.133544921875,0.80845
-3.04412841796875,0.8085
-2.872314453125,0.80855
-3.1195068359375,0.8086000000000001
-3.065185546875,0.8086500000000001
-3.17779541015625,0.8087000000000001
-3.23974609375,0.8087500000000001
-3.125,0.8088000000000001
-2.99163818359375,0.8088500000000001
-2.83935546875,0.8089000000000001
-3.1976318359375,0.8089500000000001
-3.150634765625,0.809
-3.3099365234375,0.80905
-3.14605712890625,0.8091
-3.27392578125,0.80915
-3.114013671875,0.8092
-3.47747802734375,0.80925
-3.25103759765625,0.8093
-3.2122802734375,0.80935
-2.93304443359375,0.8094
-2.92327880859375,0.80945
-2.864990234375,0.8095
-3.153076171875,0.80955
-2.899169921875,0.8096000000000001
-2.82562255859375,0.8096500000000001
-3.0731201171875,0.8097000000000001
-2.60406494140625,0.8097500000000001
-3.040771484375,0.8098000000000001
-3.03619384765625,0.8098500000000001
-2.98126220703125,0.8099000000000001
-3.15277099609375,0.8099500000000001
-2.802734375,0.81
-2.80303955078125,0.81005
-3.35479736328125,0.8101
-2.93670654296875,0.81015
-2.97821044921875,0.8102
-3.1195068359375,0.81025
-2.9949951171875,0.8103
-3.03985595703125,0.81035
-3.0224609375,0.8104
-3.19183349609375,0.81045
-3.13690185546875,0.8105
-2.75726318359375,0.81055
-3.08685302734375,0.8106000000000001
-2.96539306640625,0.8106500000000001
-3.0181884765625,0.8107000000000001
-3.06182861328125,0.8107500000000001
-3.1988525390625,0.8108000000000001
-2.70263671875,0.8108500000000001
-2.762451171875,0.8109000000000001
-3.1622314453125,0.8109500000000001
-3.0694580078125,0.811
-2.93121337890625,0.81105
-3.099365234375,0.8111
-3.106689453125,0.81115
-3.23760986328125,0.8112
-3.15765380859375,0.81125
-3.033447265625,0.8113
-3.19580078125,0.81135
-2.94891357421875,0.8114
-3.153076171875,0.81145
-2.93792724609375,0.8115
-2.96173095703125,0.81155
-2.94219970703125,0.8116000000000001
-3.18817138671875,0.8116500000000001
-2.8350830078125,0.8117000000000001
-3.2684326171875,0.8117500000000001
-3.09295654296875,0.8118000000000001
-3.23974609375,0.8118500000000001
-3.114013671875,0.8119000000000001
-3.10516357421875,0.8119500000000001
-2.78533935546875,0.812
-2.6263427734375,0.81205
-3.06732177734375,0.8121
-3.06182861328125,0.81215
-2.916259765625,0.8122
-2.7532958984375,0.81225
-2.9473876953125,0.8123
-3.05267333984375,0.81235
-3.182373046875,0.8124
-3.03009033203125,0.81245
-2.969970703125,0.8125
-2.88177490234375,0.81255
-3.282470703125,0.8126
-3.1634521484375,0.8126500000000001
-3.07891845703125,0.8127000000000001
-3.05572509765625,0.8127500000000001
-3.16162109375,0.8128000000000001
-3.153076171875,0.8128500000000001
-2.889404296875,0.8129000000000001
-3.114013671875,0.8129500000000001
-3.04931640625,0.8130000000000001
-2.97943115234375,0.81305
-2.98065185546875,0.8131
-2.98431396484375,0.81315
-2.93426513671875,0.8132
-3.29620361328125,0.81325
-3.19305419921875,0.8133
-2.81890869140625,0.81335
-2.9559326171875,0.8134
-2.7838134765625,0.81345
-2.91900634765625,0.8135
-3.16650390625,0.81355
-3.2293701171875,0.8136000000000001
-2.98126220703125,0.8136500000000001
-2.77923583984375,0.8137000000000001
-3.3221435546875,0.8137500000000001
-3.1732177734375,0.8138000000000001
-3.27850341796875,0.8138500000000001
-3.02825927734375,0.8139000000000001
-3.17047119140625,0.8139500000000001
-3.0224609375,0.8140000000000001
-3.2794189453125,0.81405
-3.15948486328125,0.8141
-3.17352294921875,0.81415
-3.19427490234375,0.8142
-3.4063720703125,0.81425
-3.2672119140625,0.8143
-3.4613037109375,0.81435
-3.343505859375,0.8144
-3.37554931640625,0.81445
-3.15032958984375,0.8145
-2.9681396484375,0.81455
-3.3758544921875,0.8146
-2.96600341796875,0.8146500000000001
-3.11767578125,0.8147000000000001
-3.1512451171875,0.8147500000000001
-3.33404541015625,0.8148000000000001
-2.9730224609375,0.8148500000000001
-3.45794677734375,0.8149000000000001
-3.4295654296875,0.8149500000000001
-3.24859619140625,0.8150000000000001
-3.15673828125,0.81505
-3.2781982421875,0.8151
-2.899169921875,0.81515
-3.1683349609375,0.8152
-3.3135986328125,0.81525
-3.372802734375,0.8153
-3.29681396484375,0.81535
-2.91168212890625,0.8154
-3.2061767578125,0.81545
-3.11309814453125,0.8155
-3.135986328125,0.81555
-3.16802978515625,0.8156
-3.065185546875,0.8156500000000001
-3.1427001953125,0.8157000000000001
-3.44696044921875,0.8157500000000001
-3.15277099609375,0.8158000000000001
-3.17840576171875,0.8158500000000001
-3.02947998046875,0.8159000000000001
-3.1903076171875,0.8159500000000001
-3.21929931640625,0.8160000000000001
-2.86224365234375,0.81605
-3.148193359375,0.8161
-3.18511962890625,0.81615
-3.096923828125,0.8162
-3.15887451171875,0.81625
-2.9254150390625,0.8163
-3.0438232421875,0.81635
-3.18267822265625,0.8164
-3.3343505859375,0.81645
-2.73590087890625,0.8165
-3.1146240234375,0.81655
-3.09600830078125,0.8166
-3.1048583984375,0.8166500000000001
-3.3416748046875,0.8167000000000001
-3.40667724609375,0.8167500000000001
-3.1298828125,0.8168000000000001
-3.24798583984375,0.8168500000000001
-3.4857177734375,0.8169000000000001
-3.3123779296875,0.8169500000000001
-3.2855224609375,0.8170000000000001
-3.09814453125,0.81705
-3.3563232421875,0.8171
-3.05755615234375,0.81715
-3.19122314453125,0.8172
-3.2818603515625,0.81725
-3.12652587890625,0.8173
-3.128662109375,0.81735
-3.2281494140625,0.8174
-3.1744384765625,0.81745
-3.1829833984375,0.8175
-3.09906005859375,0.81755
-3.1878662109375,0.8176
-3.0963134765625,0.8176500000000001
-3.09051513671875,0.8177000000000001
-3.38134765625,0.8177500000000001
-3.06640625,0.8178000000000001
-3.09051513671875,0.8178500000000001
-2.9254150390625,0.8179000000000001
-2.92724609375,0.8179500000000001
-2.77069091796875,0.8180000000000001
-3.09173583984375,0.81805
-3.23974609375,0.8181
-2.95654296875,0.81815
-2.8955078125,0.8182
-3.388671875,0.81825
-2.9815673828125,0.8183
-3.3819580078125,0.81835
-3.46343994140625,0.8184
-3.3831787109375,0.81845
-3.1414794921875,0.8185
-3.150634765625,0.81855
-3.22113037109375,0.8186
-3.00994873046875,0.8186500000000001
-3.34259033203125,0.8187000000000001
-3.09661865234375,0.8187500000000001
-3.01910400390625,0.8188000000000001
-3.08746337890625,0.8188500000000001
-3.11126708984375,0.8189000000000001
-3.04962158203125,0.8189500000000001
-3.20098876953125,0.8190000000000001
-3.14483642578125,0.8190500000000001
-3.25927734375,0.8191
-2.96234130859375,0.81915
-3.10760498046875,0.8192
-3.27728271484375,0.81925
-3.19183349609375,0.8193
-2.97393798828125,0.81935
-3.21197509765625,0.8194
-3.20465087890625,0.81945
-3.0548095703125,0.8195
-3.0828857421875,0.81955
-3.123779296875,0.8196
-2.65411376953125,0.81965
-2.786865234375,0.8197000000000001
-3.01422119140625,0.8197500000000001
-3.04901123046875,0.8198000000000001
-3.01177978515625,0.8198500000000001
-3.11767578125,0.8199000000000001
-2.877197265625,0.8199500000000001
-3.19244384765625,0.8200000000000001
-3.3062744140625,0.8200500000000001
-3.24005126953125,0.8201
-3.10455322265625,0.82015
-3.3221435546875,0.8202
-3.39141845703125,0.82025
-3.0487060546875,0.8203
-3.35784912109375,0.82035
-3.2696533203125,0.8204
-3.23211669921875,0.82045
-3.22265625,0.8205
-3.143310546875,0.82055
-2.9632568359375,0.8206
-3.16802978515625,0.8206500000000001
-3.1243896484375,0.8207000000000001
-3.25714111328125,0.8207500000000001
-2.99407958984375,0.8208000000000001
-3.31298828125,0.8208500000000001
-3.65386962890625,0.8209000000000001
-3.431396484375,0.8209500000000001
-2.98583984375,0.8210000000000001
-3.1787109375,0.8210500000000001
-3.087158203125,0.8211
-3.04412841796875,0.82115
-3.32305908203125,0.8212
-3.21197509765625,0.82125
-3.09722900390625,0.8213
-3.06671142578125,0.82135
-3.45123291015625,0.8214
-3.05419921875,0.82145
-3.15582275390625,0.8215
-3.306884765625,0.82155
-3.330078125,0.8216
-3.0206298828125,0.82165
-3.2940673828125,0.8217000000000001
-3.231201171875,0.8217500000000001
-3.00811767578125,0.8218000000000001
-3.218994140625,0.8218500000000001
-3.05938720703125,0.8219000000000001
-2.82257080078125,0.8219500000000001
-2.9290771484375,0.8220000000000001
-3.0621337890625,0.8220500000000001
-3.06976318359375,0.8221
-2.91351318359375,0.82215
-2.91534423828125,0.8222
-3.19366455078125,0.82225
-2.9931640625,0.8223
-3.01300048828125,0.82235
-3.40087890625,0.8224
-2.85888671875,0.82245
-2.7301025390625,0.8225
-3.1390380859375,0.82255
-2.97943115234375,0.8226
-3.03253173828125,0.82265
-2.635498046875,0.8227000000000001
-2.88360595703125,0.8227500000000001
-2.71453857421875,0.8228000000000001
-2.77984619140625,0.8228500000000001
-3.07708740234375,0.8229000000000001
-3.06365966796875,0.8229500000000001
-2.90496826171875,0.8230000000000001
-3.01422119140625,0.8230500000000001
-2.78717041015625,0.8231
-2.987060546875,0.82315
-3.19976806640625,0.8232
-3.38165283203125,0.82325
-2.79632568359375,0.8233
-3.0804443359375,0.82335
-3.27117919921875,0.8234
-3.17596435546875,0.82345
-3.39996337890625,0.8235
-3.25408935546875,0.82355
-3.07281494140625,0.8236
-3.0877685546875,0.82365
-3.06915283203125,0.8237000000000001
-3.24432373046875,0.8237500000000001
-3.4210205078125,0.8238000000000001
-3.04046630859375,0.8238500000000001
-3.47900390625,0.8239000000000001
-3.0340576171875,0.8239500000000001
-3.21563720703125,0.8240000000000001
-3.40057373046875,0.8240500000000001
-3.19488525390625,0.8241
-2.8936767578125,0.82415
-3.39385986328125,0.8242
-3.06915283203125,0.82425
-3.34442138671875,0.8243
-3.17169189453125,0.82435
-3.3404541015625,0.8244
-3.12530517578125,0.82445
-2.98980712890625,0.8245
-3.31878662109375,0.82455
-3.131103515625,0.8246
-3.126220703125,0.82465
-3.04290771484375,0.8247
-3.35601806640625,0.8247500000000001
-3.13690185546875,0.8248000000000001
-3.4564208984375,0.8248500000000001
-3.338623046875,0.8249000000000001
-3.03955078125,0.8249500000000001
-3.22113037109375,0.8250000000000001
-3.30474853515625,0.8250500000000001
-3.0364990234375,0.8251000000000001
-3.197021484375,0.82515
-3.02093505859375,0.8252
-2.99896240234375,0.82525
-3.0218505859375,0.8253000000000001
-2.85797119140625,0.8253500000000001
-3.2275390625,0.8254000000000001
-3.1085205078125,0.8254500000000001
-2.8436279296875,0.8255000000000001
-3.25897216796875,0.8255500000000001
-3.03314208984375,0.8256000000000001
-2.9296875,0.8256500000000001
-3.5028076171875,0.8257000000000001
-2.92266845703125,0.8257500000000001
-2.9901123046875,0.8258000000000001
-3.1658935546875,0.8258500000000001
-3.0364990234375,0.8259000000000001
-2.994384765625,0.8259500000000001
-3.19366455078125,0.8260000000000001
-3.3233642578125,0.8260500000000001
-3.1982421875,0.8261000000000001
-2.978515625,0.82615
-2.9400634765625,0.8262
-3.18634033203125,0.82625
-3.145751953125,0.8263000000000001
-3.1640625,0.8263500000000001
-3.404541015625,0.8264000000000001
-2.71453857421875,0.8264500000000001
-3.0816650390625,0.8265000000000001
-3.06427001953125,0.8265500000000001
-3.016357421875,0.8266000000000001
-2.8887939453125,0.8266500000000001
-3.0718994140625,0.8267000000000001
-2.90435791015625,0.8267500000000001
-3.08258056640625,0.8268000000000001
-2.92266845703125,0.8268500000000001
-3.13140869140625,0.8269000000000001
-2.99652099609375,0.8269500000000001
-2.6873779296875,0.8270000000000001
-3.2757568359375,0.8270500000000001
-2.90435791015625,0.8271000000000001
-2.93121337890625,0.82715
-2.9571533203125,0.8272
-3.18939208984375,0.82725
-2.840576171875,0.8273000000000001
-3.38134765625,0.8273500000000001
-3.311767578125,0.8274000000000001
-3.49273681640625,0.8274500000000001
-3.6956787109375,0.8275000000000001
-3.9019775390625,0.8275500000000001
-3.43292236328125,0.8276000000000001
-3.62701416015625,0.8276500000000001
-3.6492919921875,0.8277000000000001
-3.8885498046875,0.8277500000000001
-3.759765625,0.8278000000000001
-3.57666015625,0.8278500000000001
-3.86077880859375,0.8279000000000001
-3.642578125,0.8279500000000001
-3.99993896484375,0.8280000000000001
-3.97796630859375,0.8280500000000001
-3.6181640625,0.8281000000000001
-3.9874267578125,0.82815
-3.98223876953125,0.8282
-3.9361572265625,0.82825
-3.96759033203125,0.8283
-3.9703369140625,0.8283500000000001
-3.941650390625,0.8284000000000001
-3.8360595703125,0.8284500000000001
-3.75823974609375,0.8285000000000001
-3.8446044921875,0.8285500000000001
-3.58245849609375,0.8286000000000001
-3.387451171875,0.8286500000000001
-3.57513427734375,0.8287000000000001
-3.1060791015625,0.8287500000000001
-3.19671630859375,0.8288000000000001
-3.3734130859375,0.8288500000000001
-3.358154296875,0.8289000000000001
-2.974853515625,0.8289500000000001
-3.179931640625,0.8290000000000001
-3.1671142578125,0.8290500000000001
-2.7972412109375,0.8291000000000001
-3.104248046875,0.82915
-3.13873291015625,0.8292
-3.14208984375,0.82925
-2.84210205078125,0.8293000000000001
-2.95196533203125,0.8293500000000001
-3.02734375,0.8294000000000001
-2.92449951171875,0.8294500000000001
-2.9180908203125,0.8295000000000001
-3.00262451171875,0.8295500000000001
-2.48687744140625,0.8296000000000001
-2.95989990234375,0.8296500000000001
-2.77679443359375,0.8297000000000001
-2.78778076171875,0.8297500000000001
-2.84027099609375,0.8298000000000001
-3.021240234375,0.8298500000000001
-3.02703857421875,0.8299000000000001
-3.2635498046875,0.8299500000000001
-3.15399169921875,0.8300000000000001
-3.55499267578125,0.8300500000000001
-3.40484619140625,0.8301000000000001
-3.25042724609375,0.83015
-3.7420654296875,0.8302
-3.26263427734375,0.83025
-3.3148193359375,0.8303
-3.2440185546875,0.8303500000000001
-3.3367919921875,0.8304000000000001
-2.87994384765625,0.8304500000000001
-3.09295654296875,0.8305000000000001
-3.031005859375,0.8305500000000001
-3.2147216796875,0.8306000000000001
-3.11798095703125,0.8306500000000001
-3.0584716796875,0.8307000000000001
-2.90618896484375,0.8307500000000001
-3.2391357421875,0.8308000000000001
-3.2183837890625,0.8308500000000001
-3.48175048828125,0.8309000000000001
-3.15216064453125,0.8309500000000001
-3.0133056640625,0.8310000000000001
-3.19976806640625,0.8310500000000001
-3.15521240234375,0.8311000000000001
-3.14361572265625,0.83115
-3.0487060546875,0.8312
-2.99713134765625,0.83125
-3.0169677734375,0.8313000000000001
-3.06884765625,0.8313500000000001
-2.79998779296875,0.8314000000000001
-3.0670166015625,0.8314500000000001
-2.76336669921875,0.8315000000000001
-3.02520751953125,0.8315500000000001
-2.97119140625,0.8316000000000001
-3.1103515625,0.8316500000000001
-3.038330078125,0.8317000000000001
-3.162841796875,0.8317500000000001
-3.035888671875,0.8318000000000001
-3.238525390625,0.8318500000000001
-2.96417236328125,0.8319000000000001
-3.0535888671875,0.8319500000000001
-3.502197265625,0.8320000000000001
-3.6224365234375,0.8320500000000001
-3.0987548828125,0.8321000000000001
-3.255615234375,0.8321500000000001
-3.076171875,0.8322
-3.231201171875,0.83225
-3.28399658203125,0.8323
-3.3123779296875,0.8323500000000001
-3.32672119140625,0.8324000000000001
-3.1549072265625,0.8324500000000001
-3.3612060546875,0.8325000000000001
-3.45977783203125,0.8325500000000001
-3.123779296875,0.8326000000000001
-3.543701171875,0.8326500000000001
-3.53973388671875,0.8327000000000001
-3.30780029296875,0.8327500000000001
-3.4423828125,0.8328000000000001
-3.31146240234375,0.8328500000000001
-3.26080322265625,0.8329000000000001
-3.154296875,0.8329500000000001
-3.446044921875,0.8330000000000001
-3.016357421875,0.8330500000000001
-3.16802978515625,0.8331000000000001
-3.28399658203125,0.8331500000000001
-3.37921142578125,0.8332
-3.11859130859375,0.83325
-3.20648193359375,0.8333
-3.61541748046875,0.8333500000000001
-3.46923828125,0.8334000000000001
-3.47381591796875,0.8334500000000001
-3.26019287109375,0.8335000000000001
-3.26507568359375,0.8335500000000001
-2.7801513671875,0.8336000000000001
-3.3123779296875,0.8336500000000001
-3.4088134765625,0.8337000000000001
-3.24188232421875,0.8337500000000001
-3.05419921875,0.8338000000000001
-2.994384765625,0.8338500000000001
-3.13201904296875,0.8339000000000001
-3.2293701171875,0.8339500000000001
-3.1597900390625,0.8340000000000001
-3.29345703125,0.8340500000000001
-2.87353515625,0.8341000000000001
-3.3123779296875,0.8341500000000001
-3.3966064453125,0.8342
-3.26202392578125,0.83425
-3.52203369140625,0.8343
-3.4979248046875,0.8343500000000001
-3.4130859375,0.8344000000000001
-3.28033447265625,0.8344500000000001
-3.4197998046875,0.8345000000000001
-3.382568359375,0.8345500000000001
-3.39691162109375,0.8346000000000001
-3.21563720703125,0.8346500000000001
-3.48907470703125,0.8347000000000001
-3.26171875,0.8347500000000001
-3.33953857421875,0.8348000000000001
-3.44268798828125,0.8348500000000001
-3.2696533203125,0.8349000000000001
-3.07098388671875,0.8349500000000001
-3.21746826171875,0.8350000000000001
-3.04901123046875,0.8350500000000001
-3.17718505859375,0.8351000000000001
-3.1658935546875,0.8351500000000001
-3.387451171875,0.8352
-2.89642333984375,0.83525
-3.12591552734375,0.8353
-3.3209228515625,0.8353500000000001
-3.3154296875,0.8354000000000001
-3.25439453125,0.8354500000000001
-3.19122314453125,0.8355000000000001
-3.13140869140625,0.8355500000000001
-3.16314697265625,0.8356000000000001
-3.2568359375,0.8356500000000001
-3.3819580078125,0.8357000000000001
-2.9705810546875,0.8357500000000001
-3.21441650390625,0.8358000000000001
-3.18695068359375,0.8358500000000001
-3.01727294921875,0.8359000000000001
-3.2122802734375,0.8359500000000001
-3.21441650390625,0.8360000000000001
-3.10516357421875,0.8360500000000001
-3.10943603515625,0.8361000000000001
-3.143310546875,0.8361500000000001
-3.00201416015625,0.8362
-3.079833984375,0.83625
-3.07373046875,0.8363
-3.23760986328125,0.8363500000000001
-2.7117919921875,0.8364000000000001
-2.88116455078125,0.8364500000000001
-3.10760498046875,0.8365000000000001
-3.1146240234375,0.8365500000000001
-2.77923583984375,0.8366000000000001
-2.67303466796875,0.8366500000000001
-2.92449951171875,0.8367000000000001
-2.76763916015625,0.8367500000000001
-2.9327392578125,0.8368000000000001
-2.945556640625,0.8368500000000001
-2.89337158203125,0.8369000000000001
-2.6763916015625,0.8369500000000001
-3.0218505859375,0.8370000000000001
-2.97149658203125,0.8370500000000001
-2.83477783203125,0.8371000000000001
-3.05145263671875,0.8371500000000001
-3.21533203125,0.8372
-2.77862548828125,0.83725
-3.1414794921875,0.8373
-3.0126953125,0.83735
-2.79571533203125,0.8374000000000001
-2.9193115234375,0.8374500000000001
-2.8192138671875,0.8375000000000001
-2.81219482421875,0.8375500000000001
-2.63275146484375,0.8376000000000001
-2.664794921875,0.8376500000000001
-2.93121337890625,0.8377000000000001
-2.9364013671875,0.8377500000000001
-2.591552734375,0.8378000000000001
-3.15155029296875,0.8378500000000001
-2.813720703125,0.8379000000000001
-3.05389404296875,0.8379500000000001
-3.197021484375,0.8380000000000001
-2.8289794921875,0.8380500000000001
-2.6129150390625,0.8381000000000001
-3.03985595703125,0.8381500000000001
-3.0474853515625,0.8382000000000001
-3.21929931640625,0.83825
-2.92724609375,0.8383
-3.01910400390625,0.83835
-2.8387451171875,0.8384000000000001
-2.89703369140625,0.8384500000000001
-3.10302734375,0.8385000000000001
-3.3447265625,0.8385500000000001
-2.9486083984375,0.8386000000000001
-3.2318115234375,0.8386500000000001
-3.23028564453125,0.8387000000000001
-3.1951904296875,0.8387500000000001
-3.284912109375,0.8388000000000001
-3.2720947265625,0.8388500000000001
-2.98095703125,0.8389000000000001
-3.13018798828125,0.8389500000000001
-3.0010986328125,0.8390000000000001
-2.88970947265625,0.8390500000000001
-3.22235107421875,0.8391000000000001
-2.999267578125,0.8391500000000001
-2.96173095703125,0.8392000000000001
-2.93121337890625,0.83925
-2.9052734375,0.8393
-3.1591796875,0.83935
-3.319091796875,0.8394000000000001
-2.77801513671875,0.8394500000000001
-3.358154296875,0.8395000000000001
-2.928466796875,0.8395500000000001
-3.20404052734375,0.8396000000000001
-3.4661865234375,0.8396500000000001
-3.31512451171875,0.8397000000000001
-3.04931640625,0.8397500000000001
-3.42071533203125,0.8398000000000001
-3.3624267578125,0.8398500000000001
-3.387451171875,0.8399000000000001
-3.42864990234375,0.8399500000000001
-3.255615234375,0.8400000000000001
-3.36090087890625,0.8400500000000001
-2.94647216796875,0.8401000000000001
-3.30291748046875,0.8401500000000001
-3.43109130859375,0.8402000000000001
-3.03070068359375,0.84025
-3.28948974609375,0.8403
-3.5992431640625,0.84035
-3.15277099609375,0.8404000000000001
-3.39752197265625,0.8404500000000001
-3.3660888671875,0.8405000000000001
-3.31939697265625,0.8405500000000001
-3.21319580078125,0.8406000000000001
-3.35296630859375,0.8406500000000001
-2.998046875,0.8407000000000001
-3.1121826171875,0.8407500000000001
-3.1854248046875,0.8408000000000001
-3.3050537109375,0.8408500000000001
-2.9443359375,0.8409000000000001
-2.8790283203125,0.8409500000000001
-3.228759765625,0.8410000000000001
-3.02490234375,0.8410500000000001
-2.91656494140625,0.8411000000000001
-2.94769287109375,0.8411500000000001
-2.87139892578125,0.8412000000000001
-2.5189208984375,0.84125
-3.2861328125,0.8413
-3.1982421875,0.84135
-3.0908203125,0.8414000000000001
-2.88299560546875,0.8414500000000001
-2.9400634765625,0.8415000000000001
-2.92327880859375,0.8415500000000001
-3.00537109375,0.8416000000000001
-3.04412841796875,0.8416500000000001
-3.0364990234375,0.8417000000000001
-2.6849365234375,0.8417500000000001
-3.07220458984375,0.8418000000000001
-3.04931640625,0.8418500000000001
-3.0029296875,0.8419000000000001
-3.1182861328125,0.8419500000000001
-3.21441650390625,0.8420000000000001
-2.90924072265625,0.8420500000000001
-2.840576171875,0.8421000000000001
-2.88360595703125,0.8421500000000001
-2.9443359375,0.8422000000000001
-3.08319091796875,0.84225
-2.93670654296875,0.8423
-3.06396484375,0.84235
-3.0291748046875,0.8424000000000001
-3.05206298828125,0.8424500000000001
-3.17291259765625,0.8425000000000001
-3.165283203125,0.8425500000000001
-2.51190185546875,0.8426000000000001
-2.8961181640625,0.8426500000000001
-2.7484130859375,0.8427000000000001
-2.95257568359375,0.8427500000000001
-2.8961181640625,0.8428000000000001
-3.0706787109375,0.8428500000000001
-2.83782958984375,0.8429000000000001
-2.93914794921875,0.8429500000000001
-2.994384765625,0.8430000000000001
-2.999267578125,0.8430500000000001
-3.02734375,0.8431000000000001
-2.95562744140625,0.8431500000000001
-2.92144775390625,0.8432000000000001
-3.01025390625,0.84325
-3.11431884765625,0.8433
-3.121337890625,0.84335
-2.8924560546875,0.8434000000000001
-2.82501220703125,0.8434500000000001
-3.0645751953125,0.8435000000000001
-2.63397216796875,0.8435500000000001
-2.9217529296875,0.8436000000000001
-2.8662109375,0.8436500000000001
-2.7996826171875,0.8437000000000001
-2.91015625,0.8437500000000001
-2.92938232421875,0.8438000000000001
-2.75634765625,0.8438500000000001
-3.1378173828125,0.8439000000000001
-2.92999267578125,0.8439500000000001
-3.06304931640625,0.8440000000000001
-2.82440185546875,0.8440500000000001
-2.6568603515625,0.8441000000000001
-3.118896484375,0.8441500000000001
-2.83233642578125,0.8442000000000001
-2.52197265625,0.8442500000000001
-2.82012939453125,0.8443
-2.7984619140625,0.84435
-2.61566162109375,0.8444
-2.9345703125,0.8444500000000001
-2.93121337890625,0.8445000000000001
-2.7960205078125,0.8445500000000001
-2.69256591796875,0.8446000000000001
-2.684326171875,0.8446500000000001
-2.6129150390625,0.8447000000000001
-2.6177978515625,0.8447500000000001
-2.89703369140625,0.8448000000000001
-3.06396484375,0.8448500000000001
-2.88909912109375,0.8449000000000001
-2.86895751953125,0.8449500000000001
-3.06427001953125,0.8450000000000001
-3.0859375,0.8450500000000001
-2.88360595703125,0.8451000000000001
-3.24676513671875,0.8451500000000001
-2.86834716796875,0.8452000000000001
-2.99835205078125,0.8452500000000001
-2.91656494140625,0.8453
-2.82928466796875,0.84535
-2.97637939453125,0.8454
-2.63702392578125,0.8454500000000001
-2.7789306640625,0.8455000000000001
-3.0230712890625,0.8455500000000001
-2.6959228515625,0.8456000000000001
-2.8485107421875,0.8456500000000001
-2.85614013671875,0.8457000000000001
-2.5823974609375,0.8457500000000001
-3.09906005859375,0.8458000000000001
-2.93426513671875,0.8458500000000001
-2.97637939453125,0.8459000000000001
-2.930908203125,0.8459500000000001
-3.2513427734375,0.8460000000000001
-2.88970947265625,0.8460500000000001
-3.131103515625,0.8461000000000001
-3.050537109375,0.8461500000000001
-3.216552734375,0.8462000000000001
-3.06884765625,0.8462500000000001
-3.111572265625,0.8463
-3.19183349609375,0.84635
-3.20404052734375,0.8464
-3.33831787109375,0.8464500000000001
-3.48175048828125,0.8465000000000001
-3.34259033203125,0.8465500000000001
-3.1982421875,0.8466000000000001
-3.28765869140625,0.8466500000000001
-3.03619384765625,0.8467000000000001
-3.2513427734375,0.8467500000000001
-3.16925048828125,0.8468000000000001
-2.8131103515625,0.8468500000000001
-2.94036865234375,0.8469000000000001
-3.32366943359375,0.8469500000000001
-3.2598876953125,0.8470000000000001
-3.14422607421875,0.8470500000000001
-2.92266845703125,0.8471000000000001
-3.12286376953125,0.8471500000000001
-3.1817626953125,0.8472000000000001
-3.1292724609375,0.8472500000000001
-3.32550048828125,0.8473
-3.15643310546875,0.84735
-3.03436279296875,0.8474
-3.08929443359375,0.8474500000000001
-3.10638427734375,0.8475000000000001
-2.84454345703125,0.8475500000000001
-3.2012939453125,0.8476000000000001
-3.2867431640625,0.8476500000000001
-3.22235107421875,0.8477000000000001
-3.04840087890625,0.8477500000000001
-3.221435546875,0.8478000000000001
-3.11309814453125,0.8478500000000001
-3.2318115234375,0.8479000000000001
-3.51593017578125,0.8479500000000001
-3.4619140625,0.8480000000000001
-3.167724609375,0.8480500000000001
-3.46588134765625,0.8481000000000001
-3.6090087890625,0.8481500000000001
-3.4246826171875,0.8482000000000001
-3.33709716796875,0.8482500000000001
-3.3831787109375,0.8483
-3.11553955078125,0.84835
-3.2080078125,0.8484
-3.16741943359375,0.8484500000000001
-3.15460205078125,0.8485000000000001
-3.14727783203125,0.8485500000000001
-2.740478515625,0.8486000000000001
-3.03924560546875,0.8486500000000001
-3.1036376953125,0.8487000000000001
-2.93914794921875,0.8487500000000001
-3.05389404296875,0.8488000000000001
-3.11248779296875,0.8488500000000001
-2.918701171875,0.8489000000000001
-3.57696533203125,0.8489500000000001
-3.41064453125,0.8490000000000001
-3.38043212890625,0.8490500000000001
-3.23974609375,0.8491000000000001
-3.61785888671875,0.8491500000000001
-3.0804443359375,0.8492000000000001
-3.19427490234375,0.8492500000000001
-3.1494140625,0.8493
-3.3673095703125,0.84935
-3.1231689453125,0.8494
-3.01239013671875,0.8494500000000001
-3.16497802734375,0.8495000000000001
-3.2232666015625,0.8495500000000001
-3.4429931640625,0.8496000000000001
-3.50189208984375,0.8496500000000001
-3.204345703125,0.8497000000000001
-3.40545654296875,0.8497500000000001
-3.4979248046875,0.8498000000000001
-3.49212646484375,0.8498500000000001
-3.48114013671875,0.8499000000000001
-3.43475341796875,0.8499500000000001
-3.204345703125,0.8500000000000001
-3.1341552734375,0.8500500000000001
-3.38531494140625,0.8501000000000001
-3.4783935546875,0.8501500000000001
-3.3013916015625,0.8502000000000001
-2.90618896484375,0.8502500000000001
-3.3782958984375,0.8503000000000001
-3.155517578125,0.85035
-3.2269287109375,0.8504
-3.39752197265625,0.85045
-3.41827392578125,0.8505
-3.2281494140625,0.8505500000000001
-3.1951904296875,0.8506000000000001
-3.2855224609375,0.8506500000000001
-2.94036865234375,0.8507000000000001
-3.2562255859375,0.8507500000000001
-3.25775146484375,0.8508000000000001
-3.04107666015625,0.8508500000000001
-2.79083251953125,0.8509000000000001
-3.206787109375,0.8509500000000001
-3.07586669921875,0.8510000000000001
-3.0078125,0.8510500000000001
-3.04595947265625,0.8511000000000001
-3.0072021484375,0.8511500000000001
-2.70263671875,0.8512000000000001
-3.140869140625,0.8512500000000001
-3.06304931640625,0.8513000000000001
-2.97393798828125,0.85135
-2.99407958984375,0.8514
-3.11981201171875,0.85145
-3.17718505859375,0.8515
-3.0755615234375,0.8515500000000001
-2.96295166015625,0.8516000000000001
-3.28826904296875,0.8516500000000001
-3.00384521484375,0.8517000000000001
-2.821044921875,0.8517500000000001
-3.2318115234375,0.8518000000000001
-2.9901123046875,0.8518500000000001
-2.9949951171875,0.8519000000000001
-2.8851318359375,0.8519500000000001
-2.7691650390625,0.8520000000000001
-2.6318359375,0.8520500000000001
-3.02520751953125,0.8521000000000001
-3.08746337890625,0.8521500000000001
-3.10028076171875,0.8522000000000001
-2.9315185546875,0.8522500000000001
-3.19854736328125,0.8523000000000001
-2.99072265625,0.85235
-3.30718994140625,0.8524
-3.32122802734375,0.85245
-3.55682373046875,0.8525
-2.92724609375,0.8525500000000001
-3.34564208984375,0.8526000000000001
-3.50250244140625,0.8526500000000001
-3.74786376953125,0.8527000000000001
-3.5101318359375,0.8527500000000001
-3.88427734375,0.8528000000000001
-3.51287841796875,0.8528500000000001
-3.660888671875,0.8529000000000001
-3.75732421875,0.8529500000000001
-3.81500244140625,0.8530000000000001
-3.69232177734375,0.8530500000000001
-3.56689453125,0.8531000000000001
-3.5601806640625,0.8531500000000001
-3.56475830078125,0.8532000000000001
-3.50982666015625,0.8532500000000001
-3.54888916015625,0.8533000000000001
-3.6962890625,0.85335
-3.3892822265625,0.8534
-3.651123046875,0.85345
-3.5272216796875,0.8535
-3.61083984375,0.8535500000000001
-3.807373046875,0.8536000000000001
-3.8055419921875,0.8536500000000001
-3.5052490234375,0.8537000000000001
-3.421630859375,0.8537500000000001
-3.46405029296875,0.8538000000000001
-3.43017578125,0.8538500000000001
-3.5223388671875,0.8539000000000001
-3.311767578125,0.8539500000000001
-3.3056640625,0.8540000000000001
-3.15277099609375,0.8540500000000001
-3.45062255859375,0.8541000000000001
-3.35479736328125,0.8541500000000001
-2.85186767578125,0.8542000000000001
-3.14361572265625,0.8542500000000001
-3.236083984375,0.8543000000000001
-2.91290283203125,0.85435
-3.0908203125,0.8544
-2.95928955078125,0.85445
-2.64312744140625,0.8545
-2.75146484375,0.8545500000000001
-2.79937744140625,0.8546000000000001
-2.7960205078125,0.8546500000000001
-2.779541015625,0.8547000000000001
-2.69744873046875,0.8547500000000001
-3.016357421875,0.8548000000000001
-2.9754638671875,0.8548500000000001
-2.7734375,0.8549000000000001
-3.380126953125,0.8549500000000001
-3.33343505859375,0.8550000000000001
-3.28338623046875,0.8550500000000001
-3.50738525390625,0.8551000000000001
-3.1414794921875,0.8551500000000001
-3.0908203125,0.8552000000000001
-3.82171630859375,0.8552500000000001
-3.67431640625,0.8553000000000001
-3.56170654296875,0.85535
-3.3331298828125,0.8554
-3.28826904296875,0.85545
-3.56658935546875,0.8555
-3.406982421875,0.8555500000000001
-3.3099365234375,0.8556000000000001
-3.43170166015625,0.8556500000000001
-2.90191650390625,0.8557000000000001
-3.47564697265625,0.8557500000000001
-3.41156005859375,0.8558000000000001
-3.2147216796875,0.8558500000000001
-2.99713134765625,0.8559000000000001
-3.525390625,0.8559500000000001
-3.0633544921875,0.8560000000000001
-3.21258544921875,0.8560500000000001
-3.11065673828125,0.8561000000000001
-3.05450439453125,0.8561500000000001
-3.07952880859375,0.8562000000000001
-2.752685546875,0.8562500000000001
-2.85400390625,0.8563000000000001
-2.71514892578125,0.8563500000000001
-2.69287109375,0.8564
-2.7337646484375,0.85645
-2.88238525390625,0.8565
-2.40386962890625,0.8565500000000001
-2.8192138671875,0.8566000000000001
-2.8570556640625,0.8566500000000001
-2.9827880859375,0.8567000000000001
-2.97607421875,0.8567500000000001
-3.179931640625,0.8568000000000001
-2.8106689453125,0.8568500000000001
-3.131103515625,0.8569000000000001
-2.95806884765625,0.8569500000000001
-3.121337890625,0.8570000000000001
-2.921142578125,0.8570500000000001
-2.58941650390625,0.8571000000000001
-2.7679443359375,0.8571500000000001
-2.64434814453125,0.8572000000000001
-2.945556640625,0.8572500000000001
-3.0450439453125,0.8573000000000001
-2.523193359375,0.8573500000000001
-2.78167724609375,0.8574
-2.9791259765625,0.85745
-2.8607177734375,0.8575
-2.87139892578125,0.85755
-3.16375732421875,0.8576000000000001
-2.54669189453125,0.8576500000000001
-2.7813720703125,0.8577000000000001
-2.9541015625,0.8577500000000001
-2.79571533203125,0.8578000000000001
-2.71026611328125,0.8578500000000001
-2.696533203125,0.8579000000000001
-2.7728271484375,0.8579500000000001
-2.62481689453125,0.8580000000000001
-2.6287841796875,0.8580500000000001
-2.830810546875,0.8581000000000001
-2.9681396484375,0.8581500000000001
-2.67242431640625,0.8582000000000001
-2.8387451171875,0.8582500000000001
-2.85888671875,0.8583000000000001
-2.83843994140625,0.8583500000000001
-3.15185546875,0.8584
-3.29498291015625,0.85845
-3.023681640625,0.8585
-3.03314208984375,0.85855
-3.04046630859375,0.8586000000000001
-3.18023681640625,0.8586500000000001
-3.1756591796875,0.8587000000000001
-3.17230224609375,0.8587500000000001
-3.2366943359375,0.8588000000000001
-2.82562255859375,0.8588500000000001
-3.36181640625,0.8589000000000001
-3.2037353515625,0.8589500000000001
-3.04229736328125,0.8590000000000001
-2.760009765625,0.8590500000000001
-3.2293701171875,0.8591000000000001
-2.9754638671875,0.8591500000000001
-2.86590576171875,0.8592000000000001
-2.97882080078125,0.8592500000000001
-3.04290771484375,0.8593000000000001
-3.0841064453125,0.8593500000000001
-3.08868408203125,0.8594
-3.14605712890625,0.85945
-3.187255859375,0.8595
-3.0792236328125,0.85955
-3.06060791015625,0.8596000000000001
-3.01361083984375,0.8596500000000001
-2.6611328125,0.8597000000000001
-3.0426025390625,0.8597500000000001
-3.04351806640625,0.8598000000000001
-3.1390380859375,0.8598500000000001
-2.9498291015625,0.8599000000000001
-2.977294921875,0.8599500000000001
-2.8240966796875,0.8600000000000001
-3.16070556640625,0.8600500000000001
-2.9852294921875,0.8601000000000001
-3.045654296875,0.8601500000000001
-2.75421142578125,0.8602000000000001
-2.9388427734375,0.8602500000000001
-2.877197265625,0.8603000000000001
-3.021240234375,0.8603500000000001
-2.85247802734375,0.8604
-2.9779052734375,0.86045
-2.84454345703125,0.8605
-2.92877197265625,0.86055
-2.99102783203125,0.8606000000000001
-2.85369873046875,0.8606500000000001
-2.89825439453125,0.8607000000000001
-3.009033203125,0.8607500000000001
-2.67242431640625,0.8608000000000001
-2.75360107421875,0.8608500000000001
-3.1219482421875,0.8609000000000001
-2.79022216796875,0.8609500000000001
-3.0029296875,0.8610000000000001
-2.8271484375,0.8610500000000001
-2.81707763671875,0.8611000000000001
-3.0517578125,0.8611500000000001
-2.86712646484375,0.8612000000000001
-3.1097412109375,0.8612500000000001
-3.18939208984375,0.8613000000000001
-2.9656982421875,0.8613500000000001
-3.16375732421875,0.8614
-2.96539306640625,0.86145
-3.09478759765625,0.8615
-3.13995361328125,0.86155
-3.22601318359375,0.8616000000000001
-3.09478759765625,0.8616500000000001
-2.75604248046875,0.8617000000000001
-2.906494140625,0.8617500000000001
-3.087158203125,0.8618000000000001
-2.802734375,0.8618500000000001
-3.0133056640625,0.8619000000000001
-2.9132080078125,0.8619500000000001
-2.9608154296875,0.8620000000000001
-3.14422607421875,0.8620500000000001
-3.06976318359375,0.8621000000000001
-3.15521240234375,0.8621500000000001
-2.73162841796875,0.8622000000000001
-3.3251953125,0.8622500000000001
-2.82806396484375,0.8623000000000001
-2.70263671875,0.8623500000000001
-2.97210693359375,0.8624
-3.011474609375,0.86245
-2.6678466796875,0.8625
-2.919921875,0.86255
-2.78289794921875,0.8626
-3.05328369140625,0.8626500000000001
-2.89337158203125,0.8627000000000001
-2.68768310546875,0.8627500000000001
-2.945556640625,0.8628000000000001
-2.6531982421875,0.8628500000000001
-2.996826171875,0.8629000000000001
-3.0487060546875,0.8629500000000001
-3.23516845703125,0.8630000000000001
-2.91168212890625,0.8630500000000001
-2.833251953125,0.8631000000000001
-2.88818359375,0.8631500000000001
-3.20465087890625,0.8632000000000001
-3.24462890625,0.8632500000000001
-3.04931640625,0.8633000000000001
-2.88787841796875,0.8633500000000001
-3.25408935546875,0.8634000000000001
-3.12347412109375,0.86345
-3.0517578125,0.8635
-3.11187744140625,0.86355
-3.330078125,0.8636000000000001
-3.154296875,0.8636500000000001
-3.16253662109375,0.8637000000000001
-3.10211181640625,0.8637500000000001
-3.18328857421875,0.8638000000000001
-3.2177734375,0.8638500000000001
-3.46435546875,0.8639000000000001
-3.05816650390625,0.8639500000000001
-3.2684326171875,0.8640000000000001
-3.61175537109375,0.8640500000000001
-3.21807861328125,0.8641000000000001
-3.26934814453125,0.8641500000000001
-3.18084716796875,0.8642000000000001
-3.13262939453125,0.8642500000000001
-3.2171630859375,0.8643000000000001
-3.30596923828125,0.8643500000000001
-3.06060791015625,0.8644000000000001
-3.35693359375,0.86445
-3.23211669921875,0.8645
-3.338623046875,0.86455
-3.2177734375,0.8646
-3.27667236328125,0.8646500000000001
-3.297119140625,0.8647000000000001
-3.4124755859375,0.8647500000000001
-3.0780029296875,0.8648000000000001
-3.2476806640625,0.8648500000000001
-3.26507568359375,0.8649000000000001
-3.39599609375,0.8649500000000001
-3.14117431640625,0.8650000000000001
-3.42254638671875,0.8650500000000001
-3.0450439453125,0.8651000000000001
-2.998046875,0.8651500000000001
-3.27362060546875,0.8652000000000001
-3.40179443359375,0.8652500000000001
-3.2745361328125,0.8653000000000001
-3.1640625,0.8653500000000001
-3.4454345703125,0.8654000000000001
-3.118896484375,0.86545
-3.36578369140625,0.8655
-3.37860107421875,0.86555
-3.28704833984375,0.8656
-2.99468994140625,0.8656500000000001
-3.34075927734375,0.8657000000000001
-3.12408447265625,0.8657500000000001
-3.218994140625,0.8658000000000001
-3.1805419921875,0.8658500000000001
-2.9547119140625,0.8659000000000001
-3.135986328125,0.8659500000000001
-3.1500244140625,0.8660000000000001
-3.22113037109375,0.8660500000000001
-3.4075927734375,0.8661000000000001
-3.31207275390625,0.8661500000000001
-3.15216064453125,0.8662000000000001
-3.0108642578125,0.8662500000000001
-3.167724609375,0.8663000000000001
-3.1182861328125,0.8663500000000001
-3.32977294921875,0.8664000000000001
-3.251953125,0.86645
-3.055419921875,0.8665
-3.2293701171875,0.86655
-3.204345703125,0.8666
-3.1640625,0.8666500000000001
-3.1689453125,0.8667000000000001
-3.197021484375,0.8667500000000001
-2.93212890625,0.8668000000000001
-2.9150390625,0.8668500000000001
-3.13690185546875,0.8669000000000001
-3.1884765625,0.8669500000000001
-3.1243896484375,0.8670000000000001
-3.07708740234375,0.8670500000000001
-3.033447265625,0.8671000000000001
-2.9779052734375,0.8671500000000001
-3.20709228515625,0.8672000000000001
-3.20343017578125,0.8672500000000001
-3.00018310546875,0.8673000000000001
-3.0450439453125,0.8673500000000001
-3.0474853515625,0.8674000000000001
-3.16009521484375,0.86745
-3.4521484375,0.8675
-3.0682373046875,0.86755
-3.06304931640625,0.8676
-3.104248046875,0.8676500000000001
-3.11248779296875,0.8677000000000001
-3.0902099609375,0.8677500000000001
-3.255615234375,0.8678000000000001
-3.04229736328125,0.8678500000000001
-3.14697265625,0.8679000000000001
-3.24981689453125,0.8679500000000001
-3.05816650390625,0.8680000000000001
-3.0548095703125,0.8680500000000001
-3.25958251953125,0.8681000000000001
-2.95196533203125,0.8681500000000001
-3.17230224609375,0.8682000000000001
-2.62542724609375,0.8682500000000001
-2.89794921875,0.8683000000000001
-3.2806396484375,0.8683500000000001
-3.26934814453125,0.8684000000000001
-2.90740966796875,0.86845
-2.96844482421875,0.8685
-3.310546875,0.86855
-3.12774658203125,0.8686
-3.10546875,0.8686500000000001
-2.92236328125,0.8687000000000001
-3.11126708984375,0.8687500000000001
-2.8363037109375,0.8688000000000001
-2.92816162109375,0.8688500000000001
-2.80242919921875,0.8689000000000001
-3.22235107421875,0.8689500000000001
-2.8643798828125,0.8690000000000001
-3.135986328125,0.8690500000000001
-2.9315185546875,0.8691000000000001
-3.20465087890625,0.8691500000000001
-3.2342529296875,0.8692000000000001
-3.30291748046875,0.8692500000000001
-3.23150634765625,0.8693000000000001
-3.28033447265625,0.8693500000000001
-3.0224609375,0.8694000000000001
-3.1549072265625,0.8694500000000001
-3.02276611328125,0.8695
-3.2733154296875,0.86955
-3.12286376953125,0.8696
-2.635498046875,0.86965
-2.96234130859375,0.8697000000000001
-2.82928466796875,0.8697500000000001
-3.03131103515625,0.8698000000000001
-2.89154052734375,0.8698500000000001
-2.96112060546875,0.8699000000000001
-2.72125244140625,0.8699500000000001
-3.048095703125,0.8700000000000001
-3.177490234375,0.8700500000000001
-3.10302734375,0.8701000000000001
-2.75299072265625,0.8701500000000001
-3.15032958984375,0.8702000000000001
-2.9339599609375,0.8702500000000001
-2.95074462890625,0.8703000000000001
-3.12530517578125,0.8703500000000001
-2.75848388671875,0.8704000000000001
-2.79022216796875,0.8704500000000001
-2.6531982421875,0.8705
-2.83721923828125,0.87055
-3.11798095703125,0.8706
-3.09600830078125,0.8706500000000001
-3.02337646484375,0.8707000000000001
-2.76336669921875,0.8707500000000001
-2.86590576171875,0.8708000000000001
-3.001708984375,0.8708500000000001
-3.07952880859375,0.8709000000000001
-3.172607421875,0.8709500000000001
-2.97515869140625,0.8710000000000001
-3.06243896484375,0.8710500000000001
-3.15460205078125,0.8711000000000001
-3.16253662109375,0.8711500000000001
-3.27362060546875,0.8712000000000001
-3.26019287109375,0.8712500000000001
-2.6971435546875,0.8713000000000001
-3.20556640625,0.8713500000000001
-2.88543701171875,0.8714000000000001
-3.1488037109375,0.8714500000000001
-3.14697265625,0.8715
-3.20648193359375,0.87155
-2.95074462890625,0.8716
-3.22479248046875,0.87165
-3.17779541015625,0.8717000000000001
-3.1451416015625,0.8717500000000001
-2.98919677734375,0.8718000000000001
-3.212890625,0.8718500000000001
-3.26812744140625,0.8719000000000001
-3.00537109375,0.8719500000000001
-3.33892822265625,0.8720000000000001
-3.0352783203125,0.8720500000000001
-3.33526611328125,0.8721000000000001
-2.939453125,0.8721500000000001
-3.14361572265625,0.8722000000000001
-2.919921875,0.8722500000000001
-2.88665771484375,0.8723000000000001
-3.0804443359375,0.8723500000000001
-3.074951171875,0.8724000000000001
-3.1072998046875,0.8724500000000001
-3.01544189453125,0.8725
-2.8411865234375,0.87255
-3.26324462890625,0.8726
-3.115234375,0.87265
-3.25347900390625,0.8727000000000001
-3.101806640625,0.8727500000000001
-2.90008544921875,0.8728000000000001
-3.209228515625,0.8728500000000001
-3.0517578125,0.8729000000000001
-2.7313232421875,0.8729500000000001
-3.03985595703125,0.8730000000000001
-3.265380859375,0.8730500000000001
-2.72918701171875,0.8731000000000001
-3.14361572265625,0.8731500000000001
-3.01025390625,0.8732000000000001
-2.93212890625,0.8732500000000001
-2.79510498046875,0.8733000000000001
-2.958984375,0.8733500000000001
-2.85003662109375,0.8734000000000001
-2.94342041015625,0.8734500000000001
-2.982177734375,0.8735
-2.76458740234375,0.87355
-2.72369384765625,0.8736
-2.77801513671875,0.87365
-3.01971435546875,0.8737000000000001
-3.2763671875,0.8737500000000001
-3.02276611328125,0.8738000000000001
-3.387451171875,0.8738500000000001
-2.938232421875,0.8739000000000001
-3.24676513671875,0.8739500000000001
-3.258056640625,0.8740000000000001
-3.10760498046875,0.8740500000000001
-3.16741943359375,0.8741000000000001
-2.93975830078125,0.8741500000000001
-3.08746337890625,0.8742000000000001
-3.19122314453125,0.8742500000000001
-3.2183837890625,0.8743000000000001
-3.19793701171875,0.8743500000000001
-3.3062744140625,0.8744000000000001
-3.23699951171875,0.8744500000000001
-3.4759521484375,0.8745
-3.52447509765625,0.87455
-3.4912109375,0.8746
-3.26446533203125,0.87465
-3.568115234375,0.8747
-3.08258056640625,0.8747500000000001
-3.480224609375,0.8748000000000001
-3.31329345703125,0.8748500000000001
-3.3038330078125,0.8749000000000001
-3.18817138671875,0.8749500000000001
-3.1982421875,0.8750000000000001
-2.94281005859375,0.8750500000000001
-3.09295654296875,0.8751000000000001
-3.1707763671875,0.8751500000000001
-3.09844970703125,0.8752000000000001
-3.4100341796875,0.8752500000000001
-3.01910400390625,0.8753000000000002
-3.2647705078125,0.8753500000000002
-3.15673828125,0.8754000000000002
-3.13995361328125,0.8754500000000002
-3.3026123046875,0.8755000000000002
-3.38623046875,0.8755500000000002
-3.15765380859375,0.8756000000000002
-3.2781982421875,0.8756500000000002
-3.31634521484375,0.8757000000000001
-3.5345458984375,0.8757500000000001
-3.050537109375,0.8758000000000001
-3.34716796875,0.8758500000000001
-2.9815673828125,0.8759000000000001
-3.13751220703125,0.8759500000000001
-3.2940673828125,0.8760000000000001
-3.04656982421875,0.8760500000000001
-3.1695556640625,0.8761000000000001
-3.11553955078125,0.8761500000000001
-3.3099365234375,0.8762000000000001
-2.9144287109375,0.8762500000000001
-3.0120849609375,0.8763000000000002
-3.2574462890625,0.8763500000000002
-3.16314697265625,0.8764000000000002
-2.769775390625,0.8764500000000002
-3.3184814453125,0.8765000000000002
-2.8521728515625,0.8765500000000002
-3.03558349609375,0.8766000000000002
-2.98828125,0.8766500000000002
-2.84393310546875,0.8767000000000001
-3.01422119140625,0.8767500000000001
-2.7545166015625,0.8768000000000001
-2.98919677734375,0.8768500000000001
-3.18267822265625,0.8769000000000001
-3.21258544921875,0.8769500000000001
-3.0401611328125,0.8770000000000001
-2.7606201171875,0.8770500000000001
-3.0279541015625,0.8771000000000001
-3.23394775390625,0.8771500000000001
-3.294677734375,0.8772000000000001
-3.07159423828125,0.8772500000000001
-2.88421630859375,0.8773000000000002
-3.1024169921875,0.8773500000000002
-3.08197021484375,0.8774000000000002
-2.982177734375,0.8774500000000002
-3.0108642578125,0.8775000000000002
-3.14361572265625,0.8775500000000002
-2.96722412109375,0.8776000000000002
-3.26080322265625,0.8776500000000002
-3.011474609375,0.8777000000000001
-3.22296142578125,0.8777500000000001
-3.07952880859375,0.8778000000000001
-3.13018798828125,0.8778500000000001
-2.9205322265625,0.8779000000000001
-2.8448486328125,0.8779500000000001
-3.1103515625,0.8780000000000001
-3.1951904296875,0.8780500000000001
-2.97149658203125,0.8781000000000001
-3.25714111328125,0.8781500000000001
-2.99407958984375,0.8782000000000001
-3.27667236328125,0.8782500000000001
-3.585205078125,0.8783000000000001
-3.4271240234375,0.8783500000000002
-3.67401123046875,0.8784000000000002
-3.43231201171875,0.8784500000000002
-3.7115478515625,0.8785000000000002
-3.51165771484375,0.8785500000000002
-3.851318359375,0.8786000000000002
-3.72161865234375,0.8786500000000002
-3.67034912109375,0.8787000000000001
-3.49609375,0.8787500000000001
-3.76220703125,0.8788000000000001
-3.66790771484375,0.8788500000000001
-3.7908935546875,0.8789000000000001
-3.5430908203125,0.8789500000000001
-3.8720703125,0.8790000000000001
-3.5205078125,0.8790500000000001
-3.6962890625,0.8791000000000001
-3.865966796875,0.8791500000000001
-3.890380859375,0.8792000000000001
-3.62762451171875,0.8792500000000001
-3.6151123046875,0.8793000000000002
-3.560791015625,0.8793500000000002
-3.2952880859375,0.8794000000000002
-3.33709716796875,0.8794500000000002
-3.187255859375,0.8795000000000002
-3.09356689453125,0.8795500000000002
-2.80975341796875,0.8796000000000002
-2.93792724609375,0.8796500000000002
-2.7301025390625,0.8797000000000001
-2.90679931640625,0.8797500000000001
-2.76336669921875,0.8798000000000001
-2.57568359375,0.8798500000000001
-2.69195556640625,0.8799000000000001
-2.66204833984375,0.8799500000000001
-2.72125244140625,0.8800000000000001
-2.89154052734375,0.8800500000000001
-2.75238037109375,0.8801000000000001
-2.525634765625,0.8801500000000001
-2.52410888671875,0.8802000000000001
-2.61199951171875,0.8802500000000001
-2.53662109375,0.8803000000000001
-2.6654052734375,0.8803500000000002
-2.6300048828125,0.8804000000000002
-2.31231689453125,0.8804500000000002
-2.772216796875,0.8805000000000002
-2.64678955078125,0.8805500000000002
-2.8253173828125,0.8806000000000002
-2.73406982421875,0.8806500000000002
-3.10516357421875,0.8807000000000001
-2.918701171875,0.8807500000000001
-3.0877685546875,0.8808000000000001
-3.24066162109375,0.8808500000000001
-3.37982177734375,0.8809000000000001
-3.187255859375,0.8809500000000001
-3.13507080078125,0.8810000000000001
-3.258056640625,0.8810500000000001
-2.982177734375,0.8811000000000001
-3.187255859375,0.8811500000000001
-3.19061279296875,0.8812000000000001
-2.8131103515625,0.8812500000000001
-2.896728515625,0.8813000000000002
-2.9840087890625,0.8813500000000002
-2.91107177734375,0.8814000000000002
-3.34869384765625,0.8814500000000002
-3.01788330078125,0.8815000000000002
-2.8643798828125,0.8815500000000002
-2.97637939453125,0.8816000000000002
-3.16925048828125,0.8816500000000002
-3.34564208984375,0.8817000000000002
-3.38714599609375,0.8817500000000001
-3.0084228515625,0.8818000000000001
-3.27545166015625,0.8818500000000001
-2.97576904296875,0.8819000000000001
-2.8643798828125,0.8819500000000001
-2.91656494140625,0.8820000000000001
-2.718505859375,0.8820500000000001
-2.62298583984375,0.8821000000000001
-2.9296875,0.8821500000000001
-2.6043701171875,0.8822000000000001
-2.60528564453125,0.8822500000000001
-3.001708984375,0.8823000000000001
-3.01544189453125,0.8823500000000002
-2.879638671875,0.8824000000000002
-2.7825927734375,0.8824500000000002
-3.09234619140625,0.8825000000000002
-3.24188232421875,0.8825500000000002
-3.40057373046875,0.8826000000000002
-2.92999267578125,0.8826500000000002
-3.38897705078125,0.8827000000000002
-2.9522705078125,0.8827500000000001
-3.2666015625,0.8828000000000001
-3.48876953125,0.8828500000000001
-3.4210205078125,0.8829000000000001
-3.22723388671875,0.8829500000000001
-3.39080810546875,0.8830000000000001
-3.03192138671875,0.8830500000000001
-3.2525634765625,0.8831000000000001
-3.2586669921875,0.8831500000000001
-3.32550048828125,0.8832000000000001
-3.2098388671875,0.8832500000000001
-2.9595947265625,0.8833000000000001
-3.079833984375,0.8833500000000002
-3.18023681640625,0.8834000000000002
-2.92938232421875,0.8834500000000002
-3.21685791015625,0.8835000000000002
-3.3624267578125,0.8835500000000002
-3.01055908203125,0.8836000000000002
-3.20220947265625,0.8836500000000002
-3.2232666015625,0.8837000000000002
-3.10638427734375,0.8837500000000001
-3.2244873046875,0.8838000000000001
-3.3770751953125,0.8838500000000001
-3.05023193359375,0.8839000000000001
-3.23455810546875,0.8839500000000001
-3.42254638671875,0.8840000000000001
-3.36090087890625,0.8840500000000001
-3.0615234375,0.8841000000000001
-2.98126220703125,0.8841500000000001
-3.5107421875,0.8842000000000001
-3.33831787109375,0.8842500000000001
-3.30047607421875,0.8843000000000001
-3.233642578125,0.8843500000000002
-3.1256103515625,0.8844000000000002
-3.035888671875,0.8844500000000002
-3.5614013671875,0.8845000000000002
-3.38958740234375,0.8845500000000002
-3.3740234375,0.8846000000000002
-3.3685302734375,0.8846500000000002
-3.01483154296875,0.8847000000000002
-3.2159423828125,0.8847500000000001
-3.13873291015625,0.8848000000000001
-3.27239990234375,0.8848500000000001
-3.31146240234375,0.8849000000000001
-3.1719970703125,0.8849500000000001
-3.19183349609375,0.8850000000000001
-3.3258056640625,0.8850500000000001
-3.2281494140625,0.8851000000000001
-3.519287109375,0.8851500000000001
-3.565673828125,0.8852000000000001
-3.30963134765625,0.8852500000000001
-3.311767578125,0.8853000000000001
-3.39935302734375,0.8853500000000002
-3.4039306640625,0.8854000000000002
-3.4600830078125,0.8854500000000002
-3.27362060546875,0.8855000000000002
-3.4375,0.8855500000000002
-3.37615966796875,0.8856000000000002
-3.35052490234375,0.8856500000000002
-3.34808349609375,0.8857000000000002
-3.23638916015625,0.8857500000000001
-2.82501220703125,0.8858000000000001
-3.15277099609375,0.8858500000000001
-2.94830322265625,0.8859000000000001
-3.18328857421875,0.8859500000000001
-3.2427978515625,0.8860000000000001
-3.22967529296875,0.8860500000000001
-2.90313720703125,0.8861000000000001
-3.47198486328125,0.8861500000000001
-3.2464599609375,0.8862000000000001
-3.4674072265625,0.8862500000000001
-3.3282470703125,0.8863000000000001
-3.5406494140625,0.8863500000000002
-3.49945068359375,0.8864000000000002
-3.321533203125,0.8864500000000002
-3.39080810546875,0.8865000000000002
-3.41583251953125,0.8865500000000002
-3.20770263671875,0.8866000000000002
-3.24981689453125,0.8866500000000002
-3.27056884765625,0.8867000000000002
-2.945556640625,0.8867500000000001
-3.1561279296875,0.8868000000000001
-3.280029296875,0.8868500000000001
-3.1024169921875,0.8869000000000001
-3.021240234375,0.8869500000000001
-3.406982421875,0.8870000000000001
-3.1561279296875,0.8870500000000001
-3.41766357421875,0.8871000000000001
-3.145751953125,0.8871500000000001
-3.134765625,0.8872000000000001
-2.80609130859375,0.8872500000000001
-2.85491943359375,0.8873000000000001
-3.11798095703125,0.8873500000000001
-3.08837890625,0.8874000000000002
-2.8875732421875,0.8874500000000002
-2.8265380859375,0.8875000000000002
-2.8680419921875,0.8875500000000002
-2.74444580078125,0.8876000000000002
-3.00537109375,0.8876500000000002
-3.271484375,0.8877000000000002
-2.869873046875,0.8877500000000002
-3.09326171875,0.8878000000000001
-3.12774658203125,0.8878500000000001
-3.26324462890625,0.8879000000000001
-2.919921875,0.8879500000000001
-3.236083984375,0.8880000000000001
-3.27301025390625,0.8880500000000001
-2.87506103515625,0.8881000000000001
-2.96478271484375,0.8881500000000001
-2.88055419921875,0.8882000000000001
-3.00933837890625,0.8882500000000001
-3.084716796875,0.8883000000000001
-2.91046142578125,0.8883500000000001
-2.8326416015625,0.8884000000000002
-2.7899169921875,0.8884500000000002
-3.1597900390625,0.8885000000000002
-3.08929443359375,0.8885500000000002
-2.777099609375,0.8886000000000002
-2.696533203125,0.8886500000000002
-3.211669921875,0.8887000000000002
-3.092041015625,0.8887500000000002
-3.1427001953125,0.8888000000000001
-3.00689697265625,0.8888500000000001
-3.05816650390625,0.8889000000000001
-2.86895751953125,0.8889500000000001
-3.00506591796875,0.8890000000000001
-3.1671142578125,0.8890500000000001
-3.1561279296875,0.8891000000000001
-2.965087890625,0.8891500000000001
-3.0230712890625,0.8892000000000001
-2.90283203125,0.8892500000000001
-3.0059814453125,0.8893000000000001
-2.9852294921875,0.8893500000000001
-3.1536865234375,0.8894000000000002
-2.91961669921875,0.8894500000000002
-3.1207275390625,0.8895000000000002
-3.18084716796875,0.8895500000000002
-3.14483642578125,0.8896000000000002
-3.4954833984375,0.8896500000000002
-3.35540771484375,0.8897000000000002
-3.05389404296875,0.8897500000000002
-3.1365966796875,0.8898000000000001
-3.11981201171875,0.8898500000000001
-3.13323974609375,0.8899000000000001
-3.30230712890625,0.8899500000000001
-2.96295166015625,0.8900000000000001
-3.4722900390625,0.8900500000000001
-3.20648193359375,0.8901000000000001
-3.3367919921875,0.8901500000000001
-3.2684326171875,0.8902000000000001
-3.3258056640625,0.8902500000000001
-3.2080078125,0.8903000000000001
-3.54461669921875,0.8903500000000001
-3.2232666015625,0.8904000000000002
-3.53240966796875,0.8904500000000002
-3.64471435546875,0.8905000000000002
-3.72711181640625,0.8905500000000002
-3.28338623046875,0.8906000000000002
-3.2647705078125,0.8906500000000002
-3.33770751953125,0.8907000000000002
-3.441162109375,0.8907500000000002
-3.2086181640625,0.8908000000000001
-3.4161376953125,0.8908500000000001
-3.6163330078125,0.8909000000000001
-3.20220947265625,0.8909500000000001
-3.41522216796875,0.8910000000000001
-3.47564697265625,0.8910500000000001
-3.4393310546875,0.8911000000000001
-3.3782958984375,0.8911500000000001
-3.58154296875,0.8912000000000001
-3.07281494140625,0.8912500000000001
-3.48419189453125,0.8913000000000001
-3.45550537109375,0.8913500000000001
-3.44696044921875,0.8914000000000002
-3.358154296875,0.8914500000000002
-3.31756591796875,0.8915000000000002
-3.4173583984375,0.8915500000000002
-3.33526611328125,0.8916000000000002
-3.15093994140625,0.8916500000000002
-3.1622314453125,0.8917000000000002
-3.0731201171875,0.8917500000000002
-2.8106689453125,0.8918000000000001
-3.35113525390625,0.8918500000000001
-3.0322265625,0.8919000000000001
-3.17352294921875,0.8919500000000001
-3.0999755859375,0.8920000000000001
-3.02825927734375,0.8920500000000001
-3.05328369140625,0.8921000000000001
-3.20709228515625,0.8921500000000001
-3.41400146484375,0.8922000000000001
-3.297119140625,0.8922500000000001
-2.93548583984375,0.8923000000000001
-3.3135986328125,0.8923500000000001
-3.15032958984375,0.8924000000000002
-3.0291748046875,0.8924500000000002
-3.23699951171875,0.8925000000000002
-3.39599609375,0.8925500000000002
-3.05023193359375,0.8926000000000002
-2.96417236328125,0.8926500000000002
-2.90557861328125,0.8927000000000002
-3.11370849609375,0.8927500000000002
-3.333740234375,0.8928000000000001
-3.104248046875,0.8928500000000001
-2.957763671875,0.8929000000000001
-3.07464599609375,0.8929500000000001
-3.34197998046875,0.8930000000000001
-3.37738037109375,0.8930500000000001
-3.4185791015625,0.8931000000000001
-2.75421142578125,0.8931500000000001
-3.20831298828125,0.8932000000000001
-3.02459716796875,0.8932500000000001
-3.184814453125,0.8933000000000001
-2.9779052734375,0.8933500000000001
-3.27392578125,0.8934000000000002
-3.13568115234375,0.8934500000000002
-3.20770263671875,0.8935000000000002
-3.00323486328125,0.8935500000000002
-3.03741455078125,0.8936000000000002
-3.31024169921875,0.8936500000000002
-3.21685791015625,0.8937000000000002
-3.30718994140625,0.8937500000000002
-3.194580078125,0.8938000000000001
-3.30352783203125,0.8938500000000001
-3.1756591796875,0.8939000000000001
-3.0157470703125,0.8939500000000001
-3.184814453125,0.8940000000000001
-3.2470703125,0.8940500000000001
-2.6922607421875,0.8941000000000001
-3.03680419921875,0.8941500000000001
-3.05816650390625,0.8942000000000001
-3.0096435546875,0.8942500000000001
-2.90283203125,0.8943000000000001
-3.0938720703125,0.8943500000000001
-2.75421142578125,0.8944000000000001
-3.04656982421875,0.8944500000000002
-3.02978515625,0.8945000000000002
-3.0364990234375,0.8945500000000002
-2.87139892578125,0.8946000000000002
-2.7349853515625,0.8946500000000002
-3.05755615234375,0.8947000000000002
-2.7740478515625,0.8947500000000002
-2.7337646484375,0.8948000000000002
-2.76885986328125,0.8948500000000001
-2.808837890625,0.8949000000000001
-2.6007080078125,0.8949500000000001
-3.040771484375,0.8950000000000001
-3.026123046875,0.8950500000000001
-2.87750244140625,0.8951000000000001
-2.7520751953125,0.8951500000000001
-2.61749267578125,0.8952000000000001
-2.82745361328125,0.8952500000000001
-2.69134521484375,0.8953000000000001
-2.9034423828125,0.8953500000000001
-2.9180908203125,0.8954000000000001
-2.71148681640625,0.8954500000000002
-2.78167724609375,0.8955000000000002
-2.847900390625,0.8955500000000002
-2.78839111328125,0.8956000000000002
-3.02215576171875,0.8956500000000002
-3.18084716796875,0.8957000000000002
-2.75848388671875,0.8957500000000002
-2.79144287109375,0.8958000000000002
-2.9461669921875,0.8958500000000001
-2.962646484375,0.8959000000000001
-2.9083251953125,0.8959500000000001
-2.802734375,0.8960000000000001
-2.91015625,0.8960500000000001
-2.838134765625,0.8961000000000001
-2.8057861328125,0.8961500000000001
-2.79205322265625,0.8962000000000001
-2.79510498046875,0.8962500000000001
-2.4993896484375,0.8963000000000001
-2.79571533203125,0.8963500000000001
-2.8875732421875,0.8964000000000001
-2.8790283203125,0.8964500000000002
-2.7587890625,0.8965000000000002
-3.08929443359375,0.8965500000000002
-2.7569580078125,0.8966000000000002
-2.9913330078125,0.8966500000000002
-2.91717529296875,0.8967000000000002
-2.9425048828125,0.8967500000000002
-2.85125732421875,0.8968000000000002
-2.99652099609375,0.8968500000000001
-3.19915771484375,0.8969000000000001
-2.74078369140625,0.8969500000000001
-3.04534912109375,0.8970000000000001
-3.19305419921875,0.8970500000000001
-3.056640625,0.8971000000000001
-3.1634521484375,0.8971500000000001
-3.09112548828125,0.8972000000000001
-2.767333984375,0.8972500000000001
-3.19427490234375,0.8973000000000001
-3.31787109375,0.8973500000000001
-3.143310546875,0.8974000000000001
-2.978515625,0.8974500000000002
-3.44818115234375,0.8975000000000002
-3.2720947265625,0.8975500000000002
-3.2757568359375,0.8976000000000002
-3.0096435546875,0.8976500000000002
-3.0877685546875,0.8977000000000002
-3.0499267578125,0.8977500000000002
-3.02825927734375,0.8978000000000002
-3.13140869140625,0.8978500000000001
-3.24493408203125,0.8979000000000001
-3.15673828125,0.8979500000000001
-3.10638427734375,0.8980000000000001
-3.20709228515625,0.8980500000000001
-2.8521728515625,0.8981000000000001
-3.193359375,0.8981500000000001
-3.47625732421875,0.8982000000000001
-3.203125,0.8982500000000001
-3.14910888671875,0.8983000000000001
-3.2135009765625,0.8983500000000001
-3.221435546875,0.8984000000000001
-3.0523681640625,0.8984500000000002
-3.29193115234375,0.8985000000000002
-3.25225830078125,0.8985500000000002
-2.8973388671875,0.8986000000000002
-3.12225341796875,0.8986500000000002
-3.052978515625,0.8987000000000002
-3.197021484375,0.8987500000000002
-2.9229736328125,0.8988000000000002
-3.11431884765625,0.8988500000000001
-3.01483154296875,0.8989000000000001
-2.8656005859375,0.8989500000000001
-3.04931640625,0.8990000000000001
-3.22906494140625,0.8990500000000001
-2.7679443359375,0.8991000000000001
-2.79388427734375,0.8991500000000001
-2.9998779296875,0.8992000000000001
-2.706298828125,0.8992500000000001
-2.9632568359375,0.8993000000000001
-2.55401611328125,0.8993500000000001
-2.96875,0.8994000000000001
-2.86468505859375,0.8994500000000002
-2.78472900390625,0.8995000000000002
-3.18572998046875,0.8995500000000002
-3.1695556640625,0.8996000000000002
-2.8741455078125,0.8996500000000002
-3.1561279296875,0.8997000000000002
-2.8936767578125,0.8997500000000002
-3.01483154296875,0.8998000000000002
-3.2025146484375,0.8998500000000001
-3.2781982421875,0.8999000000000001
-2.913818359375,0.8999500000000001
-3.24249267578125,0.9
-3.4051513671875,0.90005
-3.21929931640625,0.9001
-3.55010986328125,0.90015
-3.34991455078125,0.9002
-3.31390380859375,0.90025
-3.2635498046875,0.9003
-3.3673095703125,0.90035
-3.4088134765625,0.9004
-3.63128662109375,0.90045
-3.3197021484375,0.9005
-3.55224609375,0.9005500000000001
-3.19488525390625,0.9006000000000001
-3.3770751953125,0.9006500000000001
-3.42529296875,0.9007000000000001
-3.35784912109375,0.90075
-3.26446533203125,0.9008
-3.599853515625,0.90085
-3.2391357421875,0.9009
-3.50830078125,0.90095
-3.487548828125,0.901
-3.709716796875,0.90105
-3.49700927734375,0.9011
-3.17413330078125,0.90115
-3.363037109375,0.9012
-3.29345703125,0.90125
-3.22601318359375,0.9013
-3.34747314453125,0.90135
-3.46527099609375,0.9014
-2.95196533203125,0.90145
-3.24951171875,0.9015
-3.35601806640625,0.9015500000000001
-3.11492919921875,0.9016000000000001
-3.116455078125,0.9016500000000001
-3.10699462890625,0.9017000000000001
-2.82562255859375,0.90175
-2.97454833984375,0.9018
-3.1536865234375,0.90185
-3.1317138671875,0.9019
-2.8472900390625,0.90195
-2.98797607421875,0.902
-3.20953369140625,0.90205
-2.91900634765625,0.9021
-2.91900634765625,0.90215
-3.02825927734375,0.9022
-3.02001953125,0.90225
-2.7227783203125,0.9023
-3.32550048828125,0.90235
-2.96722412109375,0.9024
-3.1146240234375,0.90245
-3.06640625,0.9025
-3.24310302734375,0.9025500000000001
-2.81494140625,0.9026000000000001
-2.919921875,0.9026500000000001
-3.30169677734375,0.9027000000000001
-3.32855224609375,0.90275
-2.87933349609375,0.9028
-2.891845703125,0.90285
-2.8936767578125,0.9029
-2.7227783203125,0.90295
-3.07403564453125,0.903
-3.03436279296875,0.90305
-2.82562255859375,0.9031
-2.90283203125,0.90315
-2.8729248046875,0.9032
-3.10638427734375,0.90325
-3.22265625,0.9033
-3.31787109375,0.90335
-3.48480224609375,0.9034
-3.3160400390625,0.90345
-3.69293212890625,0.9035
-4.01580810546875,0.9035500000000001
-3.73504638671875,0.9036000000000001
-3.553466796875,0.9036500000000001
-3.7939453125,0.9037000000000001
-3.43292236328125,0.90375
-3.6920166015625,0.9038
-3.5772705078125,0.90385
-3.45062255859375,0.9039
-3.40850830078125,0.90395
-3.53485107421875,0.904
-3.704833984375,0.90405
-3.726806640625,0.9041
-3.91448974609375,0.90415
-3.8934326171875,0.9042
-3.70086669921875,0.90425
-3.66302490234375,0.9043
-3.9202880859375,0.90435
-3.731689453125,0.9044
-3.61236572265625,0.90445
-3.60076904296875,0.9045
-3.7469482421875,0.9045500000000001
-3.14666748046875,0.9046000000000001
-3.6126708984375,0.9046500000000001
-3.49456787109375,0.9047000000000001
-3.297119140625,0.90475
-3.31451416015625,0.9048
-3.27362060546875,0.90485
-3.131103515625,0.9049
-3.291015625,0.90495
-3.173828125,0.905
-3.37860107421875,0.90505
-2.82196044921875,0.9051
-2.80426025390625,0.90515
-3.3087158203125,0.9052
-2.8570556640625,0.90525
-2.74658203125,0.9053
-2.86224365234375,0.90535
-2.66326904296875,0.9054
-2.80975341796875,0.90545
-2.95440673828125,0.9055
-2.93243408203125,0.9055500000000001
-2.98553466796875,0.9056000000000001
-3.07403564453125,0.9056500000000001
-3.14056396484375,0.9057000000000001
-2.85491943359375,0.90575
-3.06243896484375,0.9058
-3.502197265625,0.90585
-3.64959716796875,0.9059
-3.4130859375,0.90595
-3.1866455078125,0.906
-3.40423583984375,0.90605
-3.331298828125,0.9061
-3.5321044921875,0.90615
-3.72314453125,0.9062
-3.15460205078125,0.90625
-3.36761474609375,0.9063
-3.26416015625,0.90635
-3.1488037109375,0.9064
-3.25469970703125,0.90645
-3.15216064453125,0.9065
-3.2305908203125,0.90655
-3.08563232421875,0.9066000000000001
-2.901611328125,0.9066500000000001
-3.02734375,0.9067000000000001
-2.86590576171875,0.9067500000000001
-2.87384033203125,0.9068
-2.906494140625,0.90685
-2.60955810546875,0.9069
-2.747802734375,0.90695
-2.72186279296875,0.907
-2.822265625,0.90705
-2.38494873046875,0.9071
-2.6068115234375,0.90715
-2.71026611328125,0.9072
-2.94189453125,0.90725
-2.8497314453125,0.9073
-2.8717041015625,0.90735
-2.93060302734375,0.9074
-2.744140625,0.90745
-2.84515380859375,0.9075
-2.841796875,0.90755
-2.740478515625,0.9076000000000001
-2.6995849609375,0.9076500000000001
-2.7154541015625,0.9077000000000001
-2.30194091796875,0.9077500000000001
-2.66754150390625,0.9078
-2.7203369140625,0.90785
-2.48687744140625,0.9079
-2.52716064453125,0.90795
-2.7301025390625,0.908
-2.79754638671875,0.90805
-2.87200927734375,0.9081
-2.894287109375,0.90815
-3.10791015625,0.9082
-2.6947021484375,0.90825
-2.80426025390625,0.9083
-3.13446044921875,0.90835
-2.6983642578125,0.9084
-2.7484130859375,0.90845
-2.63763427734375,0.9085
-2.68035888671875,0.90855
-2.769775390625,0.9086000000000001
-2.86285400390625,0.9086500000000001
-2.9345703125,0.9087000000000001
-2.95684814453125,0.9087500000000001
-2.867431640625,0.9088
-2.88482666015625,0.90885
-3.01971435546875,0.9089
-3.0078125,0.90895
-3.2537841796875,0.909
-3.38714599609375,0.90905
-3.031005859375,0.9091
-2.92022705078125,0.90915
-3.25836181640625,0.9092
-2.94219970703125,0.90925
-3.0108642578125,0.9093
-3.046875,0.90935
-2.999267578125,0.9094
-2.9852294921875,0.90945
-2.97698974609375,0.9095
-3.050537109375,0.90955
-3.2049560546875,0.9096000000000001
-2.85400390625,0.9096500000000001
-3.1976318359375,0.9097000000000001
-3.01239013671875,0.9097500000000001
-2.938232421875,0.9098
-3.17108154296875,0.90985
-3.1939697265625,0.9099
-3.1134033203125,0.90995
-3.2623291015625,0.91
-3.22052001953125,0.91005
-3.2733154296875,0.9101
-3.1561279296875,0.91015
-3.546142578125,0.9102
-2.9058837890625,0.91025
-2.96051025390625,0.9103
-3.12957763671875,0.91035
-3.26416015625,0.9104
-3.153076171875,0.91045
-2.92724609375,0.9105
-3.02520751953125,0.91055
-3.033447265625,0.9106000000000001
-3.2061767578125,0.9106500000000001
-3.23394775390625,0.9107000000000001
-3.06427001953125,0.9107500000000001
-2.98736572265625,0.9108
-3.10791015625,0.91085
-2.95379638671875,0.9109
-3.02032470703125,0.91095
-3.1134033203125,0.911
-3.04046630859375,0.91105
-2.74749755859375,0.9111
-2.7825927734375,0.91115
-3.104248046875,0.9112
-2.91168212890625,0.91125
-2.9132080078125,0.9113
-3.033447265625,0.91135
-2.79296875,0.9114
-2.93853759765625,0.91145
-3.08837890625,0.9115
-3.01849365234375,0.91155
-3.11614990234375,0.9116000000000001
-2.6934814453125,0.9116500000000001
-3.23760986328125,0.9117000000000001
-2.9132080078125,0.9117500000000001
-2.872314453125,0.9118
-3.056640625,0.91185
-2.9864501953125,0.9119
-3.04351806640625,0.91195
-3.24066162109375,0.912
-3.1976318359375,0.91205
-3.2879638671875,0.9121
-3.40240478515625,0.91215
-3.4625244140625,0.9122
-3.15216064453125,0.91225
-3.19061279296875,0.9123
-3.29681396484375,0.91235
-3.06121826171875,0.9124
-3.0987548828125,0.91245
-3.05450439453125,0.9125
-3.253173828125,0.91255
-2.7960205078125,0.9126000000000001
-2.884521484375,0.9126500000000001
-3.20526123046875,0.9127000000000001
-3.09844970703125,0.9127500000000001
-2.70843505859375,0.9128000000000001
-3.33221435546875,0.91285
-2.8759765625,0.9129
-2.98248291015625,0.91295
-3.079833984375,0.913
-3.0902099609375,0.91305
-2.90130615234375,0.9131
-2.7374267578125,0.91315
-2.98614501953125,0.9132
-3.02032470703125,0.91325
-2.82562255859375,0.9133
-2.73590087890625,0.91335
-2.87139892578125,0.9134
-2.68280029296875,0.91345
-2.9254150390625,0.9135
-2.98187255859375,0.91355
-3.155517578125,0.9136
-2.97515869140625,0.9136500000000001
-3.14910888671875,0.9137000000000001
-3.0810546875,0.9137500000000001
-3.13385009765625,0.9138000000000001
-3.133544921875,0.91385
-3.27972412109375,0.9139
-3.0120849609375,0.91395
-2.95623779296875,0.914
-3.29376220703125,0.91405
-3.0792236328125,0.9141
-3.00933837890625,0.91415
-3.2843017578125,0.9142
-2.91229248046875,0.91425
-2.9241943359375,0.9143
-3.22509765625,0.91435
-3.23150634765625,0.9144
-3.2696533203125,0.91445
-3.2598876953125,0.9145
-2.904052734375,0.91455
-2.96783447265625,0.9146
-3.3740234375,0.9146500000000001
-3.6077880859375,0.9147000000000001
-3.05938720703125,0.9147500000000001
-2.88330078125,0.9148000000000001
-3.00994873046875,0.91485
-3.01239013671875,0.9149
-2.81707763671875,0.91495
-2.974853515625,0.915
-3.22967529296875,0.91505
-2.88543701171875,0.9151
-3.15399169921875,0.91515
-3.21563720703125,0.9152
-3.00384521484375,0.91525
-3.14422607421875,0.9153
-3.34075927734375,0.91535
-3.16650390625,0.9154
-3.09356689453125,0.91545
-3.1378173828125,0.9155
-3.26171875,0.91555
-3.3599853515625,0.9156
-2.94464111328125,0.9156500000000001
-3.3721923828125,0.9157000000000001
-2.77496337890625,0.9157500000000001
-3.24798583984375,0.9158000000000001
-2.99957275390625,0.91585
-3.17901611328125,0.9159
-2.90771484375,0.91595
-3.05755615234375,0.916
-3.12469482421875,0.91605
-3.1903076171875,0.9161
-3.04779052734375,0.91615
-3.2037353515625,0.9162
-2.84332275390625,0.91625
-2.79693603515625,0.9163
-3.1353759765625,0.91635
-3.13507080078125,0.9164
-2.938232421875,0.91645
-2.70965576171875,0.9165
-2.94708251953125,0.91655
-2.760009765625,0.9166
-2.90252685546875,0.9166500000000001
-3.204345703125,0.9167000000000001
-2.93853759765625,0.9167500000000001
-2.87261962890625,0.9168000000000001
-3.079833984375,0.91685
-2.8790283203125,0.9169
-2.86865234375,0.91695
-2.9058837890625,0.917
-2.87567138671875,0.91705
-2.8076171875,0.9171
-2.68829345703125,0.91715
-2.92755126953125,0.9172
-2.83477783203125,0.91725
-2.88421630859375,0.9173
-2.99713134765625,0.91735
-2.76336669921875,0.9174
-2.8729248046875,0.91745
-3.1817626953125,0.9175
-3.32244873046875,0.91755
-2.9266357421875,0.9176
-3.0621337890625,0.9176500000000001
-3.10150146484375,0.9177000000000001
-3.10455322265625,0.9177500000000001
-3.20648193359375,0.9178000000000001
-3.30169677734375,0.91785
-3.14056396484375,0.9179
-2.9412841796875,0.91795
-2.9296875,0.918
-2.9937744140625,0.91805
-2.78564453125,0.9181
-3.0615234375,0.91815
-3.1903076171875,0.9182
-2.9107666015625,0.91825
-2.93182373046875,0.9183
-3.2110595703125,0.91835
-2.994384765625,0.9184
-2.98004150390625,0.91845
-3.22296142578125,0.9185
-3.0938720703125,0.91855
-2.823486328125,0.9186
-3.114013671875,0.91865
-3.248291015625,0.9187000000000001
-3.155517578125,0.9187500000000001
-2.95166015625,0.9188000000000001
-3.10302734375,0.9188500000000001
-2.8729248046875,0.9189
-2.9815673828125,0.91895
-2.879638671875,0.919
-3.177490234375,0.91905
-2.79571533203125,0.9191
-2.803955078125,0.91915
-3.22601318359375,0.9192
-3.10821533203125,0.91925
-3.04840087890625,0.9193
-3.07220458984375,0.91935
-2.97332763671875,0.9194
-2.9803466796875,0.91945
-3.29437255859375,0.9195
-3.2037353515625,0.91955
-3.1072998046875,0.9196
-2.95196533203125,0.9196500000000001
-3.1243896484375,0.9197000000000001
-2.75726318359375,0.9197500000000001
-2.82257080078125,0.9198000000000001
-3.0792236328125,0.9198500000000001
-2.957763671875,0.9199
-2.69439697265625,0.91995
-2.738037109375,0.92
-2.9132080078125,0.92005
-2.97271728515625,0.9201
-2.90130615234375,0.92015
-2.94036865234375,0.9202
-2.7984619140625,0.92025
-2.89031982421875,0.9203
-2.99560546875,0.92035
-3.12713623046875,0.9204
-2.8070068359375,0.92045
-2.83477783203125,0.9205
-3.06640625,0.92055
-2.8973388671875,0.9206
-3.0621337890625,0.92065
-3.148193359375,0.9207000000000001
-2.8460693359375,0.9207500000000001
-2.633056640625,0.9208000000000001
-3.15277099609375,0.9208500000000001
-2.861328125,0.9209
-3.00262451171875,0.92095
-3.09967041015625,0.921
-3.19549560546875,0.92105
-2.89215087890625,0.9211
-2.92266845703125,0.92115
-3.167724609375,0.9212
-2.82379150390625,0.92125
-3.04901123046875,0.9213
-2.8509521484375,0.92135
-3.10302734375,0.9214
-2.8228759765625,0.92145
-3.19671630859375,0.9215
-3.08502197265625,0.92155
-2.83721923828125,0.9216
-2.87384033203125,0.9216500000000001
-3.07830810546875,0.9217000000000001
-2.68890380859375,0.9217500000000001
-3.089599609375,0.9218000000000001
-3.0389404296875,0.9218500000000001
-2.96966552734375,0.9219
-2.92388916015625,0.92195
-2.98187255859375,0.922
-3.21533203125,0.92205
-3.09600830078125,0.9221
-2.7960205078125,0.92215
-3.33984375,0.9222
-3.04718017578125,0.92225
-2.900390625,0.9223
-3.563232421875,0.92235
-3.11614990234375,0.9224
-3.0120849609375,0.92245
-3.05419921875,0.9225
-3.21441650390625,0.92255
-3.07830810546875,0.9226
-3.22113037109375,0.92265
-3.2366943359375,0.9227000000000001
-3.22265625,0.9227500000000001
-3.14422607421875,0.9228000000000001
-3.23760986328125,0.9228500000000001
-3.145751953125,0.9229
-3.39111328125,0.92295
-3.32275390625,0.923
-3.57330322265625,0.92305
-2.87689208984375,0.9231
-3.13812255859375,0.92315
-3.34564208984375,0.9232
-3.5076904296875,0.92325
-3.0230712890625,0.9233
-3.30413818359375,0.92335
-3.22265625,0.9234
-3.30718994140625,0.92345
-3.31787109375,0.9235
-3.32794189453125,0.92355
-3.096923828125,0.9236
-2.84759521484375,0.92365
-3.333740234375,0.9237000000000001
-3.25103759765625,0.9237500000000001
-3.02001953125,0.9238000000000001
-3.1231689453125,0.9238500000000001
-3.22479248046875,0.9239
-2.91595458984375,0.92395
-3.1365966796875,0.924
-3.0133056640625,0.92405
-3.06884765625,0.9241
-3.2415771484375,0.92415
-3.35357666015625,0.9242
-3.209228515625,0.92425
-3.280029296875,0.9243
-3.45733642578125,0.92435
-3.22601318359375,0.9244
-3.27850341796875,0.92445
-2.8759765625,0.9245
-3.157958984375,0.92455
-2.999267578125,0.9246
-3.214111328125,0.92465
-3.11553955078125,0.9247000000000001
-3.03497314453125,0.9247500000000001
-3.25775146484375,0.9248000000000001
-3.394775390625,0.9248500000000001
-3.2049560546875,0.9249
-3.30902099609375,0.92495
-3.2537841796875,0.925
-3.4356689453125,0.92505
-3.115234375,0.9251
-3.45062255859375,0.92515
-3.48388671875,0.9252
-3.341064453125,0.9252500000000001
-3.0010986328125,0.9253000000000001
-3.599853515625,0.9253500000000001
-3.3465576171875,0.9254000000000001
-3.02734375,0.9254500000000001
-3.54248046875,0.9255000000000001
-3.49334716796875,0.9255500000000001
-3.24066162109375,0.9256000000000001
-3.11431884765625,0.9256500000000001
-3.284912109375,0.9257000000000001
-2.91961669921875,0.9257500000000001
-3.304443359375,0.9258000000000001
-3.226318359375,0.9258500000000001
-3.25103759765625,0.9259000000000001
-3.15826416015625,0.92595
-2.92938232421875,0.926
-3.223876953125,0.92605
-3.40057373046875,0.9261
-3.056640625,0.92615
-3.428955078125,0.9262
-3.0499267578125,0.92625
-3.3233642578125,0.9263000000000001
-3.61114501953125,0.9263500000000001
-3.41339111328125,0.9264000000000001
-3.31634521484375,0.9264500000000001
-3.18359375,0.9265000000000001
-3.28826904296875,0.9265500000000001
-3.41033935546875,0.9266000000000001
-3.2830810546875,0.9266500000000001
-3.25714111328125,0.9267000000000001
-3.32794189453125,0.9267500000000001
-3.0645751953125,0.9268000000000001
-3.677978515625,0.9268500000000001
-3.37615966796875,0.9269000000000001
-3.39599609375,0.92695
-3.39385986328125,0.927
-3.65264892578125,0.92705
-3.13232421875,0.9271
-3.40057373046875,0.92715
-3.193359375,0.9272
-3.35693359375,0.92725
-3.460693359375,0.9273000000000001
-3.5162353515625,0.9273500000000001
-3.145751953125,0.9274000000000001
-3.380126953125,0.9274500000000001
-3.4881591796875,0.9275000000000001
-3.214111328125,0.9275500000000001
-3.297119140625,0.9276000000000001
-2.9656982421875,0.9276500000000001
-3.236083984375,0.9277000000000001
-3.10516357421875,0.9277500000000001
-3.0438232421875,0.9278000000000001
-3.0322265625,0.9278500000000001
-2.91717529296875,0.9279000000000001
-2.86590576171875,0.92795
-3.19061279296875,0.928
-3.0548095703125,0.92805
-3.128662109375,0.9281
-2.8955078125,0.92815
-3.2147216796875,0.9282
-3.013916015625,0.92825
-3.10272216796875,0.9283000000000001
-3.43231201171875,0.9283500000000001
-3.22418212890625,0.9284000000000001
-3.0364990234375,0.9284500000000001
-3.1195068359375,0.9285000000000001
-2.93731689453125,0.9285500000000001
-2.784423828125,0.9286000000000001
-3.23577880859375,0.9286500000000001
-3.428955078125,0.9287000000000001
-3.32061767578125,0.9287500000000001
-2.98553466796875,0.9288000000000001
-3.4759521484375,0.9288500000000001
-3.24737548828125,0.9289000000000001
-3.692626953125,0.92895
-3.5821533203125,0.929
-3.66607666015625,0.92905
-3.5516357421875,0.9291
-3.68011474609375,0.92915
-3.7890625,0.9292
-3.93157958984375,0.92925
-3.84521484375,0.9293
-3.78631591796875,0.9293500000000001
-3.96453857421875,0.9294000000000001
-3.73687744140625,0.9294500000000001
-4.03045654296875,0.9295000000000001
-3.8519287109375,0.9295500000000001
-3.88702392578125,0.9296000000000001
-3.63677978515625,0.9296500000000001
-3.8653564453125,0.9297000000000001
-3.72222900390625,0.9297500000000001
-3.5076904296875,0.9298000000000001
-3.6846923828125,0.9298500000000001
-3.79302978515625,0.9299000000000001
-3.3514404296875,0.92995
-3.81317138671875,0.93
-3.82568359375,0.93005
-3.66943359375,0.9301
-3.56842041015625,0.93015
-3.54217529296875,0.9302
-2.99346923828125,0.93025
-3.12408447265625,0.9303000000000001
-3.19671630859375,0.9303500000000001
-3.25439453125,0.9304000000000001
-3.10455322265625,0.9304500000000001
-2.880859375,0.9305000000000001
-2.71575927734375,0.9305500000000001
-2.7020263671875,0.9306000000000001
-2.784423828125,0.9306500000000001
-2.56744384765625,0.9307000000000001
-2.60040283203125,0.9307500000000001
-2.64739990234375,0.9308000000000001
-2.8106689453125,0.9308500000000001
-2.92724609375,0.9309000000000001
-2.9559326171875,0.93095
-2.62786865234375,0.931
-2.87200927734375,0.93105
-2.67547607421875,0.9311
-2.8363037109375,0.93115
-3.02276611328125,0.9312
-3.00048828125,0.93125
-2.65350341796875,0.9313
-3.23883056640625,0.9313500000000001
-3.1048583984375,0.9314000000000001
-2.93670654296875,0.9314500000000001
-3.4979248046875,0.9315000000000001
-3.50860595703125,0.9315500000000001
-3.22174072265625,0.9316000000000001
-3.096923828125,0.9316500000000001
-3.39202880859375,0.9317000000000001
-2.962646484375,0.9317500000000001
-3.37188720703125,0.9318000000000001
-3.15216064453125,0.9318500000000001
-3.04046630859375,0.9319000000000001
-2.7471923828125,0.9319500000000001
-3.1695556640625,0.932
-2.97637939453125,0.93205
-3.060302734375,0.9321
-2.82623291015625,0.93215
-2.94830322265625,0.9322
-2.6605224609375,0.93225
-2.76153564453125,0.9323
-2.92572021484375,0.9323500000000001
-2.9803466796875,0.9324000000000001
-2.9730224609375,0.9324500000000001
-2.73223876953125,0.9325000000000001
-3.12896728515625,0.9325500000000001
-2.76153564453125,0.9326000000000001
-3.03924560546875,0.9326500000000001
-3.00140380859375,0.9327000000000001
-2.9376220703125,0.9327500000000001
-2.822265625,0.9328000000000001
-3.1158447265625,0.9328500000000001
-3.06427001953125,0.9329000000000001
-2.87353515625,0.9329500000000001
-3.12652587890625,0.933
-2.9754638671875,0.93305
-2.50274658203125,0.9331
-2.8558349609375,0.93315
-3.232421875,0.9332
-3.128662109375,0.93325
-3.056640625,0.9333
-2.906494140625,0.9333500000000001
-3.11920166015625,0.9334000000000001
-3.12835693359375,0.9334500000000001
-3.14666748046875,0.9335000000000001
-3.14117431640625,0.9335500000000001
-3.0987548828125,0.9336000000000001
-2.79998779296875,0.9336500000000001
-3.3612060546875,0.9337000000000001
-3.1976318359375,0.9337500000000001
-3.0975341796875,0.9338000000000001
-3.2537841796875,0.9338500000000001
-3.0804443359375,0.9339000000000001
-3.035888671875,0.9339500000000001
-2.88360595703125,0.934
-2.9931640625,0.93405
-3.14239501953125,0.9341
-2.97760009765625,0.93415
-2.97271728515625,0.9342
-3.1683349609375,0.93425
-3.03558349609375,0.9343
-3.39324951171875,0.9343500000000001
-3.4063720703125,0.9344000000000001
-2.8790283203125,0.9344500000000001
-3.29803466796875,0.9345000000000001
-3.1842041015625,0.9345500000000001
-3.17108154296875,0.9346000000000001
-3.46771240234375,0.9346500000000001
-3.53485107421875,0.9347000000000001
-3.2293701171875,0.9347500000000001
-2.95867919921875,0.9348000000000001
-3.36883544921875,0.9348500000000001
-3.2562255859375,0.9349000000000001
-3.28369140625,0.9349500000000001
-3.07037353515625,0.935
-3.145751953125,0.93505
-3.0047607421875,0.9351
-3.03009033203125,0.93515
-3.0096435546875,0.9352
-2.97576904296875,0.93525
-3.00933837890625,0.9353
-3.24859619140625,0.9353500000000001
-3.22601318359375,0.9354000000000001
-3.20404052734375,0.9354500000000001
-3.3514404296875,0.9355000000000001
-3.27423095703125,0.9355500000000001
-3.20404052734375,0.9356000000000001
-3.02459716796875,0.9356500000000001
-3.21563720703125,0.9357000000000001
-3.1268310546875,0.9357500000000001
-3.08074951171875,0.9358000000000001
-3.18511962890625,0.9358500000000001
-3.30718994140625,0.9359000000000001
-2.95257568359375,0.9359500000000001
-3.3709716796875,0.936
-3.50067138671875,0.93605
-3.1414794921875,0.9361
-3.25103759765625,0.93615
-3.39874267578125,0.9362
-3.0438232421875,0.93625
-3.4991455078125,0.9363
-3.64837646484375,0.93635
-3.2965087890625,0.9364000000000001
-3.167724609375,0.9364500000000001
-3.23394775390625,0.9365000000000001
-3.47900390625,0.9365500000000001
-3.18023681640625,0.9366000000000001
-3.345947265625,0.9366500000000001
-3.277587890625,0.9367000000000001
-3.323974609375,0.9367500000000001
-3.10272216796875,0.9368000000000001
-3.3270263671875,0.9368500000000001
-3.4600830078125,0.9369000000000001
-3.5211181640625,0.9369500000000001
-3.4307861328125,0.937
-3.5693359375,0.93705
-3.1683349609375,0.9371
-3.27392578125,0.93715
-3.5089111328125,0.9372
-3.45733642578125,0.93725
-3.04290771484375,0.9373
-3.048095703125,0.9373500000000001
-3.1829833984375,0.9374000000000001
-2.97637939453125,0.9374500000000001
-3.2464599609375,0.9375000000000001
-3.1036376953125,0.9375500000000001
-2.5836181640625,0.9376000000000001
-2.7606201171875,0.9376500000000001
-3.13262939453125,0.9377000000000001
-2.9876708984375,0.9377500000000001
-3.00872802734375,0.9378000000000001
-2.99560546875,0.9378500000000001
-3.01605224609375,0.9379000000000001
-2.9901123046875,0.9379500000000001
-3.29345703125,0.9380000000000001
-3.0377197265625,0.93805
-3.31085205078125,0.9381
-2.8729248046875,0.93815
-3.15826416015625,0.9382
-2.98583984375,0.93825
-2.9046630859375,0.9383
-2.984619140625,0.93835
-2.93701171875,0.9384000000000001
-2.9815673828125,0.9384500000000001
-2.78778076171875,0.9385000000000001
-3.0621337890625,0.9385500000000001
-3.1494140625,0.9386000000000001
-3.01361083984375,0.9386500000000001
-2.89642333984375,0.9387000000000001
-3.1298828125,0.9387500000000001
-3.0389404296875,0.9388000000000001
-3.0718994140625,0.9388500000000001
-3.338623046875,0.9389000000000001
-2.95257568359375,0.9389500000000001
-2.6300048828125,0.9390000000000001
-2.87750244140625,0.93905
-2.880859375,0.9391
-2.95013427734375,0.93915
-2.862548828125,0.9392
-2.85003662109375,0.93925
-2.50396728515625,0.9393
-2.91900634765625,0.93935
-2.76763916015625,0.9394000000000001
-2.91412353515625,0.9394500000000001
-3.12042236328125,0.9395000000000001
-2.9278564453125,0.9395500000000001
-2.9107666015625,0.9396000000000001
-2.960205078125,0.9396500000000001
-3.0010986328125,0.9397000000000001
-3.052978515625,0.9397500000000001
-2.91290283203125,0.9398000000000001
-2.967529296875,0.9398500000000001
-3.15948486328125,0.9399000000000001
-2.89947509765625,0.9399500000000001
-3.0633544921875,0.9400000000000001
-3.209228515625,0.94005
-3.1439208984375,0.9401
-2.99652099609375,0.94015
-3.18450927734375,0.9402
-2.9779052734375,0.94025
-3.14910888671875,0.9403
-3.13018798828125,0.94035
-3.16253662109375,0.9404000000000001
-3.128662109375,0.9404500000000001
-3.0377197265625,0.9405000000000001
-3.40911865234375,0.9405500000000001
-3.01239013671875,0.9406000000000001
-3.17626953125,0.9406500000000001
-3.1243896484375,0.9407000000000001
-3.143310546875,0.9407500000000001
-2.8125,0.9408000000000001
-3.4088134765625,0.9408500000000001
-3.4271240234375,0.9409000000000001
-3.2470703125,0.9409500000000001
-3.30535888671875,0.9410000000000001
-3.42620849609375,0.94105
-3.21136474609375,0.9411
-3.42071533203125,0.94115
-3.25347900390625,0.9412
-3.44696044921875,0.94125
-3.30413818359375,0.9413
-3.1744384765625,0.94135
-3.349609375,0.9414000000000001
-3.61663818359375,0.9414500000000001
-3.270263671875,0.9415000000000001
-3.5443115234375,0.9415500000000001
-3.4783935546875,0.9416000000000001
-3.14605712890625,0.9416500000000001
-3.59527587890625,0.9417000000000001
-3.47564697265625,0.9417500000000001
-3.2659912109375,0.9418000000000001
-3.0877685546875,0.9418500000000001
-3.2305908203125,0.9419000000000001
-3.23211669921875,0.9419500000000001
-3.326416015625,0.9420000000000001
-3.2440185546875,0.94205
-3.17169189453125,0.9421
-2.845458984375,0.94215
-3.16009521484375,0.9422
-3.060302734375,0.94225
-3.131103515625,0.9423
-3.084716796875,0.94235
-3.3154296875,0.9424000000000001
-2.79144287109375,0.9424500000000001
-3.31512451171875,0.9425000000000001
-2.91839599609375,0.9425500000000001
-3.12957763671875,0.9426000000000001
-3.19061279296875,0.9426500000000001
-3.03253173828125,0.9427000000000001
-2.92205810546875,0.9427500000000001
-2.75970458984375,0.9428000000000001
-2.97821044921875,0.9428500000000001
-2.930908203125,0.9429000000000001
-3.1195068359375,0.9429500000000001
-2.66357421875,0.9430000000000001
-2.80975341796875,0.94305
-3.0230712890625,0.9431
-2.8857421875,0.94315
-2.9052734375,0.9432
-2.99896240234375,0.94325
-3.038330078125,0.9433
-3.238525390625,0.94335
-3.08380126953125,0.9434
-3.0914306640625,0.9434500000000001
-2.9766845703125,0.9435000000000001
-2.9046630859375,0.9435500000000001
-2.8936767578125,0.9436000000000001
-2.78656005859375,0.9436500000000001
-3.0743408203125,0.9437000000000001
-2.88970947265625,0.9437500000000001
-2.877197265625,0.9438000000000001
-2.84820556640625,0.9438500000000001
-2.9534912109375,0.9439000000000001
-2.75299072265625,0.9439500000000001
-3.04595947265625,0.9440000000000001
-3.08197021484375,0.9440500000000001
-3.02703857421875,0.9441
-2.987060546875,0.94415
-3.16802978515625,0.9442
-2.99285888671875,0.94425
-3.0792236328125,0.9443
-3.145751953125,0.94435
-3.0889892578125,0.9444
-2.86163330078125,0.9444500000000001
-2.72125244140625,0.9445000000000001
-3.02032470703125,0.9445500000000001
-3.121337890625,0.9446000000000001
-2.88543701171875,0.9446500000000001
-2.85369873046875,0.9447000000000001
-3.09967041015625,0.9447500000000001
-2.7972412109375,0.9448000000000001
-3.271484375,0.9448500000000001
-3.1610107421875,0.9449000000000001
-3.0963134765625,0.9449500000000001
-2.8240966796875,0.9450000000000001
-2.99224853515625,0.9450500000000001
-2.86285400390625,0.9451
-3.1597900390625,0.94515
-2.71514892578125,0.9452
-3.089599609375,0.94525
-2.6556396484375,0.9453
-2.94525146484375,0.94535
-3.00201416015625,0.9454
-2.73468017578125,0.9454500000000001
-3.0450439453125,0.9455000000000001
-3.03802490234375,0.9455500000000001
-2.62939453125,0.9456000000000001
-2.92572021484375,0.9456500000000001
-2.8192138671875,0.9457000000000001
-2.860107421875,0.9457500000000001
-3.082275390625,0.9458000000000001
-2.940673828125,0.9458500000000001
-2.69989013671875,0.9459000000000001
-2.80029296875,0.9459500000000001
-3.02886962890625,0.9460000000000001
-2.92388916015625,0.9460500000000001
-2.977294921875,0.9461
-2.76397705078125,0.94615
-3.134765625,0.9462
-3.134765625,0.94625
-2.90435791015625,0.9463
-2.816162109375,0.94635
-2.9583740234375,0.9464
-2.7459716796875,0.9464500000000001
-2.9205322265625,0.9465000000000001
-2.83843994140625,0.9465500000000001
-2.7978515625,0.9466000000000001
-2.828369140625,0.9466500000000001
-2.94647216796875,0.9467000000000001
-2.679443359375,0.9467500000000001
-2.862548828125,0.9468000000000001
-2.9913330078125,0.9468500000000001
-2.8985595703125,0.9469000000000001
-2.94342041015625,0.9469500000000001
-2.86224365234375,0.9470000000000001
-2.93304443359375,0.9470500000000001
-2.65411376953125,0.9471
-3.09661865234375,0.94715
-3.17535400390625,0.9472
-3.07647705078125,0.94725
-2.7520751953125,0.9473
-3.13751220703125,0.94735
-2.9473876953125,0.9474
-3.0474853515625,0.9474500000000001
-2.92236328125,0.9475000000000001
-3.0438232421875,0.9475500000000001
-3.1121826171875,0.9476000000000001
-2.9278564453125,0.9476500000000001
-3.1158447265625,0.9477000000000001
-3.10516357421875,0.9477500000000001
-3.22113037109375,0.9478000000000001
-3.15826416015625,0.9478500000000001
-3.2232666015625,0.9479000000000001
-2.77435302734375,0.9479500000000001
-3.2830810546875,0.9480000000000001
-3.463134765625,0.9480500000000001
-3.21502685546875,0.9481
-3.0364990234375,0.94815
-3.427734375,0.9482
-3.21746826171875,0.94825
-3.470458984375,0.9483
-3.30535888671875,0.94835
-3.10546875,0.9484
-2.9168701171875,0.9484500000000001
-3.3184814453125,0.9485000000000001
-3.09478759765625,0.9485500000000001
-3.1268310546875,0.9486000000000001
-3.4185791015625,0.9486500000000001
-3.20953369140625,0.9487000000000001
-2.7911376953125,0.9487500000000001
-3.17962646484375,0.9488000000000001
-3.21929931640625,0.9488500000000001
-3.26904296875,0.9489000000000001
-3.15826416015625,0.9489500000000001
-3.06732177734375,0.9490000000000001
-3.18695068359375,0.9490500000000001
-3.2366943359375,0.9491
-3.150634765625,0.94915
-2.96600341796875,0.9492
-3.28826904296875,0.94925
-3.0206298828125,0.9493
-3.05755615234375,0.94935
-3.22052001953125,0.9494
-3.1622314453125,0.9494500000000001
-3.05511474609375,0.9495000000000001
-3.046875,0.9495500000000001
-2.83111572265625,0.9496000000000001
-2.89825439453125,0.9496500000000001
-3.00384521484375,0.9497000000000001
-3.22113037109375,0.9497500000000001
-2.94525146484375,0.9498000000000001
-3.11065673828125,0.9498500000000001
-2.933349609375,0.9499000000000001
-3.1829833984375,0.9499500000000001
-3.44635009765625,0.9500000000000001
-3.30780029296875,0.9500500000000001
-2.88787841796875,0.9501000000000001
-3.29132080078125,0.95015
-3.13140869140625,0.9502
-2.8753662109375,0.95025
-3.41644287109375,0.9503
-3.20831298828125,0.95035
-3.0438232421875,0.9504
-2.724609375,0.95045
-3.24066162109375,0.9505
-3.02947998046875,0.9505500000000001
-3.08685302734375,0.9506000000000001
-3.19122314453125,0.9506500000000001
-3.3154296875,0.9507000000000001
-3.2794189453125,0.9507500000000001
-3.44482421875,0.9508000000000001
-3.3514404296875,0.9508500000000001
-3.5174560546875,0.9509000000000001
-3.409423828125,0.9509500000000001
-3.11798095703125,0.9510000000000001
-3.3636474609375,0.9510500000000001
-3.01055908203125,0.9511000000000001
-3.40362548828125,0.95115
-3.39019775390625,0.9512
-3.14117431640625,0.95125
-3.031005859375,0.9513
-3.08258056640625,0.95135
-3.24066162109375,0.9514
-3.2733154296875,0.95145
-3.1982421875,0.9515
-3.15399169921875,0.9515500000000001
-2.972412109375,0.9516000000000001
-3.3807373046875,0.9516500000000001
-3.39935302734375,0.9517000000000001
-3.3038330078125,0.9517500000000001
-3.35784912109375,0.9518000000000001
-3.06365966796875,0.9518500000000001
-3.13232421875,0.9519000000000001
-3.2525634765625,0.9519500000000001
-2.89886474609375,0.9520000000000001
-3.03192138671875,0.9520500000000001
-2.99163818359375,0.9521000000000001
-2.78961181640625,0.95215
-2.98583984375,0.9522
-2.872314453125,0.95225
-3.1768798828125,0.9523
-2.87841796875,0.95235
-2.972412109375,0.9524
-2.60894775390625,0.95245
-2.67425537109375,0.9525
-2.94464111328125,0.9525500000000001
-3.00689697265625,0.9526000000000001
-2.66326904296875,0.9526500000000001
-2.72674560546875,0.9527000000000001
-2.85980224609375,0.9527500000000001
-2.80303955078125,0.9528000000000001
-2.99896240234375,0.9528500000000001
-3.03985595703125,0.9529000000000001
-2.506103515625,0.9529500000000001
-2.5823974609375,0.9530000000000001
-2.6959228515625,0.9530500000000001
-2.4664306640625,0.9531000000000001
-2.8363037109375,0.95315
-2.7545166015625,0.9532
-2.3602294921875,0.95325
-2.7587890625,0.9533
-2.72186279296875,0.95335
-2.64404296875,0.9534
-3.01971435546875,0.95345
-2.95318603515625,0.9535
-3.06365966796875,0.9535500000000001
-2.911376953125,0.9536000000000001
-3.21380615234375,0.9536500000000001
-3.24798583984375,0.9537000000000001
-3.21685791015625,0.9537500000000001
-3.42987060546875,0.9538000000000001
-3.7255859375,0.9538500000000001
-3.54095458984375,0.9539000000000001
-3.568115234375,0.9539500000000001
-3.72894287109375,0.9540000000000001
-3.83270263671875,0.9540500000000001
-3.47320556640625,0.9541000000000001
-3.43475341796875,0.95415
-3.45001220703125,0.9542
-3.4686279296875,0.95425
-3.63525390625,0.9543
-3.472900390625,0.95435
-3.54888916015625,0.9544
-3.1072998046875,0.95445
-3.41217041015625,0.9545
-3.28399658203125,0.9545500000000001
-3.2696533203125,0.9546000000000001
-3.1146240234375,0.9546500000000001
-3.42254638671875,0.9547000000000001
-3.06121826171875,0.9547500000000001
-3.687744140625,0.9548000000000001
-3.61328125,0.9548500000000001
-3.5382080078125,0.9549000000000001
-3.50830078125,0.9549500000000001
-3.4844970703125,0.9550000000000001
-3.3642578125,0.9550500000000001
-3.3203125,0.9551000000000001
-3.16802978515625,0.95515
-3.32366943359375,0.9552
-3.44085693359375,0.95525
-3.02947998046875,0.9553
-2.99407958984375,0.95535
-3.0712890625,0.9554
-3.09814453125,0.95545
-2.9547119140625,0.9555
-2.9339599609375,0.9555500000000001
-2.42431640625,0.9556000000000001
-2.84393310546875,0.9556500000000001
-2.78656005859375,0.9557000000000001
-2.66021728515625,0.9557500000000001
-2.5201416015625,0.9558000000000001
-2.52197265625,0.9558500000000001
-2.67364501953125,0.9559000000000001
-2.698974609375,0.9559500000000001
-2.94525146484375,0.9560000000000001
-2.8131103515625,0.9560500000000001
-2.77679443359375,0.9561000000000001
-2.87506103515625,0.95615
-2.9962158203125,0.9562
-3.1695556640625,0.95625
-3.40087890625,0.9563
-3.46954345703125,0.95635
-3.05877685546875,0.9564
-3.458251953125,0.95645
-3.216552734375,0.9565
-3.16497802734375,0.95655
-3.55926513671875,0.9566000000000001
-3.426513671875,0.9566500000000001
-3.29010009765625,0.9567000000000001
-3.0108642578125,0.9567500000000001
-3.22021484375,0.9568000000000001
-3.2330322265625,0.9568500000000001
-3.2330322265625,0.9569000000000001
-2.82379150390625,0.9569500000000001
-2.99285888671875,0.9570000000000001
-2.9986572265625,0.9570500000000001
-2.791748046875,0.9571000000000001
-2.78076171875,0.9571500000000001
-2.99652099609375,0.9572
-2.8460693359375,0.95725
-2.97454833984375,0.9573
-2.908935546875,0.95735
-2.7484130859375,0.9574
-2.9583740234375,0.95745
-2.694091796875,0.9575
-2.75634765625,0.95755
-2.62359619140625,0.9576000000000001
-2.7947998046875,0.9576500000000001
-2.80548095703125,0.9577000000000001
-2.73773193359375,0.9577500000000001
-2.6812744140625,0.9578000000000001
-2.7569580078125,0.9578500000000001
-2.39593505859375,0.9579000000000001
-2.8228759765625,0.9579500000000001
-2.82257080078125,0.9580000000000001
-2.67669677734375,0.9580500000000001
-2.73193359375,0.9581000000000001
-2.774658203125,0.9581500000000001
-2.711181640625,0.9582
-2.92388916015625,0.95825
-2.7557373046875,0.9583
-2.9058837890625,0.95835
-2.81585693359375,0.9584
-2.6251220703125,0.95845
-2.8564453125,0.9585
-2.7740478515625,0.95855
-2.82501220703125,0.9586000000000001
-2.7435302734375,0.9586500000000001
-2.9180908203125,0.9587000000000001
-2.53692626953125,0.9587500000000001
-3.0078125,0.9588000000000001
-3.06915283203125,0.9588500000000001
-2.99102783203125,0.9589000000000001
-2.960205078125,0.9589500000000001
-2.9534912109375,0.9590000000000001
-2.84942626953125,0.9590500000000001
-3.050537109375,0.9591000000000001
-2.8143310546875,0.9591500000000001
-2.98370361328125,0.9592
-2.7081298828125,0.95925
-2.894287109375,0.9593
-3.0487060546875,0.95935
-2.7301025390625,0.9594
-3.14178466796875,0.95945
-3.19671630859375,0.9595
-2.7197265625,0.95955
-2.938232421875,0.9596000000000001
-3.23760986328125,0.9596500000000001
-3.035888671875,0.9597000000000001
-3.3087158203125,0.9597500000000001
-3.1201171875,0.9598000000000001
-3.072509765625,0.9598500000000001
-3.14361572265625,0.9599000000000001
-3.35296630859375,0.9599500000000001
-3.18634033203125,0.9600000000000001
-3.29803466796875,0.9600500000000001
-3.1103515625,0.9601000000000001
-3.27972412109375,0.9601500000000001
-3.3343505859375,0.9602
-3.016357421875,0.96025
-3.1597900390625,0.9603
-3.369140625,0.96035
-2.99591064453125,0.9604
-3.06884765625,0.96045
-3.34320068359375,0.9605
-3.18511962890625,0.96055
-3.184814453125,0.9606000000000001
-3.41217041015625,0.9606500000000001
-3.204345703125,0.9607000000000001
-3.33404541015625,0.9607500000000001
-3.4161376953125,0.9608000000000001
-3.50006103515625,0.9608500000000001
-3.27667236328125,0.9609000000000001
-3.23883056640625,0.9609500000000001
-3.33038330078125,0.9610000000000001
-2.8460693359375,0.9610500000000001
-3.36669921875,0.9611000000000001
-3.4344482421875,0.9611500000000001
-3.1658935546875,0.9612
-2.85003662109375,0.96125
-3.10272216796875,0.9613
-3.09539794921875,0.96135
-3.15765380859375,0.9614
-2.99835205078125,0.96145
-3.08746337890625,0.9615
-3.26171875,0.96155
-3.1219482421875,0.9616000000000001
-3.19000244140625,0.9616500000000001
-3.21685791015625,0.9617000000000001
-3.4246826171875,0.9617500000000001
-2.97943115234375,0.9618000000000001
-3.3148193359375,0.9618500000000001
-2.85369873046875,0.9619000000000001
-3.18572998046875,0.9619500000000001
-3.19427490234375,0.9620000000000001
-3.148193359375,0.9620500000000001
-2.886962890625,0.9621000000000001
-3.18817138671875,0.9621500000000001
-3.25592041015625,0.9622
-3.341064453125,0.96225
-3.39752197265625,0.9623
-3.1610107421875,0.96235
-2.9437255859375,0.9624
-3.18206787109375,0.96245
-3.20343017578125,0.9625
-3.2830810546875,0.96255
-3.65966796875,0.9626000000000001
-3.38623046875,0.9626500000000001
-3.267822265625,0.9627000000000001
-3.22235107421875,0.9627500000000001
-3.5552978515625,0.9628000000000001
-3.3477783203125,0.9628500000000001
-3.394775390625,0.9629000000000001
-3.211669921875,0.9629500000000001
-3.38409423828125,0.9630000000000001
-3.2489013671875,0.9630500000000001
-3.39019775390625,0.9631000000000001
-3.01605224609375,0.9631500000000001
-3.1976318359375,0.9632000000000001
-2.9962158203125,0.96325
-3.1463623046875,0.9633
-3.1231689453125,0.96335
-3.03863525390625,0.9634
-3.06121826171875,0.96345
-3.30474853515625,0.9635
-2.87750244140625,0.96355
-3.05999755859375,0.9636
-3.3074951171875,0.9636500000000001
-3.267822265625,0.9637000000000001
-2.93548583984375,0.9637500000000001
-3.27850341796875,0.9638000000000001
-3.17962646484375,0.9638500000000001
-2.9473876953125,0.9639000000000001
-3.21868896484375,0.9639500000000001
-3.42315673828125,0.9640000000000001
-3.08807373046875,0.9640500000000001
-3.14208984375,0.9641000000000001
-3.07281494140625,0.9641500000000001
-3.06549072265625,0.9642000000000001
-3.38104248046875,0.96425
-3.36761474609375,0.9643
-3.42193603515625,0.96435
-3.0523681640625,0.9644
-3.363037109375,0.96445
-3.39508056640625,0.9645
-3.23089599609375,0.96455
-3.067626953125,0.9646
-3.50189208984375,0.9646500000000001
-3.1494140625,0.9647000000000001
-3.03253173828125,0.9647500000000001
-3.232421875,0.9648000000000001
-3.316650390625,0.9648500000000001
-3.08929443359375,0.9649000000000001
-3.03985595703125,0.9649500000000001
-3.35174560546875,0.9650000000000001
-3.214111328125,0.9650500000000001
-3.3123779296875,0.9651000000000001
-3.29193115234375,0.9651500000000001
-3.36761474609375,0.9652000000000001
-2.962646484375,0.96525
-3.20220947265625,0.9653
-3.1195068359375,0.96535
-3.3880615234375,0.9654
-3.4869384765625,0.96545
-3.3001708984375,0.9655
-3.13323974609375,0.96555
-3.63739013671875,0.9656
-3.47869873046875,0.9656500000000001
-3.316650390625,0.9657000000000001
-3.28369140625,0.9657500000000001
-3.22418212890625,0.9658000000000001
-3.30535888671875,0.9658500000000001
-3.12042236328125,0.9659000000000001
-3.28521728515625,0.9659500000000001
-3.052978515625,0.9660000000000001
-3.38653564453125,0.9660500000000001
-3.01727294921875,0.9661000000000001
-3.28460693359375,0.9661500000000001
-3.1243896484375,0.9662000000000001
-3.25927734375,0.96625
-3.29376220703125,0.9663
-3.20648193359375,0.96635
-3.011474609375,0.9664
-3.0413818359375,0.96645
-3.08441162109375,0.9665
-3.2501220703125,0.96655
-3.12530517578125,0.9666
-2.9583740234375,0.9666500000000001
-3.11492919921875,0.9667000000000001
-3.045654296875,0.9667500000000001
-3.22265625,0.9668000000000001
-3.1317138671875,0.9668500000000001
-2.8985595703125,0.9669000000000001
-3.14971923828125,0.9669500000000001
-3.134765625,0.9670000000000001
-2.84912109375,0.9670500000000001
-3.38287353515625,0.9671000000000001
-3.17169189453125,0.9671500000000001
-2.96234130859375,0.9672000000000001
-2.82989501953125,0.96725
-3.05328369140625,0.9673
-2.96600341796875,0.96735
-3.02001953125,0.9674
-3.11187744140625,0.96745
-3.1884765625,0.9675
-2.8656005859375,0.96755
-3.04656982421875,0.9676
-2.82623291015625,0.9676500000000001
-3.045654296875,0.9677000000000001
-2.92144775390625,0.9677500000000001
-2.9742431640625,0.9678000000000001
-2.77862548828125,0.9678500000000001
-2.70721435546875,0.9679000000000001
-2.96295166015625,0.9679500000000001
-3.2122802734375,0.9680000000000001
-2.8240966796875,0.9680500000000001
-3.216552734375,0.9681000000000001
-3.18511962890625,0.9681500000000001
-3.182373046875,0.9682000000000001
-3.23974609375,0.96825
-3.10150146484375,0.9683
-3.023681640625,0.96835
-2.8515625,0.9684
-2.9986572265625,0.96845
-3.04412841796875,0.9685
-2.84149169921875,0.96855
-3.0511474609375,0.9686
-3.0267333984375,0.96865
-2.81341552734375,0.9687000000000001
-3.056640625,0.9687500000000001
-2.98797607421875,0.9688000000000001
-3.10089111328125,0.9688500000000001
-2.94769287109375,0.9689000000000001
-3.20526123046875,0.9689500000000001
-3.24554443359375,0.9690000000000001
-3.11737060546875,0.9690500000000001
-3.21319580078125,0.9691000000000001
-3.10760498046875,0.9691500000000001
-3.197021484375,0.9692000000000001
-2.73284912109375,0.9692500000000001
-2.78778076171875,0.9693
-2.9052734375,0.96935
-2.87994384765625,0.9694
-2.74169921875,0.96945
-2.89703369140625,0.9695
-2.60009765625,0.96955
-3.1451416015625,0.9696
-3.062744140625,0.9696500000000001
-2.92449951171875,0.9697000000000001
-2.96539306640625,0.9697500000000001
-2.8961181640625,0.9698000000000001
-2.830810546875,0.9698500000000001
-3.00689697265625,0.9699000000000001
-3.06121826171875,0.9699500000000001
-2.8564453125,0.9700000000000001
-2.576904296875,0.9700500000000001
-2.9962158203125,0.9701000000000001
-3.00384521484375,0.9701500000000001
-2.606201171875,0.9702000000000001
-2.80792236328125,0.9702500000000001
-2.8411865234375,0.9703
-2.7520751953125,0.97035
-2.63885498046875,0.9704
-2.9132080078125,0.97045
-2.63702392578125,0.9705
-2.9925537109375,0.97055
-3.06976318359375,0.9706
-2.94891357421875,0.97065
-2.70172119140625,0.9707000000000001
-2.7947998046875,0.9707500000000001
-2.93121337890625,0.9708000000000001
-3.07525634765625,0.9708500000000001
-2.6043701171875,0.9709000000000001
-2.70660400390625,0.9709500000000001
-2.55767822265625,0.9710000000000001
-2.662353515625,0.9710500000000001
-2.8839111328125,0.9711000000000001
-2.939453125,0.9711500000000001
-2.69775390625,0.9712000000000001
-2.79632568359375,0.9712500000000001
-3.01910400390625,0.9713
-2.7734375,0.97135
-2.81158447265625,0.9714
-2.89276123046875,0.97145
-2.7276611328125,0.9715
-2.81219482421875,0.97155
-3.20098876953125,0.9716
-3.016357421875,0.9716500000000001
-2.91290283203125,0.9717000000000001
-2.95806884765625,0.9717500000000001
-3.22906494140625,0.9718000000000001
-2.80517578125,0.9718500000000001
-2.69500732421875,0.9719000000000001
-3.1378173828125,0.9719500000000001
-3.04229736328125,0.9720000000000001
-3.0291748046875,0.9720500000000001
-3.18878173828125,0.9721000000000001
-3.1976318359375,0.9721500000000001
-3.41339111328125,0.9722000000000001
-3.4710693359375,0.9722500000000001
-3.27850341796875,0.9723
-3.3038330078125,0.97235
-3.03375244140625,0.9724
-3.4466552734375,0.97245
-3.4979248046875,0.9725
-3.20526123046875,0.97255
-3.23089599609375,0.9726
-3.1610107421875,0.97265
-3.11187744140625,0.9727000000000001
-3.411865234375,0.9727500000000001
-3.3575439453125,0.9728000000000001
-3.12469482421875,0.9728500000000001
-2.94586181640625,0.9729000000000001
-3.2061767578125,0.9729500000000001
-3.22235107421875,0.9730000000000001
-3.50616455078125,0.9730500000000001
-3.46527099609375,0.9731000000000001
-3.1817626953125,0.9731500000000001
-3.04473876953125,0.9732000000000001
-3.3026123046875,0.9732500000000001
-3.13629150390625,0.9733
-3.20556640625,0.97335
-3.14239501953125,0.9734
-3.1500244140625,0.97345
-3.04840087890625,0.9735
-3.01544189453125,0.97355
-3.30108642578125,0.9736
-3.060302734375,0.97365
-3.2061767578125,0.9737000000000001
-3.06427001953125,0.9737500000000001
-3.2061767578125,0.9738000000000001
-3.084716796875,0.9738500000000001
-3.17657470703125,0.9739000000000001
-3.1646728515625,0.9739500000000001
-3.20404052734375,0.9740000000000001
-2.94525146484375,0.9740500000000001
-3.2122802734375,0.9741000000000001
-3.3624267578125,0.9741500000000001
-3.228759765625,0.9742000000000001
-3.062744140625,0.9742500000000001
-3.11767578125,0.9743
-2.91259765625,0.97435
-2.89398193359375,0.9744
-3.216552734375,0.97445
-2.88055419921875,0.9745
-2.7166748046875,0.97455
-3.1024169921875,0.9746
-3.0230712890625,0.97465
-3.0999755859375,0.9747000000000001
-3.36578369140625,0.9747500000000001
-3.3990478515625,0.9748000000000001
-3.20953369140625,0.9748500000000001
-3.08349609375,0.9749000000000001
-3.140869140625,0.9749500000000001
-2.9571533203125,0.9750000000000001
-3.02764892578125,0.9750500000000001
-3.20465087890625,0.9751000000000001
-3.32733154296875,0.9751500000000001
-3.01666259765625,0.9752000000000001
-3.153076171875,0.9752500000000002
-3.140869140625,0.9753000000000002
-3.20068359375,0.9753500000000002
-3.27606201171875,0.9754000000000002
-3.22235107421875,0.9754500000000002
-3.0865478515625,0.9755000000000001
-3.25653076171875,0.9755500000000001
-3.477783203125,0.9756000000000001
-3.4979248046875,0.9756500000000001
-3.12469482421875,0.9757000000000001
-3.04901123046875,0.9757500000000001
-3.487548828125,0.9758000000000001
-3.1439208984375,0.9758500000000001
-3.20220947265625,0.9759000000000001
-3.1787109375,0.9759500000000001
-3.17901611328125,0.9760000000000001
-2.71484375,0.9760500000000001
-3.2025146484375,0.9761000000000001
-3.05999755859375,0.9761500000000001
-3.20465087890625,0.9762000000000001
-3.25927734375,0.9762500000000001
-3.1817626953125,0.9763000000000002
-2.92877197265625,0.9763500000000002
-3.09539794921875,0.9764000000000002
-3.1622314453125,0.9764500000000002
-3.24920654296875,0.9765000000000001
-3.14361572265625,0.9765500000000001
-3.02886962890625,0.9766000000000001
-3.16558837890625,0.9766500000000001
-3.3331298828125,0.9767000000000001
-3.47015380859375,0.9767500000000001
-3.2745361328125,0.9768000000000001
-3.04046630859375,0.9768500000000001
-3.08502197265625,0.9769000000000001
-3.47442626953125,0.9769500000000001
-3.08563232421875,0.9770000000000001
-3.1231689453125,0.9770500000000001
-3.14971923828125,0.9771000000000001
-3.20037841796875,0.9771500000000001
-3.10577392578125,0.9772000000000001
-3.170166015625,0.9772500000000001
-3.10028076171875,0.9773000000000002
-3.15521240234375,0.9773500000000002
-3.0303955078125,0.9774000000000002
-3.424072265625,0.9774500000000002
-3.0926513671875,0.9775000000000001
-3.17718505859375,0.9775500000000001
-3.28857421875,0.9776000000000001
-3.14666748046875,0.9776500000000001
-2.76885986328125,0.9777000000000001
-3.277587890625,0.9777500000000001
-2.7294921875,0.9778000000000001
-2.85247802734375,0.9778500000000001
-3.1884765625,0.9779000000000001
-3.13323974609375,0.9779500000000001
-3.00537109375,0.9780000000000001
-2.7777099609375,0.9780500000000001
-3.04595947265625,0.9781000000000001
-3.056640625,0.9781500000000001
-3.24676513671875,0.9782000000000001
-3.140869140625,0.9782500000000001
-3.33831787109375,0.9783000000000002
-2.92388916015625,0.9783500000000002
-3.1646728515625,0.9784000000000002
-3.1475830078125,0.9784500000000002
-3.165283203125,0.9785000000000001
-3.0670166015625,0.9785500000000001
-3.11614990234375,0.9786000000000001
-3.0291748046875,0.9786500000000001
-2.9986572265625,0.9787000000000001
-3.314208984375,0.9787500000000001
-3.1585693359375,0.9788000000000001
-3.099365234375,0.9788500000000001
-3.24249267578125,0.9789000000000001
-3.40484619140625,0.9789500000000001
-3.3123779296875,0.9790000000000001
-3.28094482421875,0.9790500000000001
-3.4539794921875,0.9791000000000001
-3.603515625,0.9791500000000001
-3.33770751953125,0.9792000000000001
-3.69293212890625,0.9792500000000001
-3.80340576171875,0.9793000000000001
-3.77716064453125,0.9793500000000002
-3.75640869140625,0.9794000000000002
-3.818359375,0.9794500000000002
-3.5601806640625,0.9795000000000001
-3.851318359375,0.9795500000000001
-3.86566162109375,0.9796000000000001
-3.89404296875,0.9796500000000001
-3.8555908203125,0.9797000000000001
-3.6181640625,0.9797500000000001
-3.54888916015625,0.9798000000000001
-3.780517578125,0.9798500000000001
-3.81195068359375,0.9799000000000001
-3.64715576171875,0.9799500000000001
-3.54949951171875,0.9800000000000001
-3.44818115234375,0.9800500000000001
-3.907470703125,0.9801000000000001
-3.57818603515625,0.9801500000000001
-3.2720947265625,0.9802000000000001
-3.475341796875,0.9802500000000001
-3.2891845703125,0.9803000000000002
-3.07830810546875,0.9803500000000002
-3.25714111328125,0.9804000000000002
-3.00506591796875,0.9804500000000002
-2.88482666015625,0.9805000000000001
-2.8094482421875,0.9805500000000001
-3.01055908203125,0.9806000000000001
-2.6580810546875,0.9806500000000001
-2.63031005859375,0.9807000000000001
-2.9864501953125,0.9807500000000001
-2.88055419921875,0.9808000000000001
-2.5537109375,0.9808500000000001
-2.58087158203125,0.9809000000000001
-2.69500732421875,0.9809500000000001
-2.696533203125,0.9810000000000001
-3.028564453125,0.9810500000000001
-2.9681396484375,0.9811000000000001
-2.8668212890625,0.9811500000000001
-3.08868408203125,0.9812000000000001
-3.218994140625,0.9812500000000001
-3.109130859375,0.9813000000000001
-3.116455078125,0.9813500000000002
-3.3111572265625,0.9814000000000002
-3.37890625,0.9814500000000002
-3.17108154296875,0.9815000000000002
-3.33587646484375,0.9815500000000001
-3.4869384765625,0.9816000000000001
-3.42315673828125,0.9816500000000001
-3.08319091796875,0.9817000000000001
-3.37921142578125,0.9817500000000001
-3.160400390625,0.9818000000000001
-3.22113037109375,0.9818500000000001
-3.07159423828125,0.9819000000000001
-3.36395263671875,0.9819500000000001
-2.87628173828125,0.9820000000000001
-3.26507568359375,0.9820500000000001
-3.34716796875,0.9821000000000001
-3.33648681640625,0.9821500000000001
-3.22113037109375,0.9822000000000001
-3.30535888671875,0.9822500000000001
-2.9644775390625,0.9823000000000001
-2.6788330078125,0.9823500000000002
-3.07159423828125,0.9824000000000002
-3.05450439453125,0.9824500000000002
-2.987060546875,0.9825000000000002
-2.8631591796875,0.9825500000000001
-2.92236328125,0.9826000000000001
-2.72735595703125,0.9826500000000001
-3.10546875,0.9827000000000001
-3.153076171875,0.9827500000000001
-2.95013427734375,0.9828000000000001
-2.99468994140625,0.9828500000000001
-2.99652099609375,0.9829000000000001
-3.04443359375,0.9829500000000001
-3.133544921875,0.9830000000000001
-3.16131591796875,0.9830500000000001
-3.10882568359375,0.9831000000000001
-2.98126220703125,0.9831500000000001
-2.8619384765625,0.9832000000000001
-3.24554443359375,0.9832500000000001
-2.89215087890625,0.9833000000000001
-3.1134033203125,0.9833500000000002
-2.93853759765625,0.9834000000000002
-3.0230712890625,0.9834500000000002
-3.0511474609375,0.9835000000000002
-3.387451171875,0.9835500000000001
-3.424072265625,0.9836000000000001
-3.24066162109375,0.9836500000000001
-3.29803466796875,0.9837000000000001
-3.57696533203125,0.9837500000000001
-3.231201171875,0.9838000000000001
-3.44085693359375,0.9838500000000001
-3.59954833984375,0.9839000000000001
-3.57086181640625,0.9839500000000001
-3.12744140625,0.9840000000000001
-3.26446533203125,0.9840500000000001
-3.17413330078125,0.9841000000000001
-3.094482421875,0.9841500000000001
-3.3233642578125,0.9842000000000001
-3.328857421875,0.9842500000000001
-2.98370361328125,0.9843000000000001
-3.10577392578125,0.9843500000000002
-3.2110595703125,0.9844000000000002
-3.24432373046875,0.9844500000000002
-3.0877685546875,0.9845000000000002
-3.43109130859375,0.9845500000000001
-3.54583740234375,0.9846000000000001
-3.27484130859375,0.9846500000000001
-3.49456787109375,0.9847000000000001
-3.57696533203125,0.9847500000000001
-3.5162353515625,0.9848000000000001
-3.13385009765625,0.9848500000000001
-3.35540771484375,0.9849000000000001
-3.06732177734375,0.9849500000000001
-3.17840576171875,0.9850000000000001
-2.9522705078125,0.9850500000000001
-3.05389404296875,0.9851000000000001
-2.8558349609375,0.9851500000000001
-2.82135009765625,0.9852000000000001
-3.2696533203125,0.9852500000000001
-3.38775634765625,0.9853000000000001
-3.29833984375,0.9853500000000002
-3.25592041015625,0.9854000000000002
-3.16436767578125,0.9854500000000002
-3.31939697265625,0.9855000000000002
-3.64471435546875,0.9855500000000001
-3.714599609375,0.9856000000000001
-3.46588134765625,0.9856500000000001
-3.30352783203125,0.9857000000000001
-3.697509765625,0.9857500000000001
-3.30596923828125,0.9858000000000001
-3.41644287109375,0.9858500000000001
-3.30230712890625,0.9859000000000001
-3.302001953125,0.9859500000000001
-3.1805419921875,0.9860000000000001
-3.10577392578125,0.9860500000000001
-3.2220458984375,0.9861000000000001
-3.22601318359375,0.9861500000000001
-3.30780029296875,0.9862000000000001
-3.29681396484375,0.9862500000000001
-2.98980712890625,0.9863000000000001
-3.1903076171875,0.9863500000000001
-3.3331298828125,0.9864000000000002
-3.323974609375,0.9864500000000002
-3.08349609375,0.9865000000000002
-3.0609130859375,0.9865500000000001
-3.02032470703125,0.9866000000000001
-3.05023193359375,0.9866500000000001
-3.40423583984375,0.9867000000000001
-3.42559814453125,0.9867500000000001
-3.065185546875,0.9868000000000001
-3.02215576171875,0.9868500000000001
-3.267822265625,0.9869000000000001
-3.09112548828125,0.9869500000000001
-3.2037353515625,0.9870000000000001
-3.21807861328125,0.9870500000000001
-3.4014892578125,0.9871000000000001
-2.99224853515625,0.9871500000000001
-3.09051513671875,0.9872000000000001
-3.30596923828125,0.9872500000000001
-2.91107177734375,0.9873000000000001
-3.1524658203125,0.9873500000000002
-3.19122314453125,0.9874000000000002
-3.04962158203125,0.9874500000000002
-2.9888916015625,0.9875000000000002
-2.96417236328125,0.9875500000000001
-3.2061767578125,0.9876000000000001
-2.8302001953125,0.9876500000000001
-2.97515869140625,0.9877000000000001
-2.989501953125,0.9877500000000001
-2.52410888671875,0.9878000000000001
-2.9656982421875,0.9878500000000001
-2.864990234375,0.9879000000000001
-2.7667236328125,0.9879500000000001
-2.69622802734375,0.9880000000000001
-2.6483154296875,0.9880500000000001
-2.8106689453125,0.9881000000000001
-2.9150390625,0.9881500000000001
-2.64404296875,0.9882000000000001
-3.00506591796875,0.9882500000000001
-2.489013671875,0.9883000000000001
-2.613525390625,0.9883500000000001
-3.079833984375,0.9884000000000002
-2.926025390625,0.9884500000000002
-2.8759765625,0.9885000000000002
-2.80670166015625,0.9885500000000002
-2.75115966796875,0.9886000000000001
-2.78076171875,0.9886500000000001
-2.87017822265625,0.9887000000000001
-2.9608154296875,0.9887500000000001
-2.63214111328125,0.9888000000000001
-2.65380859375,0.9888500000000001
-2.750244140625,0.9889000000000001
-2.57568359375,0.9889500000000001
-2.779541015625,0.9890000000000001
-2.83721923828125,0.9890500000000001
-3.0438232421875,0.9891000000000001
-2.60040283203125,0.9891500000000001
-2.637939453125,0.9892000000000001
-2.82440185546875,0.9892500000000001
-3.05145263671875,0.9893000000000001
-3.0059814453125,0.9893500000000001
-3.0938720703125,0.9894000000000002
-2.6959228515625,0.9894500000000002
-3.11767578125,0.9895000000000002
-3.045654296875,0.9895500000000002
-3.10882568359375,0.9896000000000001
-3.0255126953125,0.9896500000000001
-2.603759765625,0.9897000000000001
-2.987060546875,0.9897500000000001
-3.0548095703125,0.9898000000000001
-3.03314208984375,0.9898500000000001
-2.818603515625,0.9899000000000001
-2.93426513671875,0.9899500000000001
-3.0078125,0.9900000000000001
-3.18695068359375,0.9900500000000001
-3.00994873046875,0.9901000000000001
-2.9833984375,0.9901500000000001
-3.17474365234375,0.9902000000000001
-3.27880859375,0.9902500000000001
-2.9339599609375,0.9903000000000001
-3.115234375,0.9903500000000001
-2.9412841796875,0.9904000000000002
-2.75848388671875,0.9904500000000002
-2.97943115234375,0.9905000000000002
-2.91168212890625,0.9905500000000002
-2.99652099609375,0.9906000000000001
-2.8564453125,0.9906500000000001
-2.99835205078125,0.9907000000000001
-3.4796142578125,0.9907500000000001
-2.9296875,0.9908000000000001
-3.18206787109375,0.9908500000000001
-3.402099609375,0.9909000000000001
-3.09173583984375,0.9909500000000001
-3.5040283203125,0.9910000000000001
-3.5198974609375,0.9910500000000001
-3.05419921875,0.9911000000000001
-3.02520751953125,0.9911500000000001
-3.41217041015625,0.9912000000000001
-3.33892822265625,0.9912500000000001
-3.26141357421875,0.9913000000000001
-2.99591064453125,0.9913500000000001
-2.9998779296875,0.9914000000000002
-3.1378173828125,0.9914500000000002
-3.07708740234375,0.9915000000000002
-3.3251953125,0.9915500000000002
-3.52447509765625,0.9916000000000001
-3.06884765625,0.9916500000000001
-3.45062255859375,0.9917000000000001
-3.29925537109375,0.9917500000000001
-3.23150634765625,0.9918000000000001
-3.45001220703125,0.9918500000000001
-3.33221435546875,0.9919000000000001
-3.25775146484375,0.9919500000000001
-3.27606201171875,0.9920000000000001
-3.0047607421875,0.9920500000000001
-3.1365966796875,0.9921000000000001
-3.29132080078125,0.9921500000000001
-3.0194091796875,0.9922000000000001
-3.267822265625,0.9922500000000001
-2.745361328125,0.9923000000000001
-2.99072265625,0.9923500000000001
-3.087158203125,0.9924000000000002
-3.16864013671875,0.9924500000000002
-2.9888916015625,0.9925000000000002
-3.2623291015625,0.9925500000000002
-2.87139892578125,0.9926000000000001
-3.27667236328125,0.9926500000000001
-3.25408935546875,0.9927000000000001
-3.25958251953125,0.9927500000000001
-2.8369140625,0.9928000000000001
-3.02215576171875,0.9928500000000001
-2.91778564453125,0.9929000000000001
-3.06976318359375,0.9929500000000001
-3.09356689453125,0.9930000000000001
-2.77130126953125,0.9930500000000001
-2.9083251953125,0.9931000000000001
-2.74322509765625,0.9931500000000001
-2.9656982421875,0.9932000000000001
-3.00567626953125,0.9932500000000001
-2.802734375,0.9933000000000001
-2.93670654296875,0.9933500000000001
-3.133544921875,0.9934000000000001
-2.77313232421875,0.9934500000000002
-3.0535888671875,0.9935000000000002
-3.0731201171875,0.9935500000000002
-2.9144287109375,0.9936000000000001
-3.01483154296875,0.9936500000000001
-2.90557861328125,0.9937000000000001
-2.83294677734375,0.9937500000000001
-2.7789306640625,0.9938000000000001
-2.92877197265625,0.9938500000000001
-2.98431396484375,0.9939000000000001
-2.55157470703125,0.9939500000000001
-2.58270263671875,0.9940000000000001
-2.99774169921875,0.9940500000000001
-2.70355224609375,0.9941000000000001
-2.7508544921875,0.9941500000000001
-2.77008056640625,0.9942000000000001
-2.84332275390625,0.9942500000000001
-2.72857666015625,0.9943000000000001
-3.00384521484375,0.9943500000000001
-2.98248291015625,0.9944000000000001
-2.9510498046875,0.9944500000000002
-2.94158935546875,0.9945000000000002
-2.86529541015625,0.9945500000000002
-2.86773681640625,0.9946000000000002
-2.91778564453125,0.9946500000000001
-3.25042724609375,0.9947000000000001
-3.29681396484375,0.9947500000000001
-2.81463623046875,0.9948000000000001
-2.99407958984375,0.9948500000000001
-2.90313720703125,0.9949000000000001
-2.86651611328125,0.9949500000000001
-3.04534912109375,0.9950000000000001
-3.1298828125,0.9950500000000001
-2.99835205078125,0.9951000000000001
-2.7362060546875,0.9951500000000001
-2.9901123046875,0.9952000000000001
-3.1536865234375,0.9952500000000001
-3.1146240234375,0.9953000000000001
-2.8497314453125,0.9953500000000001
-3.1878662109375,0.9954000000000001
-2.93975830078125,0.9954500000000002
-3.1561279296875,0.9955000000000002
-3.1805419921875,0.9955500000000002
-2.978515625,0.9956000000000002
-2.6348876953125,0.9956500000000001
-2.9486083984375,0.9957000000000001
-2.69073486328125,0.9957500000000001
-3.04718017578125,0.9958000000000001
-2.9278564453125,0.9958500000000001
-2.99468994140625,0.9959000000000001
-2.8448486328125,0.9959500000000001
-2.88116455078125,0.9960000000000001
-2.87628173828125,0.9960500000000001
-3.240966796875,0.9961000000000001
-3.08990478515625,0.9961500000000001
-3.09967041015625,0.9962000000000001
-3.22052001953125,0.9962500000000001
-3.0291748046875,0.9963000000000001
-3.1646728515625,0.9963500000000001
-3.10791015625,0.9964000000000001
-3.03192138671875,0.9964500000000002
-2.7557373046875,0.9965000000000002
-2.93121337890625,0.9965500000000002
-2.7032470703125,0.9966000000000002
-2.95745849609375,0.9966500000000001
-2.90802001953125,0.9967000000000001
-2.93426513671875,0.9967500000000001
-2.70660400390625,0.9968000000000001
-3.01300048828125,0.9968500000000001
-2.935791015625,0.9969000000000001
-3.2525634765625,0.9969500000000001
-3.1756591796875,0.9970000000000001
-3.32183837890625,0.9970500000000001
-2.89825439453125,0.9971000000000001
-3.00567626953125,0.9971500000000001
-3.41522216796875,0.9972000000000001
-3.23516845703125,0.9972500000000001
-2.828369140625,0.9973000000000001
-3.2403564453125,0.9973500000000001
-3.221435546875,0.9974000000000001
-3.10546875,0.9974500000000002
-3.2763671875,0.9975000000000002
-3.12591552734375,0.9975500000000002
-3.521728515625,0.9976000000000002
-3.125,0.9976500000000001
-3.23516845703125,0.9977000000000001
-3.33099365234375,0.9977500000000001
-3.18115234375,0.9978000000000001
-3.3770751953125,0.9978500000000001
-3.5809326171875,0.9979000000000001
-3.3544921875,0.9979500000000001
-3.212890625,0.9980000000000001
-3.30657958984375,0.9980500000000001
-3.4283447265625,0.9981000000000001
-3.3966064453125,0.9981500000000001
-3.51593017578125,0.9982000000000001
-3.28704833984375,0.9982500000000001
-3.14666748046875,0.9983000000000001
-3.59375,0.9983500000000001
-3.31146240234375,0.9984000000000001
-3.19549560546875,0.9984500000000002
-3.096923828125,0.9985000000000002
-3.46343994140625,0.9985500000000002
-3.26263427734375,0.9986000000000002
-3.39752197265625,0.9986500000000001
-3.2135009765625,0.9987000000000001
-3.2318115234375,0.9987500000000001
-3.101806640625,0.9988000000000001
-3.39935302734375,0.9988500000000001
-3.4735107421875,0.9989000000000001
-3.2489013671875,0.9989500000000001
-3.16741943359375,0.9990000000000001
-3.40057373046875,0.9990500000000001
-3.09844970703125,0.9991000000000001
-3.26507568359375,0.9991500000000001
-3.03375244140625,0.9992000000000001
-3.33282470703125,0.9992500000000001
-3.24554443359375,0.9993000000000001
-3.277587890625,0.9993500000000001
-3.07220458984375,0.9994000000000001
-3.14453125,0.9994500000000002
-3.2208251953125,0.9995000000000002
-3.27362060546875,0.9995500000000002
-3.14605712890625,0.9996000000000002
-2.99072265625,0.9996500000000001
-3.16864013671875,0.9997000000000001
-3.0780029296875,0.9997500000000001
-3.2586669921875,0.9998000000000001
-3.07098388671875,0.9998500000000001
-3.25469970703125,0.9999000000000001
-2.947998046875,0.9999500000000001
-3.3306884765625,1.0
-3.26904296875,1.00005
-3.3935546875,1.0001
-3.2763671875,1.00015
-3.33709716796875,1.0002
-3.18023681640625,1.00025
-3.3514404296875,1.0003
-3.55804443359375,1.00035
-3.404541015625,1.0004
-3.55072021484375,1.00045
-3.37982177734375,1.0005
-3.3990478515625,1.00055
-3.516845703125,1.0006
-3.43353271484375,1.00065
-3.6651611328125,1.0007
-3.78570556640625,1.00075
-3.56109619140625,1.0008
-3.8238525390625,1.00085
-3.5467529296875,1.0009
-3.69537353515625,1.00095
-3.7481689453125,1.001
-3.85589599609375,1.00105
-3.42742919921875,1.0011
-3.3380126953125,1.00115
-3.660888671875,1.0012
-3.76251220703125,1.00125
-3.27606201171875,1.0013
-3.4423828125,1.00135
-3.3135986328125,1.0014
-3.1072998046875,1.00145
-3.5516357421875,1.0015
-3.39447021484375,1.00155
-3.13140869140625,1.0016
-3.08380126953125,1.00165
-3.4027099609375,1.0017
-3.15887451171875,1.00175
-3.231201171875,1.0018
-3.18572998046875,1.00185
-3.04473876953125,1.0019
-3.08197021484375,1.00195
-3.07159423828125,1.002
-2.943115234375,1.00205
-3.1768798828125,1.0021
-2.87933349609375,1.00215
-3.1982421875,1.0022
-3.0401611328125,1.00225
-2.87933349609375,1.0023
-3.0926513671875,1.00235
-3.08441162109375,1.0024
-3.22174072265625,1.00245
-3.06976318359375,1.0025
-2.73590087890625,1.00255
-2.960205078125,1.0026
-3.41064453125,1.00265
-3.172607421875,1.0027
-3.13201904296875,1.00275
-2.872314453125,1.0028
-3.201904296875,1.00285
-2.90069580078125,1.0029
-3.00079345703125,1.00295
-2.8277587890625,1.003
-2.81768798828125,1.00305
-2.5946044921875,1.0031
-3.05877685546875,1.00315
-2.7862548828125,1.0032
-2.9949951171875,1.00325
-2.94464111328125,1.0033
-3.123779296875,1.00335
-2.9681396484375,1.0034
-3.09814453125,1.00345
-3.472900390625,1.0035
-3.51318359375,1.00355
-3.60931396484375,1.0036
-3.47869873046875,1.00365
-3.51348876953125,1.0037
-3.38531494140625,1.00375
-3.28277587890625,1.0038
-3.680419921875,1.00385
-3.61602783203125,1.0039
-3.11614990234375,1.00395
-3.5107421875,1.004
-3.3428955078125,1.00405
-3.59222412109375,1.0041
-3.3984375,1.00415
-3.58642578125,1.0042
-3.212890625,1.00425
-3.5040283203125,1.0043
-3.602294921875,1.00435
-3.56414794921875,1.0044
-3.34716796875,1.00445
-3.37890625,1.0045
-3.39813232421875,1.00455
-3.211669921875,1.0046
-3.45184326171875,1.00465
-3.42864990234375,1.0047
-3.1866455078125,1.00475
-3.18511962890625,1.0048
-3.32122802734375,1.00485
-3.31298828125,1.0049
-3.35540771484375,1.00495
-3.20709228515625,1.005
-2.9425048828125,1.00505
-3.017578125,1.0051
-2.79876708984375,1.00515
-2.9168701171875,1.0052
-3.052978515625,1.00525
-2.8839111328125,1.0053
-2.81219482421875,1.00535
-2.76275634765625,1.0054
-2.6702880859375,1.00545
-2.904052734375,1.0055
-2.91961669921875,1.00555
-2.61993408203125,1.0056
-2.7191162109375,1.00565
-2.6641845703125,1.0057
-2.7691650390625,1.00575
-2.95562744140625,1.0058
-2.96844482421875,1.00585
-3.16192626953125,1.0059
-2.95806884765625,1.00595
-2.99835205078125,1.006
-3.0511474609375,1.00605
-3.05328369140625,1.0061
-3.15216064453125,1.00615
-3.3538818359375,1.0062
-3.0224609375,1.00625
-3.38958740234375,1.0063
-3.23760986328125,1.00635
-3.36090087890625,1.0064
-3.04168701171875,1.00645
-3.33404541015625,1.0065
-3.08197021484375,1.00655
-3.11309814453125,1.0066
-3.1591796875,1.00665
-3.0218505859375,1.0067
-3.11370849609375,1.00675
-2.677001953125,1.0068
-2.6287841796875,1.00685
-2.75543212890625,1.0069
-2.62054443359375,1.00695
-2.71697998046875,1.007
-2.581787109375,1.00705
-2.1807861328125,1.0071
-2.64312744140625,1.00715
-2.54913330078125,1.0072
-2.525634765625,1.00725
-2.40386962890625,1.0073
-2.82196044921875,1.00735
-2.49725341796875,1.0074
-2.64862060546875,1.00745
-2.8399658203125,1.0075
-2.75299072265625,1.00755
-2.57476806640625,1.0076
-2.679443359375,1.00765
-2.645263671875,1.0077
-2.60528564453125,1.00775
-2.73773193359375,1.0078
-2.86285400390625,1.00785
-2.7447509765625,1.0079
-2.50091552734375,1.00795
-2.7099609375,1.008
-2.943115234375,1.00805
-3.0340576171875,1.0081
-2.97393798828125,1.00815
-2.8814697265625,1.0082
-2.97576904296875,1.00825
-3.17047119140625,1.0083
-3.167724609375,1.00835
-3.41583251953125,1.0084
-2.9541015625,1.00845
-3.0010986328125,1.0085
-2.8265380859375,1.00855
-2.923583984375,1.0086
-3.00567626953125,1.00865
-2.88909912109375,1.0087
-2.777099609375,1.00875
-2.78045654296875,1.0088
-2.82928466796875,1.00885
-2.80364990234375,1.0089
-2.62847900390625,1.00895
-3.03680419921875,1.009
-2.97943115234375,1.00905
-2.75787353515625,1.0091
-2.94219970703125,1.00915
-2.79144287109375,1.0092
-2.94158935546875,1.00925
-3.0987548828125,1.0093
-3.0108642578125,1.00935
-3.16375732421875,1.0094
-3.4381103515625,1.00945
-3.33465576171875,1.0095
-3.46160888671875,1.00955
-3.1475830078125,1.0096
-3.24737548828125,1.00965
-3.06427001953125,1.0097
-3.1158447265625,1.00975
-3.43109130859375,1.0098
-3.14300537109375,1.00985
-3.25897216796875,1.0099
-2.94281005859375,1.00995
-3.25897216796875,1.01
-3.40576171875,1.01005
-3.1488037109375,1.0101
-3.29986572265625,1.01015
-3.3953857421875,1.0102
-3.22113037109375,1.01025
-3.58123779296875,1.0103
-3.38043212890625,1.01035
-3.3392333984375,1.0104
-2.919921875,1.01045
-3.32672119140625,1.0105
-2.86895751953125,1.01055
-2.80059814453125,1.0106
-2.8961181640625,1.01065
-2.95135498046875,1.0107
-2.5604248046875,1.01075
-2.955322265625,1.0108
-2.77130126953125,1.01085
-2.95257568359375,1.0109
-3.0291748046875,1.01095
-2.8729248046875,1.011
-2.943115234375,1.01105
-2.80670166015625,1.0111
-2.87811279296875,1.01115
-2.97271728515625,1.0112
-3.03009033203125,1.01125
-2.8955078125,1.0113
-2.8387451171875,1.01135
-2.92938232421875,1.0114
-3.04412841796875,1.01145
-3.04168701171875,1.0115
-3.087158203125,1.01155
-2.783203125,1.0116
-2.96783447265625,1.01165
-2.955322265625,1.0117
-3.021240234375,1.01175
-3.0841064453125,1.0118
-3.15093994140625,1.01185
-3.2220458984375,1.0119
-3.0413818359375,1.01195
-2.9949951171875,1.012
-3.01177978515625,1.01205
-3.0535888671875,1.0121
-3.14239501953125,1.01215
-3.0712890625,1.0122
-2.8521728515625,1.01225
-3.348388671875,1.0123
-3.22052001953125,1.01235
-3.2366943359375,1.0124
-3.236083984375,1.01245
-2.911376953125,1.0125
-3.01544189453125,1.01255
-3.34930419921875,1.0126
-3.22113037109375,1.01265
-3.14056396484375,1.0127
-3.13323974609375,1.01275
-3.021240234375,1.0128
-3.03863525390625,1.01285
-3.1365966796875,1.0129
-3.03466796875,1.01295
-3.173828125,1.013
-2.9833984375,1.01305
-2.86529541015625,1.0131000000000001
-3.00506591796875,1.01315
-3.02886962890625,1.0132
-2.92388916015625,1.01325
-3.03436279296875,1.0133
-3.06488037109375,1.01335
-2.9150390625,1.0134
-3.0853271484375,1.01345
-3.2000732421875,1.0135
-3.2305908203125,1.01355
-2.85064697265625,1.0136
-3.1890869140625,1.01365
-3.06640625,1.0137
-2.81829833984375,1.01375
-3.01483154296875,1.0138
-3.0511474609375,1.01385
-2.76397705078125,1.0139
-2.92205810546875,1.01395
-3.14056396484375,1.014
-3.1451416015625,1.01405
-3.15948486328125,1.0141
-3.10516357421875,1.01415
-2.989501953125,1.0142
-3.18115234375,1.01425
-3.20648193359375,1.0143
-3.3544921875,1.01435
-3.38043212890625,1.0144
-3.00811767578125,1.01445
-3.1182861328125,1.0145
-2.97271728515625,1.01455
-2.8924560546875,1.0146
-2.9656982421875,1.01465
-3.0908203125,1.0147
-2.99652099609375,1.01475
-3.037109375,1.0148
-2.90618896484375,1.01485
-3.134765625,1.0149
-3.2470703125,1.01495
-3.2257080078125,1.015
-3.1036376953125,1.01505
-3.017578125,1.0151
-3.3111572265625,1.01515
-3.199462890625,1.0152
-3.016357421875,1.01525
-3.0059814453125,1.0153
-3.15216064453125,1.01535
-2.78289794921875,1.0154
-3.20556640625,1.01545
-3.0364990234375,1.0155
-2.92144775390625,1.01555
-2.860107421875,1.0156
-3.040771484375,1.01565
-2.93365478515625,1.0157
-3.25347900390625,1.01575
-3.14422607421875,1.0158
-3.206787109375,1.01585
-3.02642822265625,1.0159
-3.17169189453125,1.01595
-3.27362060546875,1.016
-3.25775146484375,1.01605
-3.19366455078125,1.0161
-3.32183837890625,1.01615
-3.2745361328125,1.0162
-2.8009033203125,1.01625
-3.1805419921875,1.0163
-3.1201171875,1.01635
-3.0023193359375,1.0164
-3.1524658203125,1.01645
-3.17138671875,1.0165
-2.8857421875,1.01655
-3.18206787109375,1.0166
-3.179931640625,1.01665
-3.16802978515625,1.0167
-2.85186767578125,1.01675
-2.99346923828125,1.0168
-3.289794921875,1.01685
-3.1024169921875,1.0169
-2.933349609375,1.01695
-3.2861328125,1.017
-2.72857666015625,1.01705
-3.19244384765625,1.0171
-3.31451416015625,1.01715
-3.143310546875,1.0172
-3.24493408203125,1.01725
-3.087158203125,1.0173
-2.9229736328125,1.01735
-3.13690185546875,1.0174
-2.85186767578125,1.01745
-3.09539794921875,1.0175
-3.19488525390625,1.01755
-3.0908203125,1.0176
-3.1134033203125,1.01765
-2.8692626953125,1.0177
-3.0767822265625,1.01775
-3.04229736328125,1.0178
-3.3984375,1.01785
-2.75360107421875,1.0179
-2.88970947265625,1.01795
-3.26904296875,1.018
-3.14727783203125,1.01805
-2.977294921875,1.0181
-3.12286376953125,1.0181499999999999
-3.0438232421875,1.0182
-3.03314208984375,1.01825
-3.10150146484375,1.0183
-3.0218505859375,1.01835
-2.90191650390625,1.0184
-2.9888916015625,1.01845
-3.0682373046875,1.0185
-2.80120849609375,1.01855
-3.2061767578125,1.0186
-2.99530029296875,1.01865
-2.97271728515625,1.0187
-2.8570556640625,1.01875
-3.0438232421875,1.0188
-2.9779052734375,1.01885
-3.16986083984375,1.0189
-3.23577880859375,1.01895
-3.150634765625,1.019
-3.0322265625,1.01905
-2.97607421875,1.0191
-3.06365966796875,1.01915
-3.06732177734375,1.0192
-3.17596435546875,1.01925
-3.074951171875,1.0193
-2.9150390625,1.01935
-2.6739501953125,1.0194
-3.19549560546875,1.01945
-3.0078125,1.0195
-2.81829833984375,1.01955
-2.79083251953125,1.0196
-3.218994140625,1.01965
-2.7935791015625,1.0197
-3.13995361328125,1.01975
-3.14697265625,1.0198
-3.0279541015625,1.01985
-2.637939453125,1.0199
-3.06915283203125,1.01995
-2.80181884765625,1.02
-2.89459228515625,1.02005
-2.85308837890625,1.0201
-2.860107421875,1.0201500000000001
-2.7337646484375,1.0202
-3.00689697265625,1.02025
-2.8863525390625,1.0203
-2.8253173828125,1.02035
-3.02520751953125,1.0204
-3.04290771484375,1.02045
-2.74627685546875,1.0205
-2.93487548828125,1.02055
-2.86285400390625,1.0206
-3.08563232421875,1.02065
-3.28399658203125,1.0207
-2.86895751953125,1.02075
-2.86651611328125,1.0208
-3.07342529296875,1.02085
-2.9473876953125,1.0209
-2.97210693359375,1.02095
-3.155517578125,1.021
-2.89764404296875,1.02105
-2.95684814453125,1.0211
-3.08990478515625,1.02115
-3.04443359375,1.0212
-2.95562744140625,1.02125
-2.96783447265625,1.0213
-2.89764404296875,1.02135
-2.94036865234375,1.0214
-3.02520751953125,1.02145
-3.18817138671875,1.0215
-2.9595947265625,1.02155
-3.1597900390625,1.0216
-3.05511474609375,1.02165
-3.1427001953125,1.0217
-3.48297119140625,1.02175
-3.341064453125,1.0218
-3.074951171875,1.02185
-3.221435546875,1.0219
-3.18359375,1.02195
-2.97119140625,1.022
-3.30230712890625,1.02205
-3.25592041015625,1.0221
-3.125,1.02215
-2.8594970703125,1.0222
-3.212890625,1.02225
-3.258056640625,1.0223
-3.2666015625,1.02235
-3.08441162109375,1.0224
-3.1402587890625,1.02245
-3.375244140625,1.0225
-3.30535888671875,1.02255
-3.3807373046875,1.0226
-3.1756591796875,1.02265
-3.33831787109375,1.0227
-3.04656982421875,1.02275
-3.33404541015625,1.0228
-2.77496337890625,1.02285
-3.00811767578125,1.0229
-3.048095703125,1.02295
-3.05938720703125,1.023
-2.85888671875,1.02305
-3.00933837890625,1.0231
-3.0523681640625,1.02315
-3.0401611328125,1.0232
-3.0206298828125,1.02325
-2.9034423828125,1.0233
-2.8570556640625,1.02335
-3.1427001953125,1.0234
-3.1597900390625,1.02345
-3.1005859375,1.0235
-3.08135986328125,1.02355
-3.0438232421875,1.0236
-3.013916015625,1.02365
-3.11004638671875,1.0237
-2.8863525390625,1.02375
-3.12469482421875,1.0238
-2.78350830078125,1.02385
-2.7569580078125,1.0239
-2.87933349609375,1.02395
-2.77191162109375,1.024
-2.78289794921875,1.02405
-2.75299072265625,1.0241
-2.98828125,1.02415
-2.67059326171875,1.0242
-2.7630615234375,1.02425
-3.0120849609375,1.0243
-3.24859619140625,1.02435
-2.77252197265625,1.0244
-3.0401611328125,1.02445
-2.9864501953125,1.0245
-2.9998779296875,1.02455
-3.02978515625,1.0246
-3.2183837890625,1.02465
-2.8765869140625,1.0247
-2.88543701171875,1.02475
-3.18145751953125,1.0248
-3.2135009765625,1.02485
-3.41400146484375,1.0249
-3.338623046875,1.02495
-3.09112548828125,1.025
-3.4027099609375,1.02505
-3.56201171875,1.0251
-3.63525390625,1.02515
-3.89801025390625,1.0252
-3.0499267578125,1.02525
-3.37158203125,1.0252999999999999
-2.9400634765625,1.02535
-3.187255859375,1.0253999999999999
-3.12347412109375,1.02545
-3.03009033203125,1.0254999999999999
-2.7459716796875,1.02555
-3.0218505859375,1.0255999999999998
-2.92724609375,1.02565
-2.95013427734375,1.0256999999999998
-2.85614013671875,1.02575
-3.05023193359375,1.0258
-3.0078125,1.02585
-2.93701171875,1.0259
-3.09356689453125,1.02595
-3.23089599609375,1.026
-3.1707763671875,1.02605
-3.15643310546875,1.0261
-3.23944091796875,1.02615
-3.0267333984375,1.0262
-3.39111328125,1.0262499999999999
-3.4844970703125,1.0263
-3.20404052734375,1.0263499999999999
-3.2525634765625,1.0264
-3.36669921875,1.0264499999999999
-2.9095458984375,1.0265
-3.385009765625,1.0265499999999999
-3.5015869140625,1.0266
-3.11676025390625,1.0266499999999998
-3.11370849609375,1.0267
-2.9766845703125,1.0267499999999998
-3.2623291015625,1.0268
-3.23333740234375,1.02685
-2.80120849609375,1.0269
-3.0810546875,1.02695
-3.02001953125,1.027
-2.8485107421875,1.02705
-3.10150146484375,1.0271
-3.13201904296875,1.02715
-2.78472900390625,1.0272
-2.9931640625,1.02725
-3.0126953125,1.0272999999999999
-2.76947021484375,1.02735
-2.96905517578125,1.0273999999999999
-3.03863525390625,1.02745
-2.9473876953125,1.0274999999999999
-2.58270263671875,1.02755
-2.71759033203125,1.0275999999999998
-3.15093994140625,1.02765
-3.1640625,1.0276999999999998
-2.9034423828125,1.02775
-3.1866455078125,1.0278
-2.69744873046875,1.02785
-2.85430908203125,1.0279
-3.184814453125,1.02795
-3.10272216796875,1.028
-3.121337890625,1.02805
-3.05938720703125,1.0281
-3.03863525390625,1.02815
-3.22723388671875,1.0282
-3.04534912109375,1.0282499999999999
-3.10455322265625,1.0283
-3.22479248046875,1.0283499999999999
-2.95867919921875,1.0284
-3.15826416015625,1.0284499999999999
-2.97943115234375,1.0285
-3.19793701171875,1.0285499999999999
-3.34991455078125,1.0286
-3.64227294921875,1.0286499999999998
-3.160400390625,1.0287
-3.4381103515625,1.0287499999999998
-3.74847412109375,1.0288
-3.59588623046875,1.02885
-3.64349365234375,1.0289
-3.7396240234375,1.02895
-3.71612548828125,1.029
-3.779296875,1.02905
-3.8037109375,1.0291
-3.775634765625,1.02915
-3.69964599609375,1.0292
-3.33160400390625,1.02925
-3.65814208984375,1.0292999999999999
-3.5491943359375,1.02935
-3.731689453125,1.0293999999999999
-3.4564208984375,1.02945
-3.3758544921875,1.0294999999999999
-3.326416015625,1.02955
-3.6981201171875,1.0295999999999998
-3.28369140625,1.02965
-3.7176513671875,1.0296999999999998
-3.3831787109375,1.02975
-3.4100341796875,1.0297999999999998
-3.21929931640625,1.02985
-3.23638916015625,1.0299
-3.07037353515625,1.02995
-3.01910400390625,1.03
-2.85125732421875,1.03005
-2.83355712890625,1.0301
-2.674560546875,1.03015
-2.5091552734375,1.0302
-2.83935546875,1.0302499999999999
-2.81829833984375,1.0303
-2.4755859375,1.0303499999999999
-2.509765625,1.0304
-2.9150390625,1.0304499999999999
-2.76031494140625,1.0305
-3.1158447265625,1.0305499999999999
-3.19122314453125,1.0306
-3.01116943359375,1.0306499999999998
-2.96844482421875,1.0307
-3.148193359375,1.0307499999999998
-3.21044921875,1.0308
-3.30230712890625,1.03085
-3.02825927734375,1.0309
-3.23089599609375,1.03095
-3.043212890625,1.031
-3.44879150390625,1.03105
-3.39141845703125,1.0311
-3.33892822265625,1.03115
-3.2659912109375,1.0312
-3.39080810546875,1.03125
-3.37127685546875,1.0312999999999999
-3.53790283203125,1.03135
-3.06060791015625,1.0313999999999999
-3.39569091796875,1.03145
-3.36639404296875,1.0314999999999999
-3.043212890625,1.03155
-3.00537109375,1.0315999999999999
-3.14361572265625,1.03165
-3.1182861328125,1.0316999999999998
-3.0267333984375,1.03175
-3.0828857421875,1.0318
-2.66510009765625,1.03185
-2.91717529296875,1.0319
-3.1024169921875,1.03195
-2.88818359375,1.032
-2.60589599609375,1.03205
-2.764892578125,1.0321
-2.8289794921875,1.03215
-3.11187744140625,1.0322
-3.30291748046875,1.03225
-3.0426025390625,1.0323
-2.87994384765625,1.0323499999999999
-3.08074951171875,1.0324
-3.0621337890625,1.0324499999999999
-3.15338134765625,1.0325
-3.17779541015625,1.0325499999999999
-3.065185546875,1.0326
-2.998046875,1.0326499999999998
-3.270263671875,1.0327
-3.1689453125,1.0327499999999998
-3.10272216796875,1.0328
-3.34869384765625,1.03285
-3.3544921875,1.0329
-3.585205078125,1.03295
-3.25653076171875,1.033
-3.39996337890625,1.03305
-3.4124755859375,1.0331
-3.6834716796875,1.03315
-3.1768798828125,1.0332
-3.18572998046875,1.03325
-3.43902587890625,1.0332999999999999
-3.31024169921875,1.03335
-3.3221435546875,1.0333999999999999
-3.1622314453125,1.03345
-3.44757080078125,1.0334999999999999
-3.13385009765625,1.03355
-3.30780029296875,1.0335999999999999
-3.3575439453125,1.03365
-3.1207275390625,1.0336999999999998
-3.22357177734375,1.03375
-3.3367919921875,1.0337999999999998
-3.2391357421875,1.03385
-3.66241455078125,1.0339
-3.472900390625,1.03395
-3.40362548828125,1.034
-3.38623046875,1.03405
-3.3367919921875,1.0341
-3.201904296875,1.03415
-3.56903076171875,1.0342
-3.3477783203125,1.03425
-3.42193603515625,1.0343
-3.45367431640625,1.0343499999999999
-3.4173583984375,1.0344
-3.302001953125,1.0344499999999999
-3.5491943359375,1.0345
-3.2257080078125,1.0345499999999999
-3.4796142578125,1.0346
-3.017578125,1.0346499999999998
-3.06610107421875,1.0347
-3.5247802734375,1.0347499999999998
-3.45977783203125,1.0348
-3.29620361328125,1.03485
-3.2684326171875,1.0349
-3.57940673828125,1.03495
-3.33831787109375,1.035
-3.48358154296875,1.03505
-3.30413818359375,1.0351
-3.67095947265625,1.03515
-3.16741943359375,1.0352
-3.5015869140625,1.03525
-3.36029052734375,1.0352999999999999
-3.505859375,1.03535
-3.32427978515625,1.0353999999999999
-3.67462158203125,1.03545
-3.07220458984375,1.0354999999999999
-3.31451416015625,1.03555
-3.59039306640625,1.0355999999999999
-3.36700439453125,1.03565
-3.548583984375,1.0356999999999998
-3.2257080078125,1.03575
-3.07708740234375,1.0357999999999998
-3.431396484375,1.03585
-3.150634765625,1.0359
-3.35906982421875,1.03595
-3.54339599609375,1.036
-3.134765625,1.03605
-3.2574462890625,1.0361
-3.45245361328125,1.03615
-3.37005615234375,1.0362
-3.3880615234375,1.03625
-3.5015869140625,1.0363
-2.9962158203125,1.0363499999999999
-3.3935546875,1.0364
-3.54034423828125,1.0364499999999999
-3.33099365234375,1.0365
-3.245849609375,1.0365499999999999
-3.07647705078125,1.0366
-3.22723388671875,1.0366499999999998
-3.1500244140625,1.0367
-3.36822509765625,1.0367499999999998
-3.14056396484375,1.0368
-3.00537109375,1.0368499999999998
-3.028564453125,1.0369
-3.32366943359375,1.03695
-3.0426025390625,1.037
-3.216552734375,1.03705
-3.2647705078125,1.0371
-2.71820068359375,1.03715
-2.96905517578125,1.0372
-2.950439453125,1.03725
-2.6898193359375,1.0372999999999999
-2.9669189453125,1.03735
-2.9827880859375,1.0373999999999999
-2.87445068359375,1.03745
-2.74169921875,1.0374999999999999
-2.87841796875,1.03755
-3.1512451171875,1.0375999999999999
-3.26202392578125,1.03765
-2.75146484375,1.0376999999999998
-2.78594970703125,1.03775
-2.9559326171875,1.0377999999999998
-2.96966552734375,1.03785
-3.0938720703125,1.0379
-2.91107177734375,1.03795
-2.7423095703125,1.038
-3.14208984375,1.03805
-2.94586181640625,1.0381
-2.73529052734375,1.03815
-2.8955078125,1.0382
-2.7581787109375,1.03825
-2.85186767578125,1.0383
-2.65472412109375,1.0383499999999999
-2.95013427734375,1.0384
-2.9168701171875,1.0384499999999999
-3.00537109375,1.0385
-2.8460693359375,1.0385499999999999
-2.9986572265625,1.0386
-2.79693603515625,1.0386499999999999
-2.91473388671875,1.0387
-2.95745849609375,1.0387499999999998
-2.99224853515625,1.0388
-2.906494140625,1.0388499999999998
-2.92083740234375,1.0389
-2.85186767578125,1.03895
-3.2183837890625,1.039
-2.98370361328125,1.03905
-3.16864013671875,1.0391
-2.8033447265625,1.03915
-2.626953125,1.0392
-3.0535888671875,1.03925
-3.074951171875,1.0393
-2.7325439453125,1.03935
-2.84149169921875,1.0393999999999999
-3.1878662109375,1.03945
-2.75390625,1.0394999999999999
-3.094482421875,1.03955
-3.21502685546875,1.0395999999999999
-2.99346923828125,1.03965
-2.96783447265625,1.0396999999999998
-2.9852294921875,1.03975
-2.80303955078125,1.0397999999999998
-3.11859130859375,1.03985
-3.0657958984375,1.0399
-3.13568115234375,1.03995
-2.9095458984375,1.04
-2.82470703125,1.04005
-3.20037841796875,1.0401
-3.33648681640625,1.04015
-3.09967041015625,1.0402
-3.22540283203125,1.04025
-2.977294921875,1.0403
-3.28948974609375,1.0403499999999999
-3.29193115234375,1.0404
-3.41400146484375,1.0404499999999999
-3.24005126953125,1.0405
-3.04351806640625,1.0405499999999999
-3.26263427734375,1.0406
-3.23486328125,1.0406499999999999
-3.3538818359375,1.0407
-3.0584716796875,1.0407499999999998
-3.3056640625,1.0408
-3.0426025390625,1.0408499999999998
-3.0780029296875,1.0409
-3.19061279296875,1.04095
-3.15460205078125,1.041
-3.0169677734375,1.04105
-3.240966796875,1.0411
-2.99713134765625,1.04115
-2.974853515625,1.0412
-3.138427734375,1.04125
-3.095703125,1.0413
-3.04443359375,1.04135
-3.06365966796875,1.0413999999999999
-3.01025390625,1.04145
-3.1842041015625,1.0414999999999999
-3.26019287109375,1.04155
-3.08074951171875,1.0415999999999999
-3.10089111328125,1.04165
-2.8277587890625,1.0416999999999998
-3.0364990234375,1.04175
-2.9840087890625,1.0417999999999998
-3.0572509765625,1.04185
-2.85858154296875,1.0419
-2.92449951171875,1.04195
-2.89276123046875,1.042
-3.06976318359375,1.04205
-3.0572509765625,1.0421
-3.12652587890625,1.04215
-2.9034423828125,1.0422
-3.0914306640625,1.04225
-2.8704833984375,1.0423
-2.95379638671875,1.0423499999999999
-3.0322265625,1.0424
-2.9718017578125,1.0424499999999999
-2.92083740234375,1.0425
-2.789306640625,1.0425499999999999
-3.01849365234375,1.0426
-2.716064453125,1.0426499999999999
-2.99560546875,1.0427
-2.98370361328125,1.0427499999999998
-3.12591552734375,1.0428
-2.87109375,1.0428499999999998
-3.2354736328125,1.0429
-3.1622314453125,1.04295
-3.51165771484375,1.043
-3.36517333984375,1.04305
-3.29437255859375,1.0431
-3.11370849609375,1.04315
-3.17596435546875,1.0432
-3.531494140625,1.04325
-3.39202880859375,1.0433
-3.43017578125,1.04335
-3.13262939453125,1.0433999999999999
-3.0059814453125,1.04345
-3.35174560546875,1.0434999999999999
-3.1756591796875,1.04355
-3.2159423828125,1.0435999999999999
-3.19488525390625,1.04365
-3.00994873046875,1.0436999999999999
-3.40850830078125,1.04375
-3.2086181640625,1.0437999999999998
-3.18878173828125,1.04385
-3.18878173828125,1.0438999999999998
-3.5064697265625,1.04395
-3.29742431640625,1.044
-3.24737548828125,1.04405
-3.3819580078125,1.0441
-3.3209228515625,1.04415
-3.0859375,1.0442
-3.10577392578125,1.04425
-2.96539306640625,1.0443
-3.03009033203125,1.04435
-3.1158447265625,1.0444
-2.9217529296875,1.0444499999999999
-2.80120849609375,1.0445
-2.74810791015625,1.0445499999999999
-3.06884765625,1.0446
-3.14117431640625,1.0446499999999999
-3.36456298828125,1.0447
-3.11614990234375,1.0447499999999998
-3.01544189453125,1.0448
-3.0865478515625,1.0448499999999998
-3.32366943359375,1.0449
-3.27392578125,1.04495
-3.2891845703125,1.045
-2.7691650390625,1.04505
-3.09722900390625,1.0451
-3.0230712890625,1.04515
-3.05145263671875,1.0452
-2.78350830078125,1.04525
-2.9443359375,1.0453
-2.904052734375,1.04535
-3.026123046875,1.0453999999999999
-2.7996826171875,1.04545
-2.98370361328125,1.0454999999999999
-3.02886962890625,1.04555
-3.302001953125,1.0455999999999999
-2.9901123046875,1.04565
-2.89337158203125,1.0456999999999999
-3.0474853515625,1.04575
-2.7203369140625,1.0457999999999998
-3.0938720703125,1.04585
-2.81280517578125,1.0458999999999998
-2.845458984375,1.04595
-2.84271240234375,1.046
-2.73193359375,1.04605
-2.77679443359375,1.0461
-3.0120849609375,1.04615
-2.860107421875,1.0462
-2.70782470703125,1.04625
-2.68157958984375,1.0463
-2.9278564453125,1.04635
-3.143310546875,1.0464
-3.1597900390625,1.0464499999999999
-3.14697265625,1.0465
-3.1646728515625,1.0465499999999999
-3.26904296875,1.0466
-3.35174560546875,1.0466499999999999
-3.06304931640625,1.0467
-3.44085693359375,1.0467499999999998
-3.19580078125,1.0468
-3.045654296875,1.0468499999999998
-3.2159423828125,1.0469
-3.13934326171875,1.04695
-3.243408203125,1.047
-3.2293701171875,1.04705
-3.23699951171875,1.0471
-2.97149658203125,1.04715
-3.13873291015625,1.0472
-3.355712890625,1.04725
-3.24249267578125,1.0473
-3.0316162109375,1.04735
-3.31512451171875,1.0473999999999999
-3.277587890625,1.04745
-3.28948974609375,1.0474999999999999
-3.43109130859375,1.04755
-3.2928466796875,1.0475999999999999
-3.09783935546875,1.04765
-2.96600341796875,1.0476999999999999
-3.2720947265625,1.04775
-3.23577880859375,1.0477999999999998
-3.39263916015625,1.04785
-3.06365966796875,1.0478999999999998
-2.835693359375,1.04795
-3.16070556640625,1.048
-3.050537109375,1.04805
-3.15673828125,1.0481
-3.26416015625,1.04815
-3.001708984375,1.0482
-3.292236328125,1.04825
-3.2525634765625,1.0483
-3.15887451171875,1.04835
-3.12286376953125,1.0484
-3.267822265625,1.0484499999999999
-3.12469482421875,1.0485
-3.13385009765625,1.0485499999999999
-2.8955078125,1.0486
-3.0633544921875,1.0486499999999999
-3.2220458984375,1.0487
-3.133544921875,1.0487499999999998
-2.83355712890625,1.0488
-2.91046142578125,1.0488499999999998
-3.0352783203125,1.0489
-3.028564453125,1.04895
-2.94189453125,1.049
-2.8131103515625,1.04905
-3.04931640625,1.0491
-2.8607177734375,1.04915
-3.17840576171875,1.0492
-2.822265625,1.04925
-3.052978515625,1.0493
-2.86041259765625,1.04935
-3.25347900390625,1.0493999999999999
-2.8009033203125,1.04945
-3.22998046875,1.0494999999999999
-3.1634521484375,1.04955
-2.96234130859375,1.0495999999999999
-3.1536865234375,1.04965
-3.04443359375,1.0496999999999999
-2.8558349609375,1.04975
-3.22662353515625,1.0497999999999998
-3.0621337890625,1.04985
-3.20281982421875,1.0498999999999998
-3.011474609375,1.04995
-2.821044921875,1.05
-3.3050537109375,1.0500500000000001
-3.50921630859375,1.0501
-3.0377197265625,1.0501500000000001
-3.25775146484375,1.0502
-3.44879150390625,1.0502500000000001
-3.04046630859375,1.0503
-3.53363037109375,1.0503500000000001
-3.4674072265625,1.0504
-3.16925048828125,1.05045
-3.16650390625,1.0505
-3.26995849609375,1.05055
-3.0279541015625,1.0506
-3.135986328125,1.05065
-2.9443359375,1.0507
-3.0322265625,1.05075
-2.97119140625,1.0508
-3.01788330078125,1.05085
-3.17535400390625,1.0509
-3.2122802734375,1.05095
-3.06365966796875,1.051
-3.271484375,1.05105
-2.64862060546875,1.0511000000000001
-3.04962158203125,1.05115
-2.9229736328125,1.0512000000000001
-3.11004638671875,1.05125
-3.13446044921875,1.0513000000000001
-3.016357421875,1.05135
-3.0853271484375,1.0514000000000001
-2.99896240234375,1.05145
-3.08013916015625,1.0515
-3.08746337890625,1.05155
-3.12225341796875,1.0516
-2.77923583984375,1.05165
-2.9315185546875,1.0517
-3.1280517578125,1.05175
-3.0462646484375,1.0518
-2.88116455078125,1.05185
-3.15948486328125,1.0519
-2.90252685546875,1.05195
-2.98095703125,1.052
-3.06732177734375,1.0520500000000002
-2.9949951171875,1.0521
-2.92510986328125,1.0521500000000001
-2.8662109375,1.0522
-2.916259765625,1.0522500000000001
-2.98736572265625,1.0523
-3.13812255859375,1.0523500000000001
-2.93731689453125,1.0524
-3.0267333984375,1.05245
-2.78167724609375,1.0525
-3.0377197265625,1.05255
-3.01544189453125,1.0526
-3.24462890625,1.05265
-3.056640625,1.0527
-3.25653076171875,1.05275
-3.49334716796875,1.0528
-3.3465576171875,1.05285
-3.4307861328125,1.0529
-3.83514404296875,1.05295
-3.5491943359375,1.053
-3.6834716796875,1.05305
-3.223876953125,1.0531000000000001
-3.33221435546875,1.05315
-3.85406494140625,1.0532000000000001
-3.5760498046875,1.05325
-3.36700439453125,1.0533000000000001
-3.30352783203125,1.05335
-3.69659423828125,1.0534000000000001
-3.3184814453125,1.05345
-3.2427978515625,1.0535
-3.3123779296875,1.05355
-3.51318359375,1.0536
-3.131103515625,1.05365
-3.4478759765625,1.0537
-3.37005615234375,1.05375
-3.42315673828125,1.0538
-3.29498291015625,1.05385
-3.55621337890625,1.0539
-3.480224609375,1.05395
-3.34197998046875,1.054
-3.6505126953125,1.0540500000000002
-3.602294921875,1.0541
-3.40911865234375,1.0541500000000001
-3.29010009765625,1.0542
-3.04534912109375,1.0542500000000001
-3.3465576171875,1.0543
-3.20526123046875,1.0543500000000001
-3.199462890625,1.0544
-3.143310546875,1.05445
-2.777099609375,1.0545
-2.8765869140625,1.05455
-2.85675048828125,1.0546
-2.9119873046875,1.05465
-2.81158447265625,1.0547
-3.04962158203125,1.05475
-2.85919189453125,1.0548
-2.9656982421875,1.05485
-3.0023193359375,1.0549
-3.1536865234375,1.05495
-2.7239990234375,1.055
-3.0560302734375,1.05505
-2.79632568359375,1.0551000000000001
-2.86590576171875,1.05515
-3.15460205078125,1.0552000000000001
-2.80059814453125,1.05525
-2.8662109375,1.0553000000000001
-2.9815673828125,1.05535
-2.889404296875,1.0554000000000001
-3.3734130859375,1.05545
-3.47991943359375,1.0555
-3.3258056640625,1.05555
-3.345947265625,1.0556
-2.930908203125,1.05565
-3.26263427734375,1.0557
-3.27789306640625,1.05575
-3.22998046875,1.0558
-2.8424072265625,1.05585
-3.116455078125,1.0559
-3.0340576171875,1.05595
-3.01544189453125,1.056
-2.99835205078125,1.0560500000000002
-3.04168701171875,1.0561
-2.64251708984375,1.0561500000000001
-2.73468017578125,1.0562
-2.7197265625,1.0562500000000001
-2.78778076171875,1.0563
-2.88238525390625,1.0563500000000001
-2.6947021484375,1.0564
-2.821044921875,1.0564500000000001
-2.4114990234375,1.0565
-2.69805908203125,1.05655
-2.46185302734375,1.0566
-2.5482177734375,1.05665
-2.69012451171875,1.0567
-2.847900390625,1.05675
-2.40692138671875,1.0568
-2.9254150390625,1.05685
-2.71148681640625,1.0569
-2.96905517578125,1.05695
-2.83447265625,1.057
-2.579345703125,1.05705
-2.75299072265625,1.0571000000000002
-2.747802734375,1.05715
-2.88726806640625,1.0572000000000001
-2.82623291015625,1.05725
-2.99560546875,1.0573000000000001
-2.8759765625,1.05735
-2.9083251953125,1.0574000000000001
-2.9705810546875,1.05745
-2.7777099609375,1.0575
-3.0584716796875,1.05755
-2.8466796875,1.0576
-2.642822265625,1.05765
-2.83660888671875,1.0577
-2.72064208984375,1.05775
-2.72186279296875,1.0578
-2.78656005859375,1.05785
-2.9571533203125,1.0579
-2.752685546875,1.05795
-2.80426025390625,1.058
-2.81036376953125,1.05805
-2.97698974609375,1.0581
-2.738037109375,1.0581500000000001
-2.79022216796875,1.0582
-2.701416015625,1.0582500000000001
-2.5091552734375,1.0583
-2.86041259765625,1.0583500000000001
-3.0224609375,1.0584
-2.62176513671875,1.0584500000000001
-2.694091796875,1.0585
-2.8857421875,1.05855
-3.0126953125,1.0586
-3.16009521484375,1.05865
-2.90008544921875,1.0587
-2.9058837890625,1.05875
-3.0999755859375,1.0588
-3.13812255859375,1.05885
-3.1878662109375,1.0589
-3.529052734375,1.05895
-2.84454345703125,1.059
-3.13385009765625,1.05905
-3.023681640625,1.0591000000000002
-2.98828125,1.05915
-3.0072021484375,1.0592000000000001
-2.998046875,1.05925
-2.8741455078125,1.0593000000000001
-3.10638427734375,1.05935
-2.928466796875,1.0594000000000001
-3.06060791015625,1.05945
-3.04412841796875,1.0595
-3.03741455078125,1.05955
-3.00994873046875,1.0596
-2.76275634765625,1.05965
-2.9119873046875,1.0597
-2.89306640625,1.05975
-2.77862548828125,1.0598
-2.720947265625,1.05985
-2.7734375,1.0599
-2.6123046875,1.05995
-3.12103271484375,1.06
-3.05999755859375,1.06005
-3.07281494140625,1.0601
-2.744140625,1.0601500000000001
-2.8924560546875,1.0602
-2.8387451171875,1.0602500000000001
-3.13446044921875,1.0603
-3.05999755859375,1.0603500000000001
-2.82623291015625,1.0604
-2.9876708984375,1.0604500000000001
-2.94586181640625,1.0605
-2.95684814453125,1.06055
-3.14117431640625,1.0606
-2.71881103515625,1.06065
-3.06915283203125,1.0607
-2.840576171875,1.06075
-2.6934814453125,1.0608
-2.93304443359375,1.06085
-2.8729248046875,1.0609
-2.90924072265625,1.06095
-3.099365234375,1.061
-2.8900146484375,1.06105
-2.73223876953125,1.0611000000000002
-2.87384033203125,1.06115
-3.09539794921875,1.0612000000000001
-3.14788818359375,1.06125
-2.78594970703125,1.0613000000000001
-3.17657470703125,1.06135
-3.216552734375,1.0614000000000001
-3.14178466796875,1.06145
-3.03985595703125,1.0615
-3.37646484375,1.06155
-3.0047607421875,1.0616
-3.18328857421875,1.06165
-3.43231201171875,1.0617
-3.3380126953125,1.06175
-3.39019775390625,1.0618
-3.06915283203125,1.06185
-2.86529541015625,1.0619
-3.09661865234375,1.06195
-3.02947998046875,1.062
-3.12225341796875,1.06205
-3.16680908203125,1.0621
-2.82196044921875,1.0621500000000001
-3.04931640625,1.0622
-2.9388427734375,1.0622500000000001
-2.7130126953125,1.0623
-2.87506103515625,1.0623500000000001
-3.232421875,1.0624
-2.7001953125,1.0624500000000001
-2.9547119140625,1.0625
-3.043212890625,1.06255
-3.12347412109375,1.0626
-2.99102783203125,1.06265
-2.984619140625,1.0627
-2.9840087890625,1.06275
-2.890625,1.0628
-3.19427490234375,1.06285
-3.10028076171875,1.0629
-2.8765869140625,1.06295
-2.86285400390625,1.063
-3.26080322265625,1.06305
-3.0621337890625,1.0631
-3.33892822265625,1.06315
-3.30291748046875,1.0632000000000001
-3.05419921875,1.06325
-3.14208984375,1.0633000000000001
-3.1939697265625,1.06335
-3.12896728515625,1.0634000000000001
-3.3880615234375,1.06345
-3.01971435546875,1.0635000000000001
-3.00811767578125,1.06355
-3.0279541015625,1.0636
-3.072509765625,1.06365
-3.12591552734375,1.0637
-3.12896728515625,1.06375
-3.0963134765625,1.0638
-3.09051513671875,1.06385
-3.05023193359375,1.0639
-2.97698974609375,1.06395
-3.2586669921875,1.064
-3.3026123046875,1.06405
-3.04656982421875,1.0641
-3.0792236328125,1.0641500000000002
-3.08929443359375,1.0642
-3.0877685546875,1.0642500000000001
-3.2000732421875,1.0643
-3.17596435546875,1.0643500000000001
-3.19976806640625,1.0644
-2.88177490234375,1.0644500000000001
-3.12652587890625,1.0645
-3.22601318359375,1.06455
-3.22418212890625,1.0646
-2.8973388671875,1.06465
-3.16925048828125,1.0647
-3.00689697265625,1.06475
-3.31787109375,1.0648
-3.3392333984375,1.06485
-3.2635498046875,1.0649
-3.13812255859375,1.06495
-3.2611083984375,1.065
-3.101806640625,1.06505
-3.2879638671875,1.0651
-3.0615234375,1.06515
-3.36273193359375,1.0652000000000001
-3.17901611328125,1.06525
-3.011474609375,1.0653000000000001
-3.1292724609375,1.06535
-3.193359375,1.0654000000000001
-3.133544921875,1.06545
-3.10516357421875,1.0655000000000001
-3.2452392578125,1.06555
-2.7947998046875,1.0656
-3.1280517578125,1.06565
-3.47991943359375,1.0657
-3.25653076171875,1.06575
-2.96478271484375,1.0658
-3.4051513671875,1.06585
-3.1268310546875,1.0659
-3.18359375,1.06595
-3.07952880859375,1.066
-2.97149658203125,1.06605
-2.9949951171875,1.0661
-2.98187255859375,1.0661500000000002
-3.12103271484375,1.0662
-2.9962158203125,1.0662500000000001
-3.11370849609375,1.0663
-3.09112548828125,1.0663500000000001
-3.0572509765625,1.0664
-2.9730224609375,1.0664500000000001
-3.16864013671875,1.0665
-3.40362548828125,1.06655
-3.2427978515625,1.0666
-3.20892333984375,1.06665
-3.19793701171875,1.0667
-3.19854736328125,1.06675
-2.8924560546875,1.0668
-3.16986083984375,1.06685
-3.22601318359375,1.0669
-3.08685302734375,1.06695
-2.8955078125,1.067
-2.87078857421875,1.06705
-3.065185546875,1.0671
-3.1689453125,1.06715
-3.08563232421875,1.0672000000000001
-2.9901123046875,1.06725
-2.8436279296875,1.0673000000000001
-3.33984375,1.06735
-3.23638916015625,1.0674000000000001
-2.89276123046875,1.06745
-3.10455322265625,1.0675000000000001
-3.19061279296875,1.06755
-2.90008544921875,1.0676
-3.29742431640625,1.06765
-3.0157470703125,1.0677
-3.01971435546875,1.06775
-3.05511474609375,1.0678
-3.00079345703125,1.06785
-3.24493408203125,1.0679
-3.32855224609375,1.06795
-3.193359375,1.068
-3.3648681640625,1.06805
-2.92877197265625,1.0681
-3.173828125,1.0681500000000002
-3.18450927734375,1.0682
-3.12530517578125,1.0682500000000001
-3.1036376953125,1.0683
-3.20037841796875,1.0683500000000001
-2.96295166015625,1.0684
-2.8106689453125,1.0684500000000001
-3.02734375,1.0685
-3.05633544921875,1.06855
-2.99346923828125,1.0686
-2.867431640625,1.06865
-2.9736328125,1.0687
-2.930908203125,1.06875
-3.23211669921875,1.0688
-3.06060791015625,1.06885
-3.17352294921875,1.0689
-2.70355224609375,1.06895
-3.12591552734375,1.069
-3.1085205078125,1.06905
-2.99285888671875,1.0691
-2.9266357421875,1.06915
-3.00506591796875,1.0692000000000002
-2.71240234375,1.06925
-3.09967041015625,1.0693000000000001
-3.10333251953125,1.06935
-3.13140869140625,1.0694000000000001
-3.23577880859375,1.06945
-3.0889892578125,1.0695000000000001
-3.07525634765625,1.06955
-3.0108642578125,1.0696
-2.90374755859375,1.06965
-3.24127197265625,1.0697
-3.23760986328125,1.06975
-3.0963134765625,1.0698
-3.33282470703125,1.06985
-3.03070068359375,1.0699
-3.1732177734375,1.06995
-3.2135009765625,1.07
-3.277587890625,1.07005
-2.76947021484375,1.0701
-2.79754638671875,1.07015
-3.3453369140625,1.0702
-3.28704833984375,1.0702500000000001
-2.8790283203125,1.0703
-3.10028076171875,1.0703500000000001
-3.21502685546875,1.0704
-2.93365478515625,1.0704500000000001
-3.15887451171875,1.0705
-3.10638427734375,1.0705500000000001
-2.8564453125,1.0706
-2.88238525390625,1.07065
-3.23486328125,1.0707
-2.94921875,1.07075
-3.3203125,1.0708
-3.28857421875,1.07085
-2.996826171875,1.0709
-3.167724609375,1.07095
-3.1219482421875,1.071
-3.3831787109375,1.07105
-3.575439453125,1.0711
-3.2647705078125,1.07115
-3.43505859375,1.0712000000000002
-3.2391357421875,1.07125
-3.18084716796875,1.0713000000000001
-3.3917236328125,1.07135
-3.33251953125,1.0714000000000001
-3.30902099609375,1.07145
-3.203125,1.0715000000000001
-2.99407958984375,1.07155
-3.11065673828125,1.0716
-3.411865234375,1.07165
-3.10150146484375,1.0717
-3.2513427734375,1.07175
-3.06793212890625,1.0718
-3.41583251953125,1.07185
-3.40087890625,1.0719
-3.3367919921875,1.07195
-3.0206298828125,1.072
-3.3306884765625,1.07205
-2.82562255859375,1.0721
-3.275146484375,1.07215
-3.06365966796875,1.0722
-3.1689453125,1.0722500000000001
-3.00506591796875,1.0723
-3.11920166015625,1.0723500000000001
-2.939453125,1.0724
-3.20037841796875,1.0724500000000001
-3.20831298828125,1.0725
-3.12286376953125,1.0725500000000001
-3.15582275390625,1.0726
-3.21044921875,1.07265
-3.245849609375,1.0727
-3.22479248046875,1.07275
-2.9632568359375,1.0728
-3.133544921875,1.07285
-3.26446533203125,1.0729
-2.6129150390625,1.07295
-2.94342041015625,1.073
-2.8253173828125,1.07305
-2.77496337890625,1.0731
-2.99285888671875,1.07315
-3.170166015625,1.0732000000000002
-2.720947265625,1.07325
-3.16650390625,1.0733000000000001
-3.2794189453125,1.07335
-3.2293701171875,1.0734000000000001
-3.00018310546875,1.07345
-3.0181884765625,1.0735000000000001
-3.22509765625,1.07355
-2.92083740234375,1.0736
-2.93548583984375,1.07365
-3.275146484375,1.0737
-3.0322265625,1.07375
-3.07373046875,1.0738
-3.22296142578125,1.07385
-3.2781982421875,1.0739
-3.30078125,1.07395
-3.388671875,1.074
-3.13720703125,1.07405
-3.34197998046875,1.0741
-3.17474365234375,1.07415
-3.34014892578125,1.0742
-3.6590576171875,1.0742500000000001
-3.39141845703125,1.0743
-3.1817626953125,1.0743500000000001
-3.10577392578125,1.0744
-3.14697265625,1.0744500000000001
-3.31268310546875,1.0745
-3.2415771484375,1.0745500000000001
-2.74169921875,1.0746
-2.9339599609375,1.07465
-3.00811767578125,1.0747
-2.81341552734375,1.07475
-2.916259765625,1.0748
-2.81402587890625,1.07485
-3.160400390625,1.0749
-2.9638671875,1.07495
-2.99285888671875,1.075
-2.98675537109375,1.07505
-2.90069580078125,1.0751
-2.92724609375,1.07515
-3.26446533203125,1.0752
-2.94677734375,1.07525
-3.11065673828125,1.0753
-3.16314697265625,1.07535
-3.1793212890625,1.0754
-2.81280517578125,1.07545
-3.03009033203125,1.0755
-2.89459228515625,1.07555
-3.12713623046875,1.0756
-3.062744140625,1.07565
-2.99468994140625,1.0756999999999999
-3.11492919921875,1.07575
-3.08074951171875,1.0758
-3.11614990234375,1.07585
-3.21136474609375,1.0759
-2.96112060546875,1.07595
-3.111572265625,1.076
-3.08197021484375,1.07605
-2.77252197265625,1.0761
-3.03253173828125,1.07615
-2.9833984375,1.0762
-2.783203125,1.07625
-2.81494140625,1.0763
-3.193359375,1.07635
-2.7667236328125,1.0764
-2.89947509765625,1.07645
-3.006591796875,1.0765
-3.160400390625,1.07655
-2.7490234375,1.0766
-3.03314208984375,1.0766499999999999
-3.0706787109375,1.0767
-3.0072021484375,1.0767499999999999
-3.052978515625,1.0768
-3.0291748046875,1.07685
-2.9559326171875,1.0769
-2.65777587890625,1.07695
-2.85430908203125,1.077
-3.040771484375,1.07705
-2.97943115234375,1.0771
-2.98828125,1.07715
-2.76336669921875,1.0772
-2.9083251953125,1.07725
-3.204345703125,1.0773
-3.20220947265625,1.07735
-3.4661865234375,1.0774
-2.94158935546875,1.07745
-3.09295654296875,1.0775
-3.04931640625,1.07755
-3.29254150390625,1.0776
-3.311767578125,1.07765
-3.35906982421875,1.0776999999999999
-3.240966796875,1.07775
-3.38714599609375,1.0778
-3.61083984375,1.07785
-3.602294921875,1.0779
-3.58306884765625,1.07795
-3.71368408203125,1.078
-3.802490234375,1.07805
-3.59649658203125,1.0781
-4.03900146484375,1.07815
-3.8726806640625,1.0782
-3.98101806640625,1.07825
-4.03167724609375,1.0783
-3.89190673828125,1.07835
-3.69598388671875,1.0784
-4.07928466796875,1.07845
-3.9141845703125,1.0785
-3.8629150390625,1.07855
-3.7274169921875,1.0786
-3.63067626953125,1.0786499999999999
-3.3001708984375,1.0787
-3.51776123046875,1.0787499999999999
-3.516845703125,1.0788
-3.33404541015625,1.07885
-3.13232421875,1.0789
-2.938232421875,1.07895
-3.22235107421875,1.079
-3.17718505859375,1.07905
-2.6788330078125,1.0791
-2.83782958984375,1.07915
-2.9266357421875,1.0792
-2.6177978515625,1.07925
-2.789306640625,1.0793
-2.60955810546875,1.07935
-2.73468017578125,1.0794
-2.53753662109375,1.07945
-2.6300048828125,1.0795
-2.3895263671875,1.07955
-2.60498046875,1.0796
-2.87139892578125,1.07965
-2.96478271484375,1.0796999999999999
-2.6177978515625,1.07975
-2.9376220703125,1.0798
-3.32275390625,1.07985
-3.4381103515625,1.0799
-3.4625244140625,1.07995
-3.45794677734375,1.08
-3.22296142578125,1.08005
-3.2958984375,1.0801
-3.42926025390625,1.08015
-3.5516357421875,1.0802
-3.40911865234375,1.08025
-3.2232666015625,1.0803
-3.37493896484375,1.08035
-3.2293701171875,1.0804
-3.314208984375,1.08045
-3.21624755859375,1.0805
-3.1964111328125,1.08055
-2.90771484375,1.0806
-3.1683349609375,1.0806499999999999
-2.96905517578125,1.0807
-3.04962158203125,1.0807499999999999
-3.11431884765625,1.0808
-3.14666748046875,1.08085
-2.877197265625,1.0809
-2.75054931640625,1.08095
-3.035888671875,1.081
-2.85125732421875,1.08105
-2.891845703125,1.0811
-2.68402099609375,1.08115
-2.9693603515625,1.0812
-2.6727294921875,1.08125
-2.98828125,1.0813
-3.0584716796875,1.08135
-2.93914794921875,1.0814
-2.86163330078125,1.08145
-2.95867919921875,1.0815
-2.991943359375,1.08155
-3.24371337890625,1.0816
-3.050537109375,1.08165
-3.05877685546875,1.0816999999999999
-3.08868408203125,1.08175
-3.22998046875,1.0817999999999999
-3.2733154296875,1.08185
-3.67218017578125,1.0819
-3.17840576171875,1.08195
-3.42193603515625,1.082
-3.13690185546875,1.08205
-3.1707763671875,1.0821
-3.27667236328125,1.08215
-3.118896484375,1.0822
-3.0841064453125,1.08225
-3.24859619140625,1.0823
-3.1671142578125,1.08235
-3.0584716796875,1.0824
-3.1781005859375,1.08245
-3.2720947265625,1.0825
-3.39508056640625,1.08255
-2.96905517578125,1.0826
-3.360595703125,1.08265
-3.39141845703125,1.0827
-3.48297119140625,1.0827499999999999
-3.326416015625,1.0828
-3.50494384765625,1.08285
-3.031005859375,1.0829
-3.28216552734375,1.08295
-3.651123046875,1.083
-3.46405029296875,1.08305
-3.32489013671875,1.0831
-3.29742431640625,1.08315
-3.03985595703125,1.0832
-3.363037109375,1.08325
-3.3428955078125,1.0833
-3.32977294921875,1.08335
-3.48236083984375,1.0834
-3.0731201171875,1.08345
-3.54339599609375,1.0835
-3.38043212890625,1.08355
-3.09661865234375,1.0836
-3.30322265625,1.08365
-3.56658935546875,1.0836999999999999
-3.037109375,1.08375
-3.262939453125,1.0837999999999999
-3.40667724609375,1.08385
-3.3209228515625,1.0839
-3.411865234375,1.08395
-3.37554931640625,1.084
-3.22021484375,1.08405
-3.304443359375,1.0841
-3.421630859375,1.08415
-3.32305908203125,1.0842
-3.18206787109375,1.08425
-2.88177490234375,1.0843
-3.5113525390625,1.08435
-3.309326171875,1.0844
-3.41217041015625,1.08445
-3.32122802734375,1.0845
-3.1402587890625,1.08455
-3.12042236328125,1.0846
-3.57086181640625,1.08465
-3.3843994140625,1.0847
-3.4918212890625,1.0847499999999999
-3.10577392578125,1.0848
-3.1317138671875,1.08485
-3.21624755859375,1.0849
-3.2244873046875,1.08495
-3.04046630859375,1.085
-3.27545166015625,1.08505
-3.11370849609375,1.0851
-3.14239501953125,1.08515
-3.055419921875,1.0852
-3.11126708984375,1.08525
-3.1549072265625,1.0853
-3.46954345703125,1.08535
-2.96539306640625,1.0854
-3.05877685546875,1.08545
-3.1781005859375,1.0855
-2.98065185546875,1.08555
-3.43902587890625,1.0856
-3.13232421875,1.08565
-3.05633544921875,1.0856999999999999
-3.0694580078125,1.08575
-3.02520751953125,1.0857999999999999
-2.9718017578125,1.08585
-3.14117431640625,1.0859
-2.68890380859375,1.08595
-2.88330078125,1.086
-2.64862060546875,1.08605
-2.8436279296875,1.0861
-3.04473876953125,1.08615
-3.0718994140625,1.0862
-2.76824951171875,1.08625
-3.02490234375,1.0863
-2.8240966796875,1.08635
-3.1787109375,1.0864
-2.9296875,1.08645
-3.18511962890625,1.0865
-3.10302734375,1.08655
-2.94219970703125,1.0866
-3.043212890625,1.08665
-3.0181884765625,1.0867
-2.97882080078125,1.0867499999999999
-2.919921875,1.0868
-3.06060791015625,1.08685
-2.6654052734375,1.0869
-2.85064697265625,1.08695
-3.0078125,1.087
-2.9486083984375,1.08705
-2.77191162109375,1.0871
-3.07159423828125,1.08715
-2.9046630859375,1.0872
-3.1207275390625,1.08725
-3.271484375,1.0873
-3.0682373046875,1.08735
-3.04443359375,1.0874
-2.7862548828125,1.08745
-3.23394775390625,1.0875
-3.06182861328125,1.08755
-3.04107666015625,1.0876
-2.933349609375,1.08765
-2.9376220703125,1.0877
-2.80548095703125,1.08775
-2.98248291015625,1.0877999999999999
-2.94219970703125,1.08785
-3.116455078125,1.0879
-2.808837890625,1.08795
-2.99346923828125,1.088
-3.106689453125,1.08805
-3.0816650390625,1.0881
-3.06365966796875,1.08815
-3.2049560546875,1.0882
-3.32305908203125,1.08825
-3.01849365234375,1.0883
-2.9193115234375,1.08835
-3.06915283203125,1.0884
-3.23974609375,1.08845
-3.2147216796875,1.0885
-2.852783203125,1.08855
-2.8765869140625,1.0886
-3.19610595703125,1.08865
-2.93701171875,1.0887
-3.0438232421875,1.0887499999999999
-2.9766845703125,1.0888
-3.21807861328125,1.0888499999999999
-3.00872802734375,1.0889
-3.34625244140625,1.08895
-3.03466796875,1.089
-3.258056640625,1.08905
-3.10943603515625,1.0891
-3.431396484375,1.08915
-3.1866455078125,1.0892
-3.37738037109375,1.08925
-3.5089111328125,1.0893
-3.40057373046875,1.08935
-3.3819580078125,1.0894
-3.30291748046875,1.08945
-3.0035400390625,1.0895
-3.34503173828125,1.08955
-3.228759765625,1.0896
-3.35296630859375,1.08965
-3.11676025390625,1.0897
-3.01116943359375,1.08975
-3.33343505859375,1.0897999999999999
-3.453369140625,1.08985
-3.1951904296875,1.0899
-3.17840576171875,1.08995
-3.3660888671875,1.09
-3.04534912109375,1.09005
-3.316650390625,1.0901
-3.3319091796875,1.09015
-3.1915283203125,1.0902
-2.978515625,1.09025
-3.26934814453125,1.0903
-2.82196044921875,1.09035
-3.0340576171875,1.0904
-3.00079345703125,1.09045
-3.0291748046875,1.0905
-2.9443359375,1.09055
-3.0804443359375,1.0906
-3.07098388671875,1.09065
-3.187255859375,1.0907
-3.13934326171875,1.0907499999999999
-3.06915283203125,1.0908
-2.8509521484375,1.0908499999999999
-2.896728515625,1.0909
-2.93701171875,1.09095
-2.9986572265625,1.091
-3.182373046875,1.09105
-2.90252685546875,1.0911
-2.83782958984375,1.09115
-3.00933837890625,1.0912
-3.126220703125,1.09125
-3.07403564453125,1.0913
-3.0908203125,1.09135
-2.8472900390625,1.0914
-2.87506103515625,1.09145
-3.082275390625,1.0915
-3.0615234375,1.09155
-3.056640625,1.0916
-2.982177734375,1.09165
-2.85247802734375,1.0917
-2.80364990234375,1.09175
-2.98828125,1.0917999999999999
-3.013916015625,1.09185
-2.9034423828125,1.0919
-2.87261962890625,1.09195
-2.94677734375,1.092
-2.92327880859375,1.09205
-3.309326171875,1.0921
-2.969970703125,1.09215
-3.03985595703125,1.0922
-3.08502197265625,1.09225
-3.01849365234375,1.0923
-2.991943359375,1.09235
-3.17169189453125,1.0924
-2.9962158203125,1.09245
-3.03497314453125,1.0925
-3.2366943359375,1.09255
-2.88360595703125,1.0926
-2.9266357421875,1.09265
-3.20404052734375,1.0927
-2.93121337890625,1.0927499999999999
-3.11309814453125,1.0928
-2.6177978515625,1.0928499999999999
-2.825927734375,1.0929
-3.282470703125,1.09295
-3.22296142578125,1.093
-2.713623046875,1.09305
-2.88421630859375,1.0931
-3.2293701171875,1.09315
-3.1182861328125,1.0932
-3.0438232421875,1.09325
-2.84027099609375,1.0933
-2.91046142578125,1.09335
-2.69073486328125,1.0934
-2.77313232421875,1.09345
-2.65899658203125,1.0935
-2.884521484375,1.09355
-2.7728271484375,1.0936
-2.92266845703125,1.09365
-2.67242431640625,1.0937
-2.72247314453125,1.09375
-2.88360595703125,1.0937999999999999
-3.05938720703125,1.09385
-2.93487548828125,1.0938999999999999
-3.02001953125,1.09395
-2.7056884765625,1.094
-2.89031982421875,1.09405
-2.7716064453125,1.0941
-2.943115234375,1.09415
-2.8387451171875,1.0942
-2.4542236328125,1.09425
-2.70782470703125,1.0943
-2.4639892578125,1.09435
-2.69805908203125,1.0944
-2.5262451171875,1.09445
-2.71026611328125,1.0945
-2.55859375,1.09455
-2.68035888671875,1.0946
-2.7569580078125,1.09465
-2.94708251953125,1.0947
-2.647705078125,1.09475
-2.828369140625,1.0948
-2.91259765625,1.0948499999999999
-2.630615234375,1.0949
-2.945556640625,1.09495
-2.646484375,1.095
-2.8656005859375,1.09505
-2.6470947265625,1.0951
-2.802734375,1.09515
-3.0255126953125,1.0952
-3.06732177734375,1.09525
-2.99224853515625,1.0953
-2.99774169921875,1.09535
-2.8509521484375,1.0954
-2.989501953125,1.09545
-2.94281005859375,1.0955
-3.09814453125,1.09555
-3.062744140625,1.0956
-3.050537109375,1.09565
-3.143310546875,1.0957
-3.03802490234375,1.09575
-3.289794921875,1.0957999999999999
-3.2342529296875,1.09585
-2.85247802734375,1.0958999999999999
-3.165283203125,1.09595
-2.99468994140625,1.096
-3.0682373046875,1.09605
-3.3502197265625,1.0961
-3.1884765625,1.09615
-3.232421875,1.0962
-3.1317138671875,1.09625
-3.2647705078125,1.0963
-3.21380615234375,1.09635
-3.19366455078125,1.0964
-3.284912109375,1.09645
-3.4039306640625,1.0965
-2.86590576171875,1.09655
-3.4088134765625,1.0966
-3.33099365234375,1.09665
-3.5052490234375,1.0967
-3.060302734375,1.09675
-3.326416015625,1.0968
-2.85888671875,1.0968499999999999
-2.99591064453125,1.0969
-3.070068359375,1.09695
-2.9522705078125,1.097
-3.19580078125,1.09705
-2.8802490234375,1.0971
-2.68798828125,1.09715
-3.1121826171875,1.0972
-3.011474609375,1.09725
-3.031005859375,1.0973
-3.204345703125,1.09735
-2.744140625,1.0974
-3.1524658203125,1.09745
-2.98431396484375,1.0975
-2.89306640625,1.09755
-2.85491943359375,1.0976
-3.2110595703125,1.09765
-2.774658203125,1.0977
-3.02154541015625,1.09775
-3.00262451171875,1.0977999999999999
-3.1524658203125,1.09785
-2.97943115234375,1.0978999999999999
-2.96905517578125,1.09795
-2.89276123046875,1.098
-2.89703369140625,1.09805
-3.050537109375,1.0981
-2.97454833984375,1.09815
-2.96539306640625,1.0982
-2.75360107421875,1.09825
-2.9852294921875,1.0983
-3.13201904296875,1.09835
-3.291015625,1.0984
-3.304443359375,1.09845
-2.9736328125,1.0985
-3.2470703125,1.09855
-3.20648193359375,1.0986
-3.00537109375,1.09865
-3.3599853515625,1.0987
-3.1854248046875,1.09875
-3.21044921875,1.0988
-3.1903076171875,1.0988499999999999
-3.25897216796875,1.0989
-3.35723876953125,1.09895
-3.33343505859375,1.099
-3.18206787109375,1.09905
-3.34320068359375,1.0991
-3.36700439453125,1.09915
-3.33648681640625,1.0992
-3.3892822265625,1.09925
-3.5723876953125,1.0993
-3.057861328125,1.09935
-3.27117919921875,1.0994
-3.2635498046875,1.09945
-2.8826904296875,1.0995
-3.10821533203125,1.09955
-3.20281982421875,1.0996
-2.8839111328125,1.09965
-3.1158447265625,1.0997
-3.0670166015625,1.09975
-3.1866455078125,1.0997999999999999
-3.1341552734375,1.09985
-2.98980712890625,1.0998999999999999
-3.016357421875,1.09995
-2.77587890625,1.1
-3.0389404296875,1.1000500000000002
-3.12744140625,1.1001
-3.1048583984375,1.1001500000000002
-3.0560302734375,1.1002
-3.0078125,1.1002500000000002
-2.95379638671875,1.1003
-3.33404541015625,1.1003500000000002
-2.95806884765625,1.1004
-3.2049560546875,1.1004500000000002
-2.99560546875,1.1005
-2.9388427734375,1.1005500000000001
-3.155517578125,1.1006
-2.9559326171875,1.1006500000000001
-3.1610107421875,1.1007
-2.8668212890625,1.1007500000000001
-3.2110595703125,1.1008
-2.6470947265625,1.10085
-2.7117919921875,1.1009
-2.98675537109375,1.10095
-2.9949951171875,1.101
-2.735595703125,1.10105
-3.05023193359375,1.1011000000000002
-2.73223876953125,1.10115
-2.938232421875,1.1012000000000002
-3.25531005859375,1.10125
-3.06396484375,1.1013000000000002
-3.07861328125,1.10135
-2.9150390625,1.1014000000000002
-3.096923828125,1.10145
-3.16650390625,1.1015000000000001
-3.4967041015625,1.10155
-3.42559814453125,1.1016000000000001
-3.05206298828125,1.10165
-3.48419189453125,1.1017000000000001
-3.80462646484375,1.10175
-3.5577392578125,1.1018000000000001
-3.74481201171875,1.10185
-3.57513427734375,1.1019
-3.6688232421875,1.10195
-3.58551025390625,1.102
-3.75946044921875,1.1020500000000002
-3.7579345703125,1.1021
-3.59832763671875,1.1021500000000002
-3.80218505859375,1.1022
-3.8250732421875,1.1022500000000002
-3.54461669921875,1.1023
-3.55194091796875,1.1023500000000002
-3.58184814453125,1.1024
-3.71826171875,1.1024500000000002
-3.310546875,1.1025
-3.2891845703125,1.1025500000000001
-3.60931396484375,1.1026
-3.2598876953125,1.1026500000000001
-3.40911865234375,1.1027
-3.6041259765625,1.1027500000000001
-3.21319580078125,1.1028
-3.309326171875,1.10285
-3.71063232421875,1.1029
-3.49945068359375,1.10295
-3.44329833984375,1.103
-3.32550048828125,1.10305
-3.3978271484375,1.1031000000000002
-3.056640625,1.10315
-3.27789306640625,1.1032000000000002
-3.2080078125,1.10325
-3.18450927734375,1.1033000000000002
-2.8497314453125,1.10335
-2.78350830078125,1.1034000000000002
-2.8436279296875,1.10345
-2.85919189453125,1.1035000000000001
-2.7239990234375,1.10355
-2.85369873046875,1.1036000000000001
-2.9156494140625,1.10365
-2.88787841796875,1.1037000000000001
-3.11065673828125,1.10375
-3.1988525390625,1.1038000000000001
-3.3837890625,1.10385
-3.05419921875,1.1039
-3.4344482421875,1.10395
-2.96356201171875,1.104
-3.148193359375,1.1040500000000002
-3.31085205078125,1.1041
-3.3062744140625,1.1041500000000002
-2.9150390625,1.1042
-3.326416015625,1.1042500000000002
-3.16009521484375,1.1043
-3.42926025390625,1.1043500000000002
-3.499755859375,1.1044
-3.14697265625,1.1044500000000002
-3.09478759765625,1.1045
-3.37921142578125,1.1045500000000001
-3.3355712890625,1.1046
-3.6376953125,1.1046500000000001
-3.55743408203125,1.1047
-3.289794921875,1.1047500000000001
-2.94342041015625,1.1048
-3.06396484375,1.10485
-3.1011962890625,1.1049
-3.0670166015625,1.10495
-2.861328125,1.105
-2.7032470703125,1.10505
-2.84454345703125,1.1051000000000002
-2.62176513671875,1.10515
-2.6373291015625,1.1052000000000002
-2.6947021484375,1.10525
-2.91717529296875,1.1053000000000002
-2.64434814453125,1.10535
-2.816162109375,1.1054000000000002
-2.7459716796875,1.10545
-2.85308837890625,1.1055000000000001
-2.93670654296875,1.10555
-2.94677734375,1.1056000000000001
-2.83905029296875,1.10565
-2.7166748046875,1.1057000000000001
-3.01239013671875,1.10575
-2.98248291015625,1.1058000000000001
-2.83447265625,1.10585
-2.969970703125,1.1059
-2.71240234375,1.10595
-2.6519775390625,1.106
-3.1842041015625,1.1060500000000002
-2.87261962890625,1.1061
-2.872314453125,1.1061500000000002
-2.95257568359375,1.1062
-3.07708740234375,1.1062500000000002
-3.0047607421875,1.1063
-3.30718994140625,1.1063500000000002
-3.1158447265625,1.1064
-3.20037841796875,1.1064500000000002
-2.8814697265625,1.1065
-3.118896484375,1.1065500000000001
-3.08837890625,1.1066
-2.8570556640625,1.1066500000000001
-2.90618896484375,1.1067
-3.1243896484375,1.1067500000000001
-2.93182373046875,1.1068
-2.821044921875,1.1068500000000001
-3.04046630859375,1.1069
-3.17718505859375,1.10695
-2.9803466796875,1.107
-2.7996826171875,1.10705
-3.1024169921875,1.1071000000000002
-3.050537109375,1.10715
-3.2073974609375,1.1072000000000002
-3.13873291015625,1.10725
-3.07403564453125,1.1073000000000002
-2.6800537109375,1.10735
-3.05511474609375,1.1074000000000002
-3.04107666015625,1.10745
-3.22601318359375,1.1075000000000002
-3.06365966796875,1.10755
-2.95745849609375,1.1076000000000001
-2.623291015625,1.10765
-3.15704345703125,1.1077000000000001
-3.0865478515625,1.10775
-3.2635498046875,1.1078000000000001
-3.21441650390625,1.10785
-3.089599609375,1.1079
-3.00750732421875,1.10795
-3.16314697265625,1.108
-2.98187255859375,1.10805
-3.16864013671875,1.1081
-3.0535888671875,1.1081500000000002
-3.14422607421875,1.1082
-3.26202392578125,1.1082500000000002
-3.17138671875,1.1083
-3.13568115234375,1.1083500000000002
-3.184814453125,1.1084
-3.21533203125,1.1084500000000002
-2.81524658203125,1.1085
-3.03924560546875,1.1085500000000001
-3.0523681640625,1.1086
-3.0133056640625,1.1086500000000001
-2.84576416015625,1.1087
-2.8369140625,1.1087500000000001
-3.05908203125,1.1088
-2.83416748046875,1.1088500000000001
-3.0462646484375,1.1089
-2.92999267578125,1.10895
-2.76153564453125,1.109
-2.92938232421875,1.10905
-2.835693359375,1.1091000000000002
-2.838134765625,1.10915
-3.3203125,1.1092000000000002
-3.0224609375,1.10925
-2.63824462890625,1.1093000000000002
-2.96722412109375,1.10935
-2.99835205078125,1.1094000000000002
-2.8546142578125,1.10945
-3.06304931640625,1.1095000000000002
-2.97576904296875,1.10955
-2.9425048828125,1.1096000000000001
-2.81951904296875,1.10965
-2.8131103515625,1.1097000000000001
-2.93548583984375,1.10975
-3.16009521484375,1.1098000000000001
-2.8765869140625,1.10985
-3.1231689453125,1.1099
-2.87689208984375,1.10995
-2.97882080078125,1.11
-3.32763671875,1.11005
-3.25958251953125,1.1101
-3.05389404296875,1.1101500000000002
-3.11248779296875,1.1102
-3.16070556640625,1.1102500000000002
-3.201904296875,1.1103
-3.24188232421875,1.1103500000000002
-3.08319091796875,1.1104
-3.0120849609375,1.1104500000000002
-2.7703857421875,1.1105
-3.24249267578125,1.1105500000000001
-3.028564453125,1.1106
-2.99224853515625,1.1106500000000001
-2.81829833984375,1.1107
-3.09967041015625,1.1107500000000001
-2.81280517578125,1.1108
-3.21624755859375,1.1108500000000001
-3.00445556640625,1.1109
-3.1402587890625,1.11095
-3.084716796875,1.111
-3.22784423828125,1.11105
-3.02520751953125,1.1111000000000002
-3.01239013671875,1.11115
-2.908935546875,1.1112000000000002
-2.97698974609375,1.11125
-3.12744140625,1.1113000000000002
-2.42156982421875,1.11135
-2.7996826171875,1.1114000000000002
-3.19000244140625,1.11145
-2.833251953125,1.1115000000000002
-2.88177490234375,1.11155
-3.03741455078125,1.1116000000000001
-2.9315185546875,1.11165
-3.2952880859375,1.1117000000000001
-3.291015625,1.11175
-3.1298828125,1.1118000000000001
-2.939453125,1.11185
-2.97271728515625,1.1119
-3.13201904296875,1.11195
-3.18572998046875,1.112
-3.03070068359375,1.11205
-3.062744140625,1.1121
-2.740478515625,1.1121500000000002
-3.06304931640625,1.1122
-2.85491943359375,1.1122500000000002
-2.80731201171875,1.1123
-3.0560302734375,1.1123500000000002
-3.0682373046875,1.1124
-2.84881591796875,1.1124500000000002
-3.0438232421875,1.1125
-2.98553466796875,1.1125500000000001
-2.872314453125,1.1126
-3.08990478515625,1.1126500000000001
-3.341064453125,1.1127
-2.991943359375,1.1127500000000001
-2.877197265625,1.1128
-3.14178466796875,1.1128500000000001
-3.44970703125,1.1129
-3.38714599609375,1.11295
-3.01055908203125,1.113
-3.271484375,1.11305
-3.25836181640625,1.1131000000000002
-3.231201171875,1.11315
-3.36395263671875,1.1132000000000002
-3.42315673828125,1.11325
-3.32000732421875,1.1133000000000002
-3.330078125,1.11335
-3.3984375,1.1134000000000002
-3.22021484375,1.11345
-3.4161376953125,1.1135000000000002
-3.30169677734375,1.11355
-3.3428955078125,1.1136000000000001
-3.2061767578125,1.11365
-3.5614013671875,1.1137000000000001
-3.43841552734375,1.11375
-3.12774658203125,1.1138000000000001
-3.2818603515625,1.11385
-3.310546875,1.1139000000000001
-2.89031982421875,1.11395
-3.19671630859375,1.114
-3.150634765625,1.11405
-3.2879638671875,1.1141
-3.0963134765625,1.1141500000000002
-3.02459716796875,1.1142
-2.95196533203125,1.1142500000000002
-3.20770263671875,1.1143
-3.0401611328125,1.1143500000000002
-3.135986328125,1.1144
-3.1549072265625,1.1144500000000002
-2.98797607421875,1.1145
-3.3270263671875,1.1145500000000002
-3.43536376953125,1.1146
-3.2305908203125,1.1146500000000001
-3.1048583984375,1.1147
-3.29864501953125,1.1147500000000001
-2.86163330078125,1.1148
-3.3935546875,1.1148500000000001
-3.18878173828125,1.1149
-3.199462890625,1.11495
-2.9949951171875,1.115
-3.2135009765625,1.11505
-3.02337646484375,1.1151
-3.277587890625,1.11515
-3.1536865234375,1.1152000000000002
-3.18603515625,1.11525
-2.950439453125,1.1153000000000002
-3.1903076171875,1.11535
-2.908935546875,1.1154000000000002
-3.06427001953125,1.11545
-3.2940673828125,1.1155000000000002
-3.41522216796875,1.11555
-2.96295166015625,1.1156000000000001
-3.0120849609375,1.11565
-3.3203125,1.1157000000000001
-3.05938720703125,1.11575
-3.1365966796875,1.1158000000000001
-2.92724609375,1.11585
-2.7728271484375,1.1159000000000001
-2.97760009765625,1.11595
-2.83172607421875,1.116
-2.9022216796875,1.11605
-2.96417236328125,1.1161
-2.9345703125,1.1161500000000002
-3.00750732421875,1.1162
-2.87109375,1.1162500000000002
-2.95318603515625,1.1163
-2.999267578125,1.1163500000000002
-3.1390380859375,1.1164
-2.823486328125,1.1164500000000002
-3.016357421875,1.1165
-3.104248046875,1.1165500000000002
-3.123779296875,1.1166
-3.111572265625,1.1166500000000001
-3.23333740234375,1.1167
-2.78533935546875,1.1167500000000001
-2.7813720703125,1.1168
-3.21929931640625,1.1168500000000001
-2.9766845703125,1.1169
-2.9095458984375,1.11695
-3.11737060546875,1.117
-3.0035400390625,1.11705
-2.79876708984375,1.1171
-3.0938720703125,1.11715
-2.91046142578125,1.1172000000000002
-3.1085205078125,1.11725
-2.55950927734375,1.1173000000000002
-2.8448486328125,1.11735
-2.99285888671875,1.1174000000000002
-3.0859375,1.11745
-2.70263671875,1.1175000000000002
-2.9205322265625,1.11755
-3.0755615234375,1.1176000000000001
-2.984619140625,1.11765
-3.09906005859375,1.1177000000000001
-3.10760498046875,1.11775
-3.115234375,1.1178000000000001
-2.89886474609375,1.11785
-2.92327880859375,1.1179000000000001
-2.637939453125,1.11795
-3.00872802734375,1.118
-2.84759521484375,1.11805
-2.92327880859375,1.1181
-2.65594482421875,1.11815
-2.720947265625,1.1182
-2.84454345703125,1.1182500000000002
-3.08746337890625,1.1183
-3.0657958984375,1.1183500000000002
-3.07037353515625,1.1184
-2.65472412109375,1.1184500000000002
-3.14239501953125,1.1185
-2.86529541015625,1.1185500000000002
-3.1072998046875,1.1186
-3.1842041015625,1.1186500000000001
-2.982177734375,1.1187
-2.75390625,1.1187500000000001
-2.7008056640625,1.1188
-3.12225341796875,1.1188500000000001
-2.82196044921875,1.1189
-2.92327880859375,1.1189500000000001
-2.82745361328125,1.119
-2.9302978515625,1.11905
-3.02825927734375,1.1191
-3.04534912109375,1.11915
-2.9779052734375,1.1192000000000002
-3.1817626953125,1.11925
-3.06915283203125,1.1193000000000002
-3.2025146484375,1.11935
-3.118896484375,1.1194000000000002
-3.2080078125,1.11945
-3.22113037109375,1.1195000000000002
-3.3428955078125,1.11955
-3.0560302734375,1.1196000000000002
-3.11798095703125,1.11965
-3.14605712890625,1.1197000000000001
-3.2958984375,1.11975
-2.9840087890625,1.1198000000000001
-3.09173583984375,1.11985
-2.90374755859375,1.1199000000000001
-2.833251953125,1.11995
-3.36029052734375,1.12
-3.36639404296875,1.12005
-3.048095703125,1.1201
-3.106689453125,1.1201500000000002
-3.1634521484375,1.1202
-3.38775634765625,1.1202500000000002
-3.448486328125,1.1203
-3.12713623046875,1.1203500000000002
-3.21807861328125,1.1204
-2.901611328125,1.1204500000000002
-3.09326171875,1.1205
-3.12347412109375,1.1205500000000002
-3.076171875,1.1206
-2.9058837890625,1.1206500000000001
-3.1011962890625,1.1207
-3.0474853515625,1.1207500000000001
-2.86834716796875,1.1208
-2.93243408203125,1.1208500000000001
-2.95684814453125,1.1209
-2.88543701171875,1.1209500000000001
-2.88238525390625,1.121
-2.9248046875,1.12105
-2.96783447265625,1.1211
-3.18359375,1.12115
-3.1048583984375,1.1212000000000002
-3.00506591796875,1.12125
-2.4957275390625,1.1213000000000002
-2.68585205078125,1.12135
-2.84820556640625,1.1214000000000002
-2.94281005859375,1.12145
-3.0609130859375,1.1215000000000002
-2.8857421875,1.12155
-2.73040771484375,1.1216000000000002
-3.31329345703125,1.12165
-3.074951171875,1.1217000000000001
-3.1280517578125,1.12175
-3.13812255859375,1.1218000000000001
-2.9541015625,1.12185
-3.194580078125,1.1219000000000001
-3.07373046875,1.12195
-3.15643310546875,1.122
-2.896728515625,1.12205
-3.17840576171875,1.1221
-3.09722900390625,1.12215
-3.28582763671875,1.1222
-3.3941650390625,1.1222500000000002
-3.2574462890625,1.1223
-3.50830078125,1.1223500000000002
-3.39263916015625,1.1224
-3.087158203125,1.1224500000000002
-3.5345458984375,1.1225
-3.23638916015625,1.1225500000000002
-3.47930908203125,1.1226
-3.385009765625,1.1226500000000001
-3.251953125,1.1227
-3.23211669921875,1.1227500000000001
-3.40911865234375,1.1228
-3.5040283203125,1.1228500000000001
-3.2818603515625,1.1229
-2.87994384765625,1.1229500000000001
-3.2061767578125,1.123
-3.00140380859375,1.12305
-2.8948974609375,1.1231
-3.41552734375,1.12315
-3.253173828125,1.1232000000000002
-2.9998779296875,1.12325
-2.83935546875,1.1233000000000002
-3.0438232421875,1.12335
-3.01361083984375,1.1234000000000002
-3.0157470703125,1.12345
-2.9705810546875,1.1235000000000002
-2.977294921875,1.12355
-3.1341552734375,1.1236000000000002
-3.19854736328125,1.12365
-3.12957763671875,1.1237000000000001
-3.4039306640625,1.12375
-3.07098388671875,1.1238000000000001
-3.38226318359375,1.12385
-3.2391357421875,1.1239000000000001
-3.07098388671875,1.12395
-3.36212158203125,1.124
-3.40789794921875,1.12405
-3.13201904296875,1.1241
-3.41949462890625,1.12415
-2.93487548828125,1.1242
-3.19091796875,1.1242500000000002
-3.3709716796875,1.1243
-3.22540283203125,1.1243500000000002
-3.11004638671875,1.1244
-2.96356201171875,1.1244500000000002
-3.18359375,1.1245
-3.21014404296875,1.1245500000000002
-3.245849609375,1.1246
-3.05755615234375,1.1246500000000001
-3.0169677734375,1.1247
-2.88238525390625,1.1247500000000001
-3.24676513671875,1.1248
-2.943115234375,1.1248500000000001
-2.9925537109375,1.1249
-2.977294921875,1.1249500000000001
-3.02764892578125,1.125
-2.77252197265625,1.12505
-2.802734375,1.1251
-3.0523681640625,1.12515
-2.734375,1.1252
-2.857666015625,1.12525
-2.54669189453125,1.1253
-2.730712890625,1.12535
-2.8118896484375,1.1254
-2.82318115234375,1.12545
-2.7203369140625,1.1255
-2.82012939453125,1.12555
-2.64739990234375,1.1256
-3.387451171875,1.12565
-3.03680419921875,1.1257
-2.92022705078125,1.12575
-2.92724609375,1.1258000000000001
-2.79388427734375,1.12585
-2.75390625,1.1259000000000001
-2.911376953125,1.12595
-3.1793212890625,1.1260000000000001
-3.1646728515625,1.12605
-2.80548095703125,1.1261
-3.31390380859375,1.12615
-3.3038330078125,1.1262
-3.331298828125,1.12625
-3.3648681640625,1.1263
-3.7237548828125,1.12635
-3.4814453125,1.1264
-3.61572265625,1.12645
-3.84735107421875,1.1265
-3.67767333984375,1.12655
-3.885498046875,1.1266
-3.8031005859375,1.12665
-3.74542236328125,1.1267
-3.65509033203125,1.12675
-3.70941162109375,1.1268
-3.63922119140625,1.1268500000000001
-3.78021240234375,1.1269
-3.49609375,1.1269500000000001
-3.585205078125,1.127
-3.45703125,1.12705
-3.431396484375,1.1271
-3.73870849609375,1.12715
-3.8531494140625,1.1272
-3.08502197265625,1.12725
-3.50921630859375,1.1273
-3.44696044921875,1.12735
-3.3123779296875,1.1274
-3.32794189453125,1.12745
-3.248291015625,1.1275
-2.95623779296875,1.12755
-2.828369140625,1.1276
-3.19580078125,1.12765
-2.89764404296875,1.1277
-2.85888671875,1.12775
-2.55950927734375,1.1278000000000001
-2.76702880859375,1.12785
-2.5775146484375,1.1279000000000001
-2.48504638671875,1.12795
-2.44873046875,1.1280000000000001
-2.61993408203125,1.12805
-2.49969482421875,1.1281
-2.799072265625,1.12815
-2.69866943359375,1.1282
-2.96051025390625,1.12825
-2.9376220703125,1.1283
-2.87200927734375,1.12835
-3.0145263671875,1.1284
-2.6629638671875,1.12845
-3.1292724609375,1.1285
-3.070068359375,1.12855
-3.09661865234375,1.1286
-3.22052001953125,1.12865
-3.00445556640625,1.1287
-2.85980224609375,1.12875
-3.3636474609375,1.1288
-3.3258056640625,1.1288500000000001
-2.99896240234375,1.1289
-2.8411865234375,1.1289500000000001
-3.2177734375,1.129
-2.8985595703125,1.12905
-3.25286865234375,1.1291
-3.2708740234375,1.12915
-3.08746337890625,1.1292
-2.79541015625,1.12925
-2.9302978515625,1.1293
-2.88604736328125,1.12935
-2.646484375,1.1294
-2.9461669921875,1.12945
-2.91839599609375,1.1295
-2.94921875,1.12955
-2.64312744140625,1.1296
-2.88848876953125,1.12965
-2.87445068359375,1.1297
-3.03466796875,1.12975
-2.90618896484375,1.1298
-3.0859375,1.12985
-2.77252197265625,1.1299000000000001
-2.98065185546875,1.12995
-2.94921875,1.1300000000000001
-3.22052001953125,1.13005
-2.82440185546875,1.1301
-2.940673828125,1.13015
-3.19580078125,1.1302
-2.9852294921875,1.13025
-3.0511474609375,1.1303
-3.04351806640625,1.13035
-2.861328125,1.1304
-2.7923583984375,1.13045
-3.11676025390625,1.1305
-3.10699462890625,1.13055
-3.0194091796875,1.1306
-3.212890625,1.13065
-3.14971923828125,1.1307
-3.150634765625,1.13075
-3.3038330078125,1.1308
-3.34259033203125,1.1308500000000001
-3.3819580078125,1.1309
-3.193359375,1.1309500000000001
-3.41796875,1.131
-3.2763671875,1.13105
-3.3074951171875,1.1311
-3.30718994140625,1.13115
-3.4515380859375,1.1312
-3.228759765625,1.13125
-3.16162109375,1.1313
-3.1829833984375,1.13135
-3.29681396484375,1.1314
-3.2623291015625,1.13145
-3.0792236328125,1.1315
-3.15521240234375,1.13155
-3.04290771484375,1.1316
-3.30047607421875,1.13165
-3.42193603515625,1.1317
-3.25286865234375,1.13175
-2.8936767578125,1.1318000000000001
-3.11431884765625,1.13185
-2.9010009765625,1.1319000000000001
-3.056640625,1.13195
-3.1243896484375,1.1320000000000001
-2.9608154296875,1.13205
-2.70172119140625,1.1321
-3.32275390625,1.13215
-3.0712890625,1.1322
-3.0767822265625,1.13225
-3.2806396484375,1.1323
-3.3123779296875,1.13235
-3.19122314453125,1.1324
-3.0499267578125,1.13245
-3.43048095703125,1.1325
-3.209228515625,1.13255
-3.638916015625,1.1326
-3.50982666015625,1.13265
-3.5369873046875,1.1327
-3.3013916015625,1.13275
-3.60321044921875,1.1328
-3.69476318359375,1.1328500000000001
-3.6346435546875,1.1329
-3.411865234375,1.1329500000000001
-3.59222412109375,1.133
-3.3966064453125,1.1330500000000001
-3.49395751953125,1.1331
-3.5614013671875,1.13315
-3.42041015625,1.1332
-3.20465087890625,1.13325
-3.11370849609375,1.1333
-3.55010986328125,1.13335
-3.20098876953125,1.1334
-3.1939697265625,1.13345
-3.26446533203125,1.1335
-3.2379150390625,1.13355
-3.155517578125,1.1336
-3.6749267578125,1.13365
-3.45794677734375,1.1337
-3.25958251953125,1.13375
-3.59832763671875,1.1338
-3.39813232421875,1.13385
-3.03955078125,1.1339000000000001
-3.0029296875,1.13395
-3.34228515625,1.1340000000000001
-3.3184814453125,1.13405
-3.1072998046875,1.1341
-3.0072021484375,1.13415
-3.2501220703125,1.1342
-3.2379150390625,1.13425
-3.18603515625,1.1343
-3.116455078125,1.13435
-3.13934326171875,1.1344
-2.86529541015625,1.13445
-3.35479736328125,1.1345
-3.184814453125,1.13455
-3.0096435546875,1.1346
-3.0340576171875,1.13465
-2.99224853515625,1.1347
-2.91168212890625,1.13475
-3.06304931640625,1.1348
-3.02276611328125,1.1348500000000001
-2.98309326171875,1.1349
-2.73834228515625,1.1349500000000001
-2.88787841796875,1.135
-2.938232421875,1.1350500000000001
-2.994384765625,1.1351
-3.19549560546875,1.13515
-3.18695068359375,1.1352
-2.716064453125,1.13525
-3.189697265625,1.1353
-2.9058837890625,1.13535
-2.9486083984375,1.1354
-3.10791015625,1.13545
-3.09844970703125,1.1355
-3.0206298828125,1.13555
-2.904052734375,1.1356
-3.19580078125,1.13565
-3.0126953125,1.1357
-3.02490234375,1.13575
-2.818603515625,1.1358
-2.92938232421875,1.13585
-2.83172607421875,1.1359000000000001
-2.9425048828125,1.13595
-2.8289794921875,1.1360000000000001
-2.95440673828125,1.13605
-2.68463134765625,1.1361
-3.11370849609375,1.13615
-3.05328369140625,1.1362
-3.0267333984375,1.13625
-3.03955078125,1.1363
-3.21685791015625,1.13635
-2.88970947265625,1.1364
-2.90130615234375,1.13645
-3.21319580078125,1.1365
-2.84332275390625,1.13655
-2.8460693359375,1.1366
-2.9400634765625,1.13665
-2.9986572265625,1.1367
-2.65228271484375,1.13675
-2.9510498046875,1.1368
-3.1365966796875,1.13685
-3.0047607421875,1.1369
-2.965087890625,1.1369500000000001
-3.10882568359375,1.137
-2.9669189453125,1.1370500000000001
-3.24737548828125,1.1371
-3.42010498046875,1.13715
-3.28887939453125,1.1372
-2.99652099609375,1.13725
-2.98431396484375,1.1373
-3.27667236328125,1.13735
-3.08563232421875,1.1374
-3.1524658203125,1.13745
-2.94464111328125,1.1375
-3.0914306640625,1.13755
-3.04534912109375,1.1376
-3.24798583984375,1.13765
-3.4075927734375,1.1377
-3.134765625,1.13775
-3.10150146484375,1.1378
-3.5162353515625,1.13785
-3.28399658203125,1.1379000000000001
-3.2952880859375,1.13795
-3.42132568359375,1.1380000000000001
-3.48297119140625,1.13805
-3.15216064453125,1.1381000000000001
-3.38897705078125,1.13815
-3.2818603515625,1.1382
-3.33221435546875,1.13825
-3.29437255859375,1.1383
-3.31512451171875,1.13835
-2.88970947265625,1.1384
-3.0694580078125,1.13845
-3.3514404296875,1.1385
-3.2891845703125,1.13855
-3.35052490234375,1.1386
-3.211669921875,1.13865
-3.27911376953125,1.1387
-3.55010986328125,1.13875
-3.702392578125,1.1388
-3.27056884765625,1.13885
-3.38653564453125,1.1389
-3.1829833984375,1.1389500000000001
-3.31939697265625,1.139
-3.162841796875,1.1390500000000001
-3.3062744140625,1.1391
-3.14178466796875,1.13915
-3.20953369140625,1.1392
-3.11920166015625,1.13925
-3.03131103515625,1.1393
-3.150634765625,1.13935
-3.160400390625,1.1394
-3.02001953125,1.13945
-3.2781982421875,1.1395
-3.09478759765625,1.13955
-3.2794189453125,1.1396
-3.551025390625,1.13965
-3.32916259765625,1.1397
-3.1298828125,1.13975
-2.92510986328125,1.1398
-2.90069580078125,1.13985
-2.80853271484375,1.1399000000000001
-2.99041748046875,1.13995
-3.21044921875,1.1400000000000001
-3.04046630859375,1.14005
-2.83660888671875,1.1401000000000001
-3.11859130859375,1.14015
-3.0975341796875,1.1402
-3.3642578125,1.14025
-3.2275390625,1.1403
-3.2623291015625,1.14035
-3.1317138671875,1.1404
-3.21441650390625,1.14045
-3.27880859375,1.1405
-3.1988525390625,1.14055
-3.2183837890625,1.1406
-2.850341796875,1.14065
-3.26416015625,1.1407
-3.14483642578125,1.14075
-3.0267333984375,1.1408
-3.0712890625,1.14085
-3.16802978515625,1.1409
-3.006591796875,1.1409500000000001
-3.38592529296875,1.141
-2.9486083984375,1.1410500000000001
-3.01666259765625,1.1411
-3.24859619140625,1.14115
-3.20770263671875,1.1412
-3.01361083984375,1.14125
-3.092041015625,1.1413
-3.4088134765625,1.14135
-3.19244384765625,1.1414
-3.13995361328125,1.14145
-3.072509765625,1.1415
-2.904052734375,1.14155
-2.83843994140625,1.1416
-3.13873291015625,1.14165
-3.25439453125,1.1417
-3.19732666015625,1.14175
-2.822265625,1.1418
-3.04168701171875,1.14185
-3.1146240234375,1.1419000000000001
-3.15704345703125,1.14195
-2.84027099609375,1.1420000000000001
-3.037109375,1.14205
-3.0633544921875,1.1421000000000001
-3.12042236328125,1.14215
-3.05633544921875,1.1422
-3.14056396484375,1.14225
-2.65350341796875,1.1423
-3.0908203125,1.14235
-2.96112060546875,1.1424
-2.81219482421875,1.14245
-3.05633544921875,1.1425
-2.813720703125,1.14255
-2.6373291015625,1.1426
-3.10791015625,1.14265
-2.65777587890625,1.1427
-2.79052734375,1.14275
-3.16741943359375,1.1428
-3.08563232421875,1.14285
-3.00323486328125,1.1429
-2.65716552734375,1.1429500000000001
-3.03192138671875,1.143
-2.87017822265625,1.1430500000000001
-3.07159423828125,1.1431
-2.8106689453125,1.14315
-2.8271484375,1.1432
-2.7874755859375,1.14325
-2.87139892578125,1.1433
-2.8607177734375,1.14335
-2.84759521484375,1.1434
-2.88726806640625,1.14345
-3.06427001953125,1.1435
-2.864990234375,1.14355
-2.890625,1.1436
-3.0731201171875,1.14365
-2.9913330078125,1.1437
-3.13934326171875,1.14375
-3.001708984375,1.1438
-3.06640625,1.14385
-3.01971435546875,1.1439
-2.9833984375,1.14395
-2.97271728515625,1.1440000000000001
-3.18511962890625,1.14405
-2.64984130859375,1.1441000000000001
-3.33526611328125,1.14415
-3.05938720703125,1.1442
-2.9827880859375,1.14425
-3.09722900390625,1.1443
-2.87841796875,1.14435
-2.786865234375,1.1444
-3.087158203125,1.14445
-3.27239990234375,1.1445
-3.16925048828125,1.14455
-3.08685302734375,1.1446
-3.02581787109375,1.14465
-3.1707763671875,1.1447
-3.05816650390625,1.14475
-3.0145263671875,1.1448
-3.17413330078125,1.14485
-3.00445556640625,1.1449
-2.84576416015625,1.1449500000000001
-3.23699951171875,1.145
-3.1256103515625,1.1450500000000001
-3.11981201171875,1.1451
-3.067626953125,1.1451500000000001
-2.9901123046875,1.1452
-2.81463623046875,1.14525
-2.89581298828125,1.1453
-2.85308837890625,1.14535
-3.099365234375,1.1454
-2.947998046875,1.14545
-2.96051025390625,1.1455
-3.08990478515625,1.14555
-2.791748046875,1.1456
-3.167724609375,1.14565
-3.1884765625,1.1457
-2.5836181640625,1.14575
-3.01239013671875,1.1458
-2.97760009765625,1.14585
-2.9071044921875,1.1459
-3.0322265625,1.14595
-3.140869140625,1.1460000000000001
-2.96783447265625,1.14605
-2.85308837890625,1.1461000000000001
-3.21807861328125,1.14615
-3.1878662109375,1.1462
-3.23272705078125,1.14625
-2.96661376953125,1.1463
-3.018798828125,1.14635
-2.8839111328125,1.1464
-2.9058837890625,1.14645
-2.8802490234375,1.1465
-2.939453125,1.14655
-2.98248291015625,1.1466
-3.0615234375,1.14665
-3.01025390625,1.1467
-3.013916015625,1.14675
-3.00079345703125,1.1468
-3.0694580078125,1.14685
-2.9229736328125,1.1469
-3.0322265625,1.1469500000000001
-2.92999267578125,1.147
-3.08258056640625,1.1470500000000001
-2.8887939453125,1.1471
-2.8515625,1.1471500000000001
-2.99468994140625,1.1472
-2.8564453125,1.14725
-3.3819580078125,1.1473
-3.44207763671875,1.14735
-3.0487060546875,1.1474
-3.0865478515625,1.14745
-3.3782958984375,1.1475
-3.0841064453125,1.14755
-3.424072265625,1.1476
-3.4515380859375,1.14765
-3.35296630859375,1.1477
-3.30078125,1.14775
-3.4332275390625,1.1478
-3.51318359375,1.14785
-3.3392333984375,1.1479
-3.27728271484375,1.14795
-3.56353759765625,1.1480000000000001
-3.3453369140625,1.14805
-3.36578369140625,1.1481000000000001
-3.472900390625,1.14815
-3.3758544921875,1.1482
-3.4759521484375,1.14825
-3.0902099609375,1.1483
-3.14361572265625,1.14835
-3.07708740234375,1.1484
-3.1756591796875,1.14845
-3.04229736328125,1.1485
-3.12469482421875,1.14855
-3.0010986328125,1.1486
-3.07769775390625,1.14865
-3.055419921875,1.1487
-3.01544189453125,1.14875
-3.1982421875,1.1488
-3.26202392578125,1.14885
-2.6409912109375,1.1489
-2.9638671875,1.1489500000000001
-3.27301025390625,1.149
-3.0828857421875,1.1490500000000001
-3.01666259765625,1.1491
-3.0987548828125,1.1491500000000001
-2.8350830078125,1.1492
-2.8680419921875,1.14925
-3.167724609375,1.1493
-2.89459228515625,1.14935
-3.06060791015625,1.1494
-2.7093505859375,1.14945
-3.09783935546875,1.1495
-3.0645751953125,1.14955
-2.93060302734375,1.1496
-2.96844482421875,1.14965
-3.11614990234375,1.1497
-2.88299560546875,1.14975
-3.084716796875,1.1498
-3.15521240234375,1.14985
-3.35296630859375,1.1499
-3.221435546875,1.14995
-3.106689453125,1.1500000000000001
-3.3953857421875,1.1500500000000002
-3.04962158203125,1.1501000000000001
-3.505859375,1.1501500000000002
-3.50067138671875,1.1502000000000001
-3.3660888671875,1.1502500000000002
-3.3697509765625,1.1503
-3.28125,1.1503500000000002
-3.265380859375,1.1504
-3.66943359375,1.1504500000000002
-3.770751953125,1.1505
-3.3233642578125,1.1505500000000002
-3.1787109375,1.1506
-3.73687744140625,1.1506500000000002
-3.50189208984375,1.1507
-3.807373046875,1.1507500000000002
-3.73260498046875,1.1508
-3.3294677734375,1.1508500000000002
-3.3575439453125,1.1509
-3.4075927734375,1.1509500000000001
-3.45184326171875,1.151
-3.28033447265625,1.1510500000000001
-3.60260009765625,1.1511000000000002
-3.43658447265625,1.1511500000000001
-3.64837646484375,1.1512000000000002
-3.42132568359375,1.15125
-3.40911865234375,1.1513000000000002
-3.50341796875,1.15135
-3.51898193359375,1.1514000000000002
-3.34259033203125,1.15145
-3.51715087890625,1.1515000000000002
-3.2049560546875,1.15155
-3.15460205078125,1.1516000000000002
-3.0810546875,1.15165
-3.21685791015625,1.1517000000000002
-2.728271484375,1.15175
-2.80609130859375,1.1518000000000002
-3.128662109375,1.15185
-2.77313232421875,1.1519000000000001
-2.72430419921875,1.15195
-2.88421630859375,1.1520000000000001
-2.52197265625,1.1520500000000002
-2.5408935546875,1.1521000000000001
-2.884521484375,1.1521500000000002
-2.9925537109375,1.1522000000000001
-2.82012939453125,1.1522500000000002
-2.94342041015625,1.1523
-3.0303955078125,1.1523500000000002
-3.1072998046875,1.1524
-3.1829833984375,1.1524500000000002
-3.22540283203125,1.1525
-3.21929931640625,1.1525500000000002
-3.22509765625,1.1526
-3.32977294921875,1.1526500000000002
-3.43719482421875,1.1527
-3.564453125,1.1527500000000002
-3.22723388671875,1.1528
-3.4442138671875,1.1528500000000002
-3.189697265625,1.1529
-3.22052001953125,1.1529500000000001
-3.2806396484375,1.153
-3.221435546875,1.1530500000000001
-2.97210693359375,1.1531000000000002
-3.0889892578125,1.1531500000000001
-3.040771484375,1.1532000000000002
-2.87994384765625,1.15325
-3.22540283203125,1.1533000000000002
-3.07464599609375,1.15335
-2.72430419921875,1.1534000000000002
-2.65045166015625,1.15345
-2.88726806640625,1.1535000000000002
-2.705078125,1.15355
-2.955322265625,1.1536000000000002
-2.80426025390625,1.15365
-2.52838134765625,1.1537000000000002
-2.4700927734375,1.15375
-2.81707763671875,1.1538000000000002
-2.5543212890625,1.15385
-2.5469970703125,1.1539000000000001
-2.59521484375,1.15395
-2.67486572265625,1.1540000000000001
-2.53387451171875,1.1540500000000002
-2.5054931640625,1.1541000000000001
-2.80181884765625,1.1541500000000002
-2.78564453125,1.1542000000000001
-2.896728515625,1.1542500000000002
-2.69287109375,1.1543
-2.923583984375,1.1543500000000002
-2.8790283203125,1.1544
-2.8314208984375,1.1544500000000002
-2.9437255859375,1.1545
-2.900390625,1.1545500000000002
-2.6885986328125,1.1546
-2.93548583984375,1.1546500000000002
-2.8155517578125,1.1547
-2.73193359375,1.1547500000000002
-3.0523681640625,1.1548
-2.779541015625,1.1548500000000002
-2.4066162109375,1.1549
-2.8155517578125,1.1549500000000001
-3.10455322265625,1.155
-2.728271484375,1.1550500000000001
-2.6617431640625,1.1551000000000002
-2.80975341796875,1.1551500000000001
-2.847900390625,1.1552000000000002
-2.98919677734375,1.15525
-3.082275390625,1.1553000000000002
-2.98583984375,1.15535
-2.733154296875,1.1554000000000002
-2.7001953125,1.15545
-2.908935546875,1.1555000000000002
-2.8472900390625,1.15555
-2.8045654296875,1.1556000000000002
-2.9949951171875,1.15565
-2.8607177734375,1.1557000000000002
-2.70050048828125,1.15575
-2.90313720703125,1.1558000000000002
-3.0047607421875,1.15585
-3.2220458984375,1.1559000000000001
-2.91351318359375,1.15595
-3.03009033203125,1.1560000000000001
-3.09356689453125,1.1560500000000002
-3.1671142578125,1.1561000000000001
-3.42193603515625,1.1561500000000002
-3.30322265625,1.1562000000000001
-2.83905029296875,1.1562500000000002
-3.177490234375,1.1563
-3.2659912109375,1.1563500000000002
-3.08013916015625,1.1564
-3.32244873046875,1.1564500000000002
-3.22967529296875,1.1565
-2.969970703125,1.1565500000000002
-2.9595947265625,1.1566
-3.20648193359375,1.1566500000000002
-3.13385009765625,1.1567
-3.29925537109375,1.1567500000000002
-3.289794921875,1.1568
-3.4185791015625,1.1568500000000002
-3.0792236328125,1.1569
-3.24981689453125,1.1569500000000001
-2.8509521484375,1.157
-3.0224609375,1.1570500000000001
-2.90679931640625,1.1571000000000002
-3.04962158203125,1.1571500000000001
-2.78106689453125,1.1572000000000002
-3.0963134765625,1.1572500000000001
-3.3203125,1.1573000000000002
-3.10028076171875,1.15735
-2.92510986328125,1.1574000000000002
-3.06732177734375,1.15745
-2.9754638671875,1.1575000000000002
-2.96173095703125,1.15755
-2.8594970703125,1.1576000000000002
-2.93670654296875,1.15765
-3.0145263671875,1.1577000000000002
-2.7972412109375,1.15775
-3.155517578125,1.1578000000000002
-2.97882080078125,1.15785
-2.6837158203125,1.1579000000000002
-2.9339599609375,1.15795
-3.138427734375,1.1580000000000001
-2.4810791015625,1.15805
-3.06640625,1.1581000000000001
-3.0780029296875,1.1581500000000002
-3.02947998046875,1.1582000000000001
-2.92572021484375,1.1582500000000002
-3.05450439453125,1.1583
-2.98553466796875,1.1583500000000002
-2.9083251953125,1.1584
-3.2354736328125,1.1584500000000002
-3.21685791015625,1.1585
-2.97027587890625,1.1585500000000002
-2.87811279296875,1.1586
-3.14178466796875,1.1586500000000002
-3.29193115234375,1.1587
-3.1842041015625,1.1587500000000002
-3.480224609375,1.1588
-3.11431884765625,1.1588500000000002
-3.135986328125,1.1589
-3.3221435546875,1.1589500000000001
-3.37188720703125,1.159
-3.3258056640625,1.1590500000000001
-3.12652587890625,1.1591000000000002
-2.96051025390625,1.1591500000000001
-2.92083740234375,1.1592000000000002
-2.935791015625,1.1592500000000001
-3.3148193359375,1.1593000000000002
-3.01025390625,1.15935
-2.51251220703125,1.1594000000000002
-2.9656982421875,1.15945
-3.0230712890625,1.1595000000000002
-2.72857666015625,1.15955
-2.6788330078125,1.1596000000000002
-3.1060791015625,1.15965
-2.76885986328125,1.1597000000000002
-3.106689453125,1.15975
-3.22540283203125,1.1598000000000002
-2.8717041015625,1.15985
-3.16680908203125,1.1599000000000002
-3.17108154296875,1.15995
-3.096923828125,1.1600000000000001
-2.89276123046875,1.16005
-3.052978515625,1.1601000000000001
-3.0078125,1.1601500000000002
-3.06732177734375,1.1602000000000001
-2.926025390625,1.1602500000000002
-3.1060791015625,1.1603
-2.89794921875,1.1603500000000002
-3.2470703125,1.1604
-3.17626953125,1.1604500000000002
-3.1201171875,1.1605
-3.09295654296875,1.1605500000000002
-3.3697509765625,1.1606
-3.28765869140625,1.1606500000000002
-3.363037109375,1.1607
-3.079833984375,1.1607500000000002
-3.2476806640625,1.1608
-3.1829833984375,1.1608500000000002
-2.93792724609375,1.1609
-3.24127197265625,1.1609500000000001
-2.9669189453125,1.161
-2.99896240234375,1.1610500000000001
-2.7911376953125,1.1611000000000002
-3.02490234375,1.1611500000000001
-2.6739501953125,1.1612000000000002
-3.13751220703125,1.1612500000000001
-3.42559814453125,1.1613000000000002
-3.2867431640625,1.16135
-3.08013916015625,1.1614000000000002
-3.3837890625,1.16145
-3.095703125,1.1615000000000002
-3.35784912109375,1.16155
-3.323974609375,1.1616000000000002
-3.39019775390625,1.16165
-2.88787841796875,1.1617000000000002
-3.06243896484375,1.16175
-3.27301025390625,1.1618000000000002
-3.22113037109375,1.16185
-3.154296875,1.1619000000000002
-3.31573486328125,1.16195
-3.01177978515625,1.1620000000000001
-2.9461669921875,1.16205
-3.25897216796875,1.1621000000000001
-3.27392578125,1.1621500000000002
-3.0499267578125,1.1622000000000001
-3.07159423828125,1.1622500000000002
-3.16986083984375,1.1623
-3.1744384765625,1.1623500000000002
-3.11370849609375,1.1624
-3.15277099609375,1.1624500000000002
-3.15399169921875,1.1625
-2.9754638671875,1.1625500000000002
-3.0230712890625,1.1626
-3.22509765625,1.1626500000000002
-3.04534912109375,1.1627
-3.067626953125,1.1627500000000002
-3.32733154296875,1.1628
-2.9736328125,1.1628500000000002
-3.06182861328125,1.1629
-3.33404541015625,1.1629500000000002
-2.977294921875,1.163
-3.05694580078125,1.1630500000000001
-3.09661865234375,1.1631
-3.13201904296875,1.1631500000000001
-3.1500244140625,1.1632000000000002
-3.2891845703125,1.1632500000000001
-3.19580078125,1.1633000000000002
-2.99407958984375,1.16335
-3.08258056640625,1.1634000000000002
-3.15948486328125,1.16345
-3.05206298828125,1.1635000000000002
-3.14239501953125,1.16355
-2.93060302734375,1.1636000000000002
-2.9583740234375,1.16365
-2.8448486328125,1.1637000000000002
-2.88299560546875,1.16375
-2.9156494140625,1.1638000000000002
-2.728271484375,1.16385
-2.6336669921875,1.1639000000000002
-2.89581298828125,1.16395
-2.74322509765625,1.1640000000000001
-2.7655029296875,1.16405
-3.157958984375,1.1641000000000001
-2.9681396484375,1.1641500000000002
-3.0450439453125,1.1642000000000001
-2.77496337890625,1.1642500000000002
-3.0487060546875,1.1643000000000001
-2.62054443359375,1.1643500000000002
-3.1195068359375,1.1644
-3.16070556640625,1.1644500000000002
-3.0963134765625,1.1645
-2.744140625,1.1645500000000002
-2.955322265625,1.1646
-3.1298828125,1.1646500000000002
-2.91015625,1.1647
-2.923583984375,1.1647500000000002
-2.921142578125,1.1648
-2.65380859375,1.1648500000000002
-3.0120849609375,1.1649
-3.04229736328125,1.1649500000000002
-2.8411865234375,1.165
-2.8643798828125,1.1650500000000001
-3.08807373046875,1.1651
-3.09661865234375,1.1651500000000001
-2.86285400390625,1.1652000000000002
-2.86102294921875,1.1652500000000001
-2.94921875,1.1653000000000002
-2.74688720703125,1.16535
-2.559814453125,1.1654000000000002
-3.0267333984375,1.16545
-2.81585693359375,1.1655000000000002
-2.9339599609375,1.16555
-2.989501953125,1.1656000000000002
-2.95196533203125,1.16565
-2.7130126953125,1.1657000000000002
-2.8155517578125,1.16575
-3.17047119140625,1.1658000000000002
-3.126220703125,1.16585
-2.97393798828125,1.1659000000000002
-3.19793701171875,1.16595
-2.940673828125,1.1660000000000001
-3.09234619140625,1.16605
-3.2977294921875,1.1661000000000001
-3.07525634765625,1.1661500000000002
-2.626953125,1.1662000000000001
-2.70843505859375,1.1662500000000002
-2.84423828125,1.1663000000000001
-2.6910400390625,1.1663500000000002
-2.58941650390625,1.1664
-2.828369140625,1.1664500000000002
-2.6141357421875,1.1665
-2.70355224609375,1.1665500000000002
-2.67303466796875,1.1666
-2.79296875,1.1666500000000002
-2.79144287109375,1.1667
-2.71636962890625,1.1667500000000002
-3.067626953125,1.1668
-2.8173828125,1.1668500000000002
-2.911376953125,1.1669
-3.048095703125,1.1669500000000002
-2.78533935546875,1.167
-2.740478515625,1.1670500000000001
-2.9937744140625,1.1671
-2.65655517578125,1.1671500000000001
-2.78350830078125,1.1672000000000002
-3.06365966796875,1.1672500000000001
-3.1512451171875,1.1673000000000002
-2.89886474609375,1.16735
-2.86651611328125,1.1674000000000002
-3.22235107421875,1.16745
-3.04412841796875,1.1675000000000002
-3.2305908203125,1.16755
-3.275146484375,1.1676000000000002
-3.30780029296875,1.16765
-2.939453125,1.1677000000000002
-3.17352294921875,1.16775
-3.20098876953125,1.1678000000000002
-2.9327392578125,1.16785
-3.06671142578125,1.1679000000000002
-3.40576171875,1.16795
-3.01910400390625,1.1680000000000001
-3.345947265625,1.16805
-3.1597900390625,1.1681000000000001
-3.09295654296875,1.1681500000000002
-3.094482421875,1.1682000000000001
-3.01666259765625,1.1682500000000002
-3.12957763671875,1.1683000000000001
-2.99346923828125,1.1683500000000002
-2.91961669921875,1.1684
-3.0804443359375,1.1684500000000002
-2.95562744140625,1.1685
-2.69805908203125,1.1685500000000002
-3.14971923828125,1.1686
-3.06610107421875,1.1686500000000002
-3.065185546875,1.1687
-3.1365966796875,1.1687500000000002
-3.00445556640625,1.1688
-2.940673828125,1.1688500000000002
-3.0743408203125,1.1689
-3.2220458984375,1.1689500000000002
-3.2745361328125,1.169
-2.9296875,1.1690500000000001
-2.8228759765625,1.1691
-2.96661376953125,1.1691500000000001
-2.95562744140625,1.1692000000000002
-2.9583740234375,1.1692500000000001
-2.93548583984375,1.1693000000000002
-2.72430419921875,1.1693500000000001
-2.93548583984375,1.1694000000000002
-3.11553955078125,1.16945
-2.91839599609375,1.1695000000000002
-2.87445068359375,1.16955
-3.1451416015625,1.1696000000000002
-2.89154052734375,1.16965
-2.945556640625,1.1697000000000002
-3.0072021484375,1.16975
-3.01483154296875,1.1698000000000002
-3.09234619140625,1.16985
-3.09173583984375,1.1699000000000002
-3.238525390625,1.16995
-3.03070068359375,1.1700000000000002
-3.0767822265625,1.17005
-3.18572998046875,1.1701000000000001
-3.2244873046875,1.17015
-2.79510498046875,1.1702000000000001
-2.94281005859375,1.1702500000000002
-2.9608154296875,1.1703000000000001
-2.8033447265625,1.1703500000000002
-3.2293701171875,1.1704
-3.41094970703125,1.1704500000000002
-3.238525390625,1.1705
-3.36944580078125,1.1705500000000002
-3.43963623046875,1.1706
-3.521728515625,1.1706500000000002
-3.55377197265625,1.1707
-3.56842041015625,1.1707500000000002
-3.5498046875,1.1708
-3.4637451171875,1.1708500000000002
-3.6676025390625,1.1709
-3.58184814453125,1.1709500000000002
-3.25103759765625,1.171
-3.28216552734375,1.1710500000000001
-3.38897705078125,1.1711
-3.0426025390625,1.1711500000000001
-3.297119140625,1.1712000000000002
-2.9986572265625,1.1712500000000001
-3.1854248046875,1.1713000000000002
-3.0731201171875,1.1713500000000001
-3.216552734375,1.1714000000000002
-3.2012939453125,1.17145
-3.1561279296875,1.1715000000000002
-3.05877685546875,1.17155
-3.20709228515625,1.1716000000000002
-2.8973388671875,1.17165
-2.9229736328125,1.1717000000000002
-3.29376220703125,1.17175
-3.115234375,1.1718000000000002
-3.1256103515625,1.17185
-3.082275390625,1.1719000000000002
-3.30291748046875,1.17195
-2.92816162109375,1.1720000000000002
-3.34503173828125,1.17205
-3.47564697265625,1.1721000000000001
-3.47930908203125,1.17215
-3.1231689453125,1.1722000000000001
-3.34228515625,1.1722500000000002
-3.26202392578125,1.1723000000000001
-3.3453369140625,1.1723500000000002
-3.39385986328125,1.1724
-3.538818359375,1.1724500000000002
-3.19244384765625,1.1725
-3.3233642578125,1.1725500000000002
-3.658447265625,1.1726
-3.292236328125,1.1726500000000002
-3.18817138671875,1.1727
-3.21502685546875,1.1727500000000002
-2.972412109375,1.1728
-3.21929931640625,1.1728500000000002
-3.05633544921875,1.1729
-3.21868896484375,1.1729500000000002
-3.3197021484375,1.173
-3.0877685546875,1.1730500000000001
-3.1121826171875,1.1731
-3.05816650390625,1.1731500000000001
-3.062744140625,1.1732000000000002
-3.18267822265625,1.1732500000000001
-3.094482421875,1.1733000000000002
-2.79296875,1.1733500000000001
-3.13262939453125,1.1734000000000002
-2.8265380859375,1.17345
-2.9644775390625,1.1735000000000002
-3.1695556640625,1.17355
-3.292236328125,1.1736000000000002
-2.76611328125,1.17365
-3.05572509765625,1.1737000000000002
-3.12042236328125,1.17375
-3.10638427734375,1.1738000000000002
-2.95074462890625,1.17385
-3.287353515625,1.1739000000000002
-3.20953369140625,1.17395
-3.07403564453125,1.1740000000000002
-3.31024169921875,1.17405
-3.4619140625,1.1741000000000001
-3.212890625,1.17415
-2.96875,1.1742000000000001
-3.37890625,1.1742500000000002
-3.040771484375,1.1743000000000001
-3.292236328125,1.1743500000000002
-3.34228515625,1.1744
-3.33160400390625,1.1744500000000002
-3.2861328125,1.1745
-3.5589599609375,1.1745500000000002
-3.7567138671875,1.1746
-3.73443603515625,1.1746500000000002
-3.51287841796875,1.1747
-3.63372802734375,1.1747500000000002
-3.70635986328125,1.1748
-3.60382080078125,1.1748500000000002
-4.18853759765625,1.1749
-4.1082763671875,1.1749500000000002
-3.99627685546875,1.175
-3.88885498046875,1.1750500000000001
-4.13360595703125,1.1751
-3.848876953125,1.1751500000000001
-4.00909423828125,1.1752
-3.96759033203125,1.1752500000000001
-3.73870849609375,1.1753
-3.453369140625,1.1753500000000001
-3.73809814453125,1.1754
-3.81988525390625,1.17545
-3.56842041015625,1.1755
-3.7420654296875,1.17555
-3.5540771484375,1.1756
-3.388671875,1.17565
-3.26416015625,1.1757
-3.304443359375,1.17575
-3.37005615234375,1.1758000000000002
-3.01483154296875,1.17585
-3.23455810546875,1.1759000000000002
-3.14208984375,1.17595
-2.8955078125,1.1760000000000002
-3.06396484375,1.17605
-3.0926513671875,1.1761000000000001
-2.5103759765625,1.17615
-2.353515625,1.1762000000000001
-2.833251953125,1.17625
-2.65899658203125,1.1763000000000001
-2.69378662109375,1.17635
-2.703857421875,1.1764000000000001
-2.7386474609375,1.17645
-2.53265380859375,1.1765
-2.9022216796875,1.17655
-3.09417724609375,1.1766
-3.0712890625,1.17665
-3.1292724609375,1.1767
-3.0731201171875,1.17675
-2.96356201171875,1.1768
-3.23486328125,1.1768500000000002
-3.2794189453125,1.1769
-3.277587890625,1.1769500000000002
-3.0084228515625,1.177
-3.3221435546875,1.1770500000000002
-3.29498291015625,1.1771
-3.00201416015625,1.1771500000000001
-3.24249267578125,1.1772
-3.27117919921875,1.1772500000000001
-2.977294921875,1.1773
-3.155517578125,1.1773500000000001
-3.192138671875,1.1774
-3.076171875,1.17745
-3.18115234375,1.1775
-3.02703857421875,1.17755
-3.240966796875,1.1776
-2.87078857421875,1.17765
-3.10028076171875,1.1777
-3.12957763671875,1.17775
-3.04901123046875,1.1778000000000002
-2.8485107421875,1.17785
-2.82501220703125,1.1779000000000002
-2.7130126953125,1.17795
-2.894287109375,1.1780000000000002
-2.93609619140625,1.17805
-3.0303955078125,1.1781000000000001
-2.87506103515625,1.17815
-2.78167724609375,1.1782000000000001
-2.93548583984375,1.17825
-2.79083251953125,1.1783000000000001
-2.79388427734375,1.17835
-3.12042236328125,1.1784000000000001
-2.99774169921875,1.17845
-2.91107177734375,1.1785
-3.12896728515625,1.17855
-3.31298828125,1.1786
-3.15338134765625,1.17865
-3.23089599609375,1.1787
-3.20587158203125,1.17875
-2.752685546875,1.1788
-3.11004638671875,1.1788500000000002
-3.02093505859375,1.1789
-3.07281494140625,1.1789500000000002
-3.05450439453125,1.179
-2.92266845703125,1.1790500000000002
-3.17535400390625,1.1791
-3.328857421875,1.1791500000000001
-3.1903076171875,1.1792
-3.39080810546875,1.1792500000000001
-2.818603515625,1.1793
-2.81219482421875,1.1793500000000001
-3.4320068359375,1.1794
-3.128662109375,1.17945
-3.157958984375,1.1795
-3.2177734375,1.17955
-3.29254150390625,1.1796
-3.128662109375,1.17965
-3.17718505859375,1.1797
-3.44024658203125,1.17975
-3.231201171875,1.1798000000000002
-3.01025390625,1.17985
-3.26995849609375,1.1799000000000002
-3.23272705078125,1.17995
-3.3197021484375,1.1800000000000002
-3.38043212890625,1.18005
-3.3538818359375,1.1801000000000001
-2.84332275390625,1.18015
-3.01361083984375,1.1802000000000001
-3.10791015625,1.18025
-3.228759765625,1.1803000000000001
-3.0389404296875,1.18035
-3.0987548828125,1.1804000000000001
-2.78717041015625,1.18045
-3.1439208984375,1.1805
-3.062744140625,1.18055
-3.253173828125,1.1806
-3.2635498046875,1.18065
-2.84515380859375,1.1807
-3.4539794921875,1.18075
-3.32183837890625,1.1808
-3.35052490234375,1.1808500000000002
-3.20953369140625,1.1809
-3.30963134765625,1.1809500000000002
-3.25714111328125,1.181
-3.5498046875,1.1810500000000002
-3.133544921875,1.1811
-3.39996337890625,1.1811500000000001
-3.5968017578125,1.1812
-3.66607666015625,1.1812500000000001
-3.20526123046875,1.1813
-3.29437255859375,1.1813500000000001
-3.1549072265625,1.1814
-3.1866455078125,1.1814500000000001
-3.052978515625,1.1815
-3.18328857421875,1.18155
-3.3599853515625,1.1816
-3.06304931640625,1.18165
-3.199462890625,1.1817
-3.350830078125,1.18175
-2.955322265625,1.1818
-3.2501220703125,1.18185
-3.31512451171875,1.1819000000000002
-3.10821533203125,1.18195
-3.53729248046875,1.1820000000000002
-3.5699462890625,1.18205
-3.30108642578125,1.1821000000000002
-3.19091796875,1.18215
-3.52447509765625,1.1822000000000001
-3.5223388671875,1.18225
-3.4918212890625,1.1823000000000001
-3.18939208984375,1.18235
-3.45428466796875,1.1824000000000001
-3.30718994140625,1.18245
-3.20404052734375,1.1825
-3.44573974609375,1.18255
-3.4893798828125,1.1826
-3.1939697265625,1.18265
-3.560791015625,1.1827
-3.309326171875,1.18275
-3.212890625,1.1828
-3.3123779296875,1.1828500000000002
-3.2403564453125,1.1829
-3.201904296875,1.1829500000000002
-3.1787109375,1.183
-2.9364013671875,1.1830500000000002
-3.18023681640625,1.1831
-3.2427978515625,1.1831500000000001
-3.1689453125,1.1832
-3.277587890625,1.1832500000000001
-2.8692626953125,1.1833
-3.06243896484375,1.1833500000000001
-2.92236328125,1.1834
-3.135986328125,1.1834500000000001
-2.89825439453125,1.1835
-2.9595947265625,1.18355
-2.8131103515625,1.1836
-3.31329345703125,1.18365
-3.19580078125,1.1837
-3.27117919921875,1.18375
-3.03497314453125,1.1838
-3.05908203125,1.18385
-3.0853271484375,1.1839000000000002
-3.09478759765625,1.18395
-3.167724609375,1.1840000000000002
-2.9833984375,1.18405
-3.12225341796875,1.1841000000000002
-2.77374267578125,1.18415
-3.0120849609375,1.1842000000000001
-2.92022705078125,1.18425
-2.81524658203125,1.1843000000000001
-3.12103271484375,1.18435
-3.10089111328125,1.1844000000000001
-2.8411865234375,1.18445
-3.11187744140625,1.1845
-3.0303955078125,1.18455
-3.1951904296875,1.1846
-3.08807373046875,1.18465
-3.0499267578125,1.1847
-2.80609130859375,1.18475
-2.789306640625,1.1848
-3.09906005859375,1.1848500000000002
-2.92724609375,1.1849
-2.6251220703125,1.1849500000000002
-2.81829833984375,1.185
-3.0877685546875,1.1850500000000002
-2.886962890625,1.1851
-2.88787841796875,1.1851500000000001
-3.0755615234375,1.1852
-2.80426025390625,1.1852500000000001
-3.01177978515625,1.1853
-3.12835693359375,1.1853500000000001
-2.9241943359375,1.1854
-3.2513427734375,1.1854500000000001
-2.9852294921875,1.1855
-3.0291748046875,1.18555
-2.9193115234375,1.1856
-2.82318115234375,1.18565
-3.3099365234375,1.1857
-3.3624267578125,1.18575
-3.10028076171875,1.1858
-3.36029052734375,1.18585
-2.938232421875,1.1859000000000002
-3.09539794921875,1.18595
-3.18572998046875,1.1860000000000002
-3.56109619140625,1.18605
-3.11004638671875,1.1861000000000002
-3.0511474609375,1.18615
-3.27728271484375,1.1862000000000001
-3.3343505859375,1.18625
-3.27972412109375,1.1863000000000001
-3.3221435546875,1.18635
-3.32427978515625,1.1864000000000001
-3.05877685546875,1.18645
-3.2208251953125,1.1865
-3.26019287109375,1.18655
-3.1915283203125,1.1866
-3.00262451171875,1.18665
-3.2720947265625,1.1867
-2.9595947265625,1.18675
-3.2928466796875,1.1868
-3.35174560546875,1.1868500000000002
-3.17535400390625,1.1869
-3.0548095703125,1.1869500000000002
-3.23089599609375,1.187
-3.13995361328125,1.1870500000000002
-3.349609375,1.1871
-3.10760498046875,1.1871500000000001
-3.2293701171875,1.1872
-3.1707763671875,1.1872500000000001
-3.02459716796875,1.1873
-3.1231689453125,1.1873500000000001
-3.09051513671875,1.1874
-3.20892333984375,1.1874500000000001
-3.0877685546875,1.1875
-2.94952392578125,1.18755
-2.80364990234375,1.1876
-3.27301025390625,1.18765
-3.15826416015625,1.1877
-3.09814453125,1.18775
-2.9150390625,1.1878
-2.98187255859375,1.18785
-2.8662109375,1.1879000000000002
-3.1719970703125,1.18795
-3.02734375,1.1880000000000002
-2.943115234375,1.18805
-2.861328125,1.1881000000000002
-2.96112060546875,1.18815
-2.94586181640625,1.1882000000000001
-2.79541015625,1.18825
-2.86590576171875,1.1883000000000001
-2.93212890625,1.18835
-2.95074462890625,1.1884000000000001
-2.94891357421875,1.18845
-3.170166015625,1.1885000000000001
-3.03497314453125,1.18855
-3.001708984375,1.1886
-3.096923828125,1.18865
-2.8973388671875,1.1887
-2.8594970703125,1.18875
-2.760009765625,1.1888
-3.033447265625,1.18885
-2.89581298828125,1.1889
-2.7764892578125,1.1889500000000002
-2.85919189453125,1.189
-2.71484375,1.1890500000000002
-2.94586181640625,1.1891
-2.86529541015625,1.1891500000000002
-3.09783935546875,1.1892
-2.601318359375,1.1892500000000001
-2.835693359375,1.1893
-3.17169189453125,1.1893500000000001
-3.00811767578125,1.1894
-2.65960693359375,1.1894500000000001
-3.12744140625,1.1895
-3.001708984375,1.18955
-2.8472900390625,1.1896
-3.026123046875,1.18965
-2.9443359375,1.1897
-2.88116455078125,1.18975
-2.8900146484375,1.1898
-2.8057861328125,1.18985
-2.71453857421875,1.1899000000000002
-2.9144287109375,1.18995
-2.894287109375,1.1900000000000002
-2.9461669921875,1.19005
-2.56622314453125,1.1901000000000002
-2.716064453125,1.19015
-2.96783447265625,1.1902000000000001
-3.1707763671875,1.19025
-3.00872802734375,1.1903000000000001
-2.978515625,1.19035
-2.72125244140625,1.1904000000000001
-2.7197265625,1.19045
-2.88665771484375,1.1905000000000001
-2.84332275390625,1.19055
-2.843017578125,1.1906
-2.71148681640625,1.19065
-2.6513671875,1.1907
-2.79937744140625,1.19075
-2.9302978515625,1.1908
-2.7508544921875,1.19085
-2.74322509765625,1.1909
-2.7069091796875,1.1909500000000002
-2.9498291015625,1.191
-2.81707763671875,1.1910500000000002
-2.90313720703125,1.1911
-3.08135986328125,1.1911500000000002
-2.9486083984375,1.1912
-2.73162841796875,1.1912500000000001
-3.0181884765625,1.1913
-2.8839111328125,1.1913500000000001
-2.8936767578125,1.1914
-2.90008544921875,1.1914500000000001
-2.8460693359375,1.1915
-2.894287109375,1.19155
-2.9815673828125,1.1916
-3.04595947265625,1.19165
-2.99041748046875,1.1917
-2.90618896484375,1.19175
-2.9449462890625,1.1918
-2.94586181640625,1.19185
-2.87506103515625,1.1919000000000002
-3.1005859375,1.19195
-3.1622314453125,1.1920000000000002
-3.094482421875,1.19205
-2.879638671875,1.1921000000000002
-3.24951171875,1.19215
-3.30780029296875,1.1922000000000001
-3.44512939453125,1.19225
-2.9962158203125,1.1923000000000001
-3.37982177734375,1.19235
-2.9693603515625,1.1924000000000001
-3.12957763671875,1.19245
-3.24462890625,1.1925000000000001
-3.15460205078125,1.19255
-2.81463623046875,1.1926
-3.2403564453125,1.19265
-3.255615234375,1.1927
-3.15216064453125,1.19275
-3.25164794921875,1.1928
-3.45703125,1.19285
-3.1781005859375,1.1929
-3.251953125,1.1929500000000002
-3.35540771484375,1.193
-3.1781005859375,1.1930500000000002
-3.47625732421875,1.1931
-3.35205078125,1.1931500000000002
-3.32733154296875,1.1932
-3.03070068359375,1.1932500000000001
-2.99163818359375,1.1933
-3.20465087890625,1.1933500000000001
-3.26171875,1.1934
-3.2244873046875,1.1934500000000001
-3.128662109375,1.1935
-2.772216796875,1.19355
-3.2989501953125,1.1936
-3.25531005859375,1.19365
-3.27728271484375,1.1937
-3.11309814453125,1.19375
-3.05908203125,1.1938
-3.33160400390625,1.19385
-3.25653076171875,1.1939
-2.9583740234375,1.19395
-2.843017578125,1.1940000000000002
-3.13201904296875,1.19405
-2.74749755859375,1.1941000000000002
-2.9595947265625,1.19415
-2.80731201171875,1.1942000000000002
-2.87811279296875,1.19425
-2.9608154296875,1.1943000000000001
-2.96783447265625,1.19435
-2.77252197265625,1.1944000000000001
-3.0145263671875,1.19445
-2.9156494140625,1.1945000000000001
-3.07708740234375,1.19455
-2.752685546875,1.1946
-2.8057861328125,1.19465
-2.84820556640625,1.1947
-3.00750732421875,1.19475
-3.2232666015625,1.1948
-3.0059814453125,1.19485
-2.88726806640625,1.1949
-2.90130615234375,1.1949500000000002
-3.0291748046875,1.195
-2.9144287109375,1.1950500000000002
-3.0987548828125,1.1951
-3.18572998046875,1.1951500000000002
-3.14453125,1.1952
-3.0010986328125,1.1952500000000001
-3.359375,1.1953
-3.28399658203125,1.1953500000000001
-3.33282470703125,1.1954
-3.270263671875,1.1954500000000001
-3.5626220703125,1.1955
-3.31207275390625,1.1955500000000001
-3.26690673828125,1.1956
-3.282470703125,1.19565
-3.58673095703125,1.1957
-3.0023193359375,1.19575
-3.4112548828125,1.1958
-3.2928466796875,1.19585
-3.1494140625,1.1959
-3.26324462890625,1.19595
-3.33953857421875,1.1960000000000002
-3.1500244140625,1.19605
-3.1866455078125,1.1961000000000002
-3.07037353515625,1.19615
-3.2147216796875,1.1962000000000002
-3.49700927734375,1.19625
-3.30169677734375,1.1963000000000001
-2.919921875,1.19635
-2.78961181640625,1.1964000000000001
-3.02947998046875,1.19645
-3.02276611328125,1.1965000000000001
-3.10638427734375,1.19655
-2.89306640625,1.1966
-2.81219482421875,1.19665
-2.662353515625,1.1967
-2.98065185546875,1.19675
-2.811279296875,1.1968
-2.9290771484375,1.19685
-2.75665283203125,1.1969
-3.0975341796875,1.1969500000000002
-3.199462890625,1.197
-3.01849365234375,1.1970500000000002
-2.92327880859375,1.1971
-2.92022705078125,1.1971500000000002
-3.16558837890625,1.1972
-2.5872802734375,1.1972500000000001
-2.84515380859375,1.1973
-2.867431640625,1.1973500000000001
-2.91656494140625,1.1974
-2.70355224609375,1.1974500000000001
-2.85369873046875,1.1975
-2.747802734375,1.1975500000000001
-3.06793212890625,1.1976
-2.96112060546875,1.19765
-2.65472412109375,1.1977
-2.8759765625,1.19775
-2.75177001953125,1.1978
-2.67791748046875,1.19785
-2.98431396484375,1.1979
-3.19610595703125,1.19795
-3.06396484375,1.1980000000000002
-2.67822265625,1.19805
-3.07525634765625,1.1981000000000002
-3.23455810546875,1.19815
-3.02337646484375,1.1982000000000002
-3.17840576171875,1.19825
-3.21044921875,1.1983000000000001
-3.37005615234375,1.19835
-3.20648193359375,1.1984000000000001
-3.48846435546875,1.19845
-3.54766845703125,1.1985000000000001
-3.71551513671875,1.19855
-3.736572265625,1.1986
-3.58551025390625,1.19865
-3.3209228515625,1.1987
-3.51837158203125,1.19875
-3.71307373046875,1.1988
-3.67340087890625,1.19885
-3.27392578125,1.1989
-3.52508544921875,1.1989500000000002
-3.4637451171875,1.199
-3.17596435546875,1.1990500000000002
-3.44329833984375,1.1991
-3.4307861328125,1.1991500000000002
-3.18359375,1.1992
-3.3685302734375,1.1992500000000001
-3.6083984375,1.1993
-3.34075927734375,1.1993500000000001
-3.5699462890625,1.1994
-3.3251953125,1.1994500000000001
-3.251953125,1.1995
-3.260498046875,1.1995500000000001
-3.377685546875,1.1996
-3.341064453125,1.19965
-3.233642578125,1.1997
-2.86041259765625,1.19975
-2.91839599609375,1.1998
-2.646484375,1.19985
-2.8338623046875,1.1999
-2.78594970703125,1.19995
-2.73284912109375,1.2
-2.5372314453125,1.20005
-2.68707275390625,1.2001
-2.8948974609375,1.20015
-3.1768798828125,1.2002
-2.98675537109375,1.20025
-3.001708984375,1.2003
-3.20098876953125,1.20035
-2.91961669921875,1.2004
-3.323974609375,1.20045
-3.3648681640625,1.2005
-3.16741943359375,1.20055
-3.09295654296875,1.2006
-3.1280517578125,1.20065
-2.73651123046875,1.2006999999999999
-3.24676513671875,1.20075
-3.1842041015625,1.2007999999999999
-2.74444580078125,1.20085
-2.857666015625,1.2008999999999999
-3.31085205078125,1.20095
-2.91015625,1.2009999999999998
-3.2696533203125,1.20105
-3.32977294921875,1.2011
-3.16925048828125,1.20115
-2.88848876953125,1.2012
-3.12225341796875,1.20125
-2.933349609375,1.2013
-2.9998779296875,1.20135
-2.8955078125,1.2014
-2.8607177734375,1.20145
-2.8759765625,1.2015
-2.46124267578125,1.20155
-2.86651611328125,1.2016
-2.825927734375,1.2016499999999999
-2.803955078125,1.2017
-2.56011962890625,1.2017499999999999
-2.802734375,1.2018
-2.735595703125,1.2018499999999999
-2.82684326171875,1.2019
-2.75146484375,1.2019499999999999
-2.90008544921875,1.202
-2.7703857421875,1.20205
-2.7276611328125,1.2021
-2.87353515625,1.20215
-2.58575439453125,1.2022
-2.58331298828125,1.20225
-2.694091796875,1.2023
-2.49053955078125,1.20235
-2.53265380859375,1.2024
-2.8350830078125,1.20245
-2.6861572265625,1.2025
-2.611083984375,1.20255
-2.86712646484375,1.2026
-2.7020263671875,1.20265
-2.7337646484375,1.2026999999999999
-2.8814697265625,1.20275
-2.899169921875,1.2027999999999999
-2.89520263671875,1.20285
-2.96478271484375,1.2028999999999999
-2.7984619140625,1.20295
-2.874755859375,1.2029999999999998
-3.056640625,1.20305
-2.8204345703125,1.2031
-3.09967041015625,1.20315
-2.4847412109375,1.2032
-2.75909423828125,1.20325
-2.99468994140625,1.2033
-2.96600341796875,1.20335
-2.64678955078125,1.2034
-2.7410888671875,1.20345
-2.88665771484375,1.2035
-2.8466796875,1.20355
-3.03466796875,1.2036
-2.9290771484375,1.2036499999999999
-2.80487060546875,1.2037
-2.87689208984375,1.2037499999999999
-3.11370849609375,1.2038
-2.87139892578125,1.2038499999999999
-3.2928466796875,1.2039
-2.95623779296875,1.2039499999999999
-3.050537109375,1.204
-2.70843505859375,1.20405
-3.15643310546875,1.2041
-3.0133056640625,1.20415
-3.2720947265625,1.2042
-3.41217041015625,1.20425
-3.28369140625,1.2043
-3.0780029296875,1.20435
-3.37738037109375,1.2044
-3.2269287109375,1.20445
-3.30352783203125,1.2045
-3.3599853515625,1.20455
-3.12408447265625,1.2046
-3.27056884765625,1.20465
-3.40728759765625,1.2046999999999999
-3.39508056640625,1.20475
-3.2232666015625,1.2047999999999999
-3.1390380859375,1.20485
-3.12103271484375,1.2048999999999999
-3.28216552734375,1.20495
-3.26324462890625,1.2049999999999998
-3.187255859375,1.20505
-3.1182861328125,1.2051
-3.12835693359375,1.20515
-2.78594970703125,1.2052
-2.97027587890625,1.20525
-2.9248046875,1.2053
-2.80364990234375,1.20535
-2.86224365234375,1.2054
-2.9803466796875,1.20545
-2.7288818359375,1.2055
-3.1292724609375,1.20555
-3.2391357421875,1.2056
-3.1982421875,1.2056499999999999
-2.808837890625,1.2057
-3.25347900390625,1.2057499999999999
-2.80792236328125,1.2058
-2.83355712890625,1.2058499999999999
-3.14361572265625,1.2059
-3.15032958984375,1.2059499999999999
-2.965087890625,1.206
-2.65533447265625,1.20605
-2.86773681640625,1.2061
-3.01239013671875,1.20615
-3.0322265625,1.2062
-3.03466796875,1.20625
-3.15704345703125,1.2063
-3.05755615234375,1.20635
-3.34747314453125,1.2064
-3.45977783203125,1.20645
-3.3331298828125,1.2065
-3.1146240234375,1.20655
-3.3551025390625,1.2066
-3.087158203125,1.20665
-3.062744140625,1.2066999999999999
-3.44024658203125,1.20675
-3.3465576171875,1.2067999999999999
-2.93304443359375,1.20685
-3.38714599609375,1.2068999999999999
-3.22906494140625,1.20695
-3.170166015625,1.2069999999999999
-3.3197021484375,1.20705
-3.475341796875,1.2071
-3.30352783203125,1.20715
-3.1597900390625,1.2072
-3.31085205078125,1.20725
-3.1744384765625,1.2073
-3.30230712890625,1.20735
-3.4283447265625,1.2074
-3.03314208984375,1.20745
-2.89642333984375,1.2075
-3.23394775390625,1.20755
-3.13934326171875,1.2076
-3.0584716796875,1.20765
-3.01605224609375,1.2077
-3.1610107421875,1.2077499999999999
-3.084716796875,1.2078
-3.2598876953125,1.2078499999999999
-3.33099365234375,1.2079
-3.06915283203125,1.2079499999999999
-3.30780029296875,1.208
-3.0731201171875,1.2080499999999998
-3.4088134765625,1.2081
-3.3154296875,1.20815
-3.211669921875,1.2082
-3.3428955078125,1.20825
-3.41888427734375,1.2083
-2.998046875,1.20835
-3.66241455078125,1.2084
-3.28857421875,1.20845
-3.2037353515625,1.2085
-3.09173583984375,1.20855
-3.20220947265625,1.2086
-2.91107177734375,1.20865
-3.06976318359375,1.2086999999999999
-3.47137451171875,1.20875
-3.2757568359375,1.2087999999999999
-2.8973388671875,1.20885
-3.316650390625,1.2088999999999999
-3.2830810546875,1.20895
-3.34564208984375,1.2089999999999999
-3.193359375,1.20905
-3.39599609375,1.2091
-2.9534912109375,1.20915
-3.20037841796875,1.2092
-3.292236328125,1.20925
-3.3660888671875,1.2093
-3.1329345703125,1.20935
-3.4796142578125,1.2094
-3.37860107421875,1.20945
-3.1365966796875,1.2095
-3.31878662109375,1.20955
-3.29986572265625,1.2096
-3.4246826171875,1.20965
-3.06610107421875,1.2097
-3.24462890625,1.2097499999999999
-3.17840576171875,1.2098
-3.13629150390625,1.2098499999999999
-3.51318359375,1.2099
-3.572998046875,1.2099499999999999
-2.88360595703125,1.21
-3.25531005859375,1.2100499999999998
-3.4674072265625,1.2101
-3.2928466796875,1.21015
-3.348388671875,1.2102
-3.55224609375,1.21025
-3.13232421875,1.2103
-3.03985595703125,1.21035
-3.5260009765625,1.2104
-3.32672119140625,1.21045
-3.32855224609375,1.2105
-3.09478759765625,1.21055
-3.25897216796875,1.2106
-3.16314697265625,1.21065
-3.20281982421875,1.2106999999999999
-3.14239501953125,1.21075
-3.1884765625,1.2107999999999999
-3.2220458984375,1.21085
-3.55438232421875,1.2108999999999999
-3.3990478515625,1.21095
-3.38165283203125,1.2109999999999999
-3.50067138671875,1.21105
-3.27667236328125,1.2111
-3.23974609375,1.21115
-2.85736083984375,1.2112
-3.2305908203125,1.21125
-3.06121826171875,1.2113
-3.04443359375,1.21135
-3.18511962890625,1.2114
-2.90374755859375,1.21145
-2.79022216796875,1.2115
-3.3099365234375,1.21155
-3.3038330078125,1.2116
-2.947998046875,1.21165
-2.9071044921875,1.2117
-3.23944091796875,1.2117499999999999
-2.83050537109375,1.2118
-3.33221435546875,1.2118499999999999
-3.49456787109375,1.2119
-3.05755615234375,1.2119499999999999
-2.83233642578125,1.212
-2.9156494140625,1.2120499999999998
-3.13934326171875,1.2121
-3.0126953125,1.21215
-2.9388427734375,1.2122
-3.01605224609375,1.21225
-2.92022705078125,1.2123
-3.09539794921875,1.21235
-3.3154296875,1.2124
-3.038330078125,1.21245
-3.018798828125,1.2125
-3.2745361328125,1.21255
-3.27972412109375,1.2126
-2.91900634765625,1.21265
-2.989501953125,1.2127
-3.0670166015625,1.21275
-3.18603515625,1.2127999999999999
-2.74749755859375,1.21285
-3.0029296875,1.2128999999999999
-2.93121337890625,1.21295
-2.904052734375,1.2129999999999999
-2.95440673828125,1.21305
-2.999267578125,1.2130999999999998
-2.50762939453125,1.21315
-2.81829833984375,1.2132
-3.2940673828125,1.21325
-3.15704345703125,1.2133
-2.938232421875,1.21335
-3.16162109375,1.2134
-2.94525146484375,1.21345
-3.0194091796875,1.2135
-3.1134033203125,1.21355
-3.0938720703125,1.2136
-2.95562744140625,1.21365
-3.0206298828125,1.2137
-2.9949951171875,1.2137499999999999
-2.79693603515625,1.2138
-2.98583984375,1.2138499999999999
-2.9986572265625,1.2139
-2.87841796875,1.2139499999999999
-2.91259765625,1.214
-2.92144775390625,1.2140499999999999
-2.7685546875,1.2141
-2.9156494140625,1.21415
-3.0767822265625,1.2142
-2.9779052734375,1.21425
-2.75634765625,1.2143
-2.9034423828125,1.21435
-3.0096435546875,1.2144
-2.96478271484375,1.21445
-2.5787353515625,1.2145
-2.5396728515625,1.21455
-2.72735595703125,1.2146
-2.47283935546875,1.21465
-2.81524658203125,1.2147
-2.7606201171875,1.21475
-2.48077392578125,1.2147999999999999
-2.59490966796875,1.21485
-3.06427001953125,1.2148999999999999
-2.6519775390625,1.21495
-2.94830322265625,1.2149999999999999
-3.0322265625,1.21505
-3.07373046875,1.2150999999999998
-2.77435302734375,1.21515
-2.9547119140625,1.2152
-2.9541015625,1.21525
-2.7740478515625,1.2153
-2.989501953125,1.21535
-2.8204345703125,1.2154
-2.96112060546875,1.21545
-2.8790283203125,1.2155
-2.98248291015625,1.21555
-3.031005859375,1.2156
-2.65869140625,1.21565
-2.97637939453125,1.2157
-3.0633544921875,1.2157499999999999
-2.78961181640625,1.2158
-2.94525146484375,1.2158499999999999
-3.1488037109375,1.2159
-2.811279296875,1.2159499999999999
-2.87750244140625,1.216
-2.82928466796875,1.2160499999999999
-2.95928955078125,1.2161
-2.96295166015625,1.21615
-2.74993896484375,1.2162
-3.1561279296875,1.21625
-2.86865234375,1.2163
-3.1256103515625,1.21635
-3.40118408203125,1.2164
-3.46435546875,1.21645
-3.1488037109375,1.2165
-3.236083984375,1.21655
-3.1298828125,1.2166
-3.20831298828125,1.21665
-3.41552734375,1.2167
-3.375244140625,1.21675
-3.08380126953125,1.2167999999999999
-3.35723876953125,1.21685
-3.32550048828125,1.2168999999999999
-3.09112548828125,1.21695
-3.31329345703125,1.2169999999999999
-3.3221435546875,1.21705
-3.42681884765625,1.2170999999999998
-3.04840087890625,1.21715
-3.11981201171875,1.2172
-3.20709228515625,1.21725
-3.39813232421875,1.2173
-3.0706787109375,1.21735
-3.2720947265625,1.2174
-3.04534912109375,1.21745
-3.21868896484375,1.2175
-3.17138671875,1.21755
-3.1146240234375,1.2176
-2.85858154296875,1.21765
-2.81768798828125,1.2177
-3.06732177734375,1.2177499999999999
-3.12530517578125,1.2178
-3.023681640625,1.2178499999999999
-3.1103515625,1.2179
-3.04351806640625,1.2179499999999999
-3.1341552734375,1.218
-3.277587890625,1.2180499999999999
-3.2080078125,1.2181
-3.09356689453125,1.21815
-3.38531494140625,1.2182
-3.438720703125,1.21825
-2.9364013671875,1.2183
-3.2958984375,1.21835
-3.30230712890625,1.2184
-3.2763671875,1.21845
-3.28216552734375,1.2185
-3.07281494140625,1.21855
-3.08074951171875,1.2186
-3.21807861328125,1.21865
-3.450927734375,1.2187
-3.56231689453125,1.21875
-3.08258056640625,1.2187999999999999
-3.4661865234375,1.21885
-3.69232177734375,1.2188999999999999
-3.477783203125,1.21895
-3.25958251953125,1.2189999999999999
-3.43170166015625,1.21905
-3.0767822265625,1.2190999999999999
-3.0413818359375,1.21915
-3.46405029296875,1.2192
-3.2220458984375,1.21925
-3.24066162109375,1.2193
-3.20770263671875,1.21935
-3.10791015625,1.2194
-2.96661376953125,1.21945
-3.00445556640625,1.2195
-3.38714599609375,1.21955
-3.416748046875,1.2196
-3.0126953125,1.21965
-3.233642578125,1.2197
-3.0157470703125,1.21975
-2.8802490234375,1.2198
-3.27239990234375,1.2198499999999999
-3.3636474609375,1.2199
-2.92266845703125,1.2199499999999999
-3.07159423828125,1.22
-2.8240966796875,1.2200499999999999
-3.10638427734375,1.2201
-3.14727783203125,1.2201499999999998
-3.18359375,1.2202
-3.29010009765625,1.22025
-3.02947998046875,1.2203
-3.4796142578125,1.22035
-3.5260009765625,1.2204
-3.2611083984375,1.22045
-3.15032958984375,1.2205
-3.51470947265625,1.22055
-3.116455078125,1.2206
-3.408203125,1.22065
-3.13720703125,1.2207
-3.29071044921875,1.22075
-3.07647705078125,1.2207999999999999
-3.1610107421875,1.22085
-3.35784912109375,1.2208999999999999
-3.33404541015625,1.22095
-3.1732177734375,1.2209999999999999
-3.2391357421875,1.22105
-3.13720703125,1.2210999999999999
-3.0120849609375,1.22115
-3.22967529296875,1.2212
-3.2562255859375,1.22125
-3.05633544921875,1.2213
-3.07037353515625,1.22135
-3.27789306640625,1.2214
-2.762451171875,1.22145
-3.29376220703125,1.2215
-3.07769775390625,1.22155
-2.911376953125,1.2216
-2.97454833984375,1.22165
-3.00872802734375,1.2217
-3.02459716796875,1.22175
-3.30078125,1.2218
-3.11859130859375,1.2218499999999999
-3.26873779296875,1.2219
-2.9656982421875,1.2219499999999999
-2.9693603515625,1.222
-3.23089599609375,1.2220499999999999
-2.9931640625,1.2221
-2.68463134765625,1.2221499999999998
-3.12042236328125,1.2222
-2.83447265625,1.22225
-3.0615234375,1.2223
-3.35693359375,1.22235
-3.24493408203125,1.2224
-3.2012939453125,1.22245
-3.25714111328125,1.2225
-3.29193115234375,1.22255
-3.42254638671875,1.2226
-3.2794189453125,1.22265
-3.67828369140625,1.2227
-3.84918212890625,1.22275
-3.4716796875,1.2227999999999999
-3.76068115234375,1.22285
-3.7158203125,1.2228999999999999
-3.682861328125,1.22295
-3.712158203125,1.2229999999999999
-3.89923095703125,1.22305
-3.25714111328125,1.2230999999999999
-3.45062255859375,1.22315
-3.84368896484375,1.2232
-3.76678466796875,1.22325
-3.3392333984375,1.2233
-3.6737060546875,1.22335
-3.57330322265625,1.2234
-3.5089111328125,1.22345
-3.5968017578125,1.2235
-3.37158203125,1.22355
-3.316650390625,1.2236
-3.21746826171875,1.22365
-3.406982421875,1.2237
-3.221435546875,1.22375
-3.12896728515625,1.2238
-3.004150390625,1.2238499999999999
-2.999267578125,1.2239
-2.6812744140625,1.2239499999999999
-2.81494140625,1.224
-2.7984619140625,1.2240499999999999
-2.796630859375,1.2241
-2.5830078125,1.2241499999999998
-2.5640869140625,1.2242
-2.509765625,1.22425
-2.46124267578125,1.2243
-2.6318359375,1.22435
-2.6739501953125,1.2244
-2.716064453125,1.22445
-2.3516845703125,1.2245
-2.56927490234375,1.22455
-2.56072998046875,1.2246
-3.04473876953125,1.22465
-2.71453857421875,1.2247
-3.0084228515625,1.22475
-2.8399658203125,1.2247999999999999
-3.157958984375,1.22485
-3.109130859375,1.2248999999999999
-3.14239501953125,1.22495
-3.0609130859375,1.2249999999999999
-3.22601318359375,1.22505
-2.86285400390625,1.2250999999999999
-3.223876953125,1.22515
-3.033447265625,1.2251999999999998
-3.1475830078125,1.22525
-3.057861328125,1.2252999999999998
-2.98583984375,1.22535
-2.98675537109375,1.2253999999999998
-3.1024169921875,1.22545
-3.07159423828125,1.2254999999999998
-3.04351806640625,1.22555
-3.00262451171875,1.2255999999999998
-2.9833984375,1.22565
-2.97210693359375,1.2256999999999998
-3.02093505859375,1.22575
-2.92816162109375,1.2258
-2.97760009765625,1.2258499999999999
-2.98431396484375,1.2259
-2.62054443359375,1.2259499999999999
-2.977294921875,1.226
-2.89306640625,1.2260499999999999
-2.81646728515625,1.2261
-2.838134765625,1.2261499999999999
-3.0352783203125,1.2262
-2.94647216796875,1.2262499999999998
-2.8924560546875,1.2263
-2.95928955078125,1.2263499999999998
-3.15765380859375,1.2264
-2.6678466796875,1.2264499999999998
-2.85919189453125,1.2265
-2.8887939453125,1.2265499999999998
-2.73468017578125,1.2266
-2.85369873046875,1.2266499999999998
-3.0859375,1.2267
-2.97637939453125,1.2267499999999998
-2.93060302734375,1.2268
-3.079833984375,1.22685
-3.41766357421875,1.2268999999999999
-3.3465576171875,1.22695
-3.375244140625,1.2269999999999999
-3.2403564453125,1.22705
-3.22174072265625,1.2270999999999999
-3.18939208984375,1.22715
-3.4332275390625,1.2271999999999998
-3.58673095703125,1.22725
-3.28033447265625,1.2272999999999998
-3.2354736328125,1.22735
-2.967529296875,1.2273999999999998
-3.31756591796875,1.22745
-3.27880859375,1.2274999999999998
-3.2183837890625,1.22755
-3.0938720703125,1.2275999999999998
-3.1048583984375,1.22765
-3.402099609375,1.2276999999999998
-3.4552001953125,1.22775
-3.223876953125,1.2278
-3.12530517578125,1.2278499999999999
-3.590087890625,1.2279
-3.115234375,1.2279499999999999
-3.3935546875,1.228
-3.2666015625,1.2280499999999999
-3.3160400390625,1.2281
-3.2183837890625,1.2281499999999999
-3.34503173828125,1.2282
-3.0706787109375,1.2282499999999998
-3.345947265625,1.2283
-3.2806396484375,1.2283499999999998
-3.29345703125,1.2284
-2.9168701171875,1.2284499999999998
-2.87811279296875,1.2285
-3.10272216796875,1.2285499999999998
-3.20648193359375,1.2286
-3.31146240234375,1.2286499999999998
-3.18878173828125,1.2287
-3.2672119140625,1.2287499999999998
-3.27392578125,1.2288
-3.64105224609375,1.22885
-3.51837158203125,1.2288999999999999
-3.31878662109375,1.22895
-3.4246826171875,1.2289999999999999
-3.214111328125,1.22905
-3.06884765625,1.2290999999999999
-3.564453125,1.22915
-3.1707763671875,1.2291999999999998
-3.3941650390625,1.22925
-3.267822265625,1.2292999999999998
-3.316650390625,1.22935
-3.1121826171875,1.2293999999999998
-3.2305908203125,1.22945
-3.14453125,1.2294999999999998
-3.6407470703125,1.22955
-2.82440185546875,1.2295999999999998
-3.24127197265625,1.22965
-3.2867431640625,1.2296999999999998
-3.1048583984375,1.22975
-3.04168701171875,1.2298
-3.294677734375,1.2298499999999999
-2.81707763671875,1.2299
-3.118896484375,1.2299499999999999
-3.11126708984375,1.23
-3.08349609375,1.2300499999999999
-3.40911865234375,1.2301
-3.2403564453125,1.2301499999999999
-3.02734375,1.2302
-3.2232666015625,1.2302499999999998
-3.3624267578125,1.2303
-3.43994140625,1.2303499999999998
-3.697509765625,1.2304
-2.95440673828125,1.2304499999999998
-3.38226318359375,1.2305
-3.07861328125,1.2305499999999998
-3.18084716796875,1.2306
-3.22723388671875,1.2306499999999998
-3.3221435546875,1.2307
-3.0499267578125,1.2307499999999998
-3.1719970703125,1.2308
-3.228759765625,1.23085
-3.1146240234375,1.2308999999999999
-3.089599609375,1.23095
-2.9266357421875,1.2309999999999999
-3.062744140625,1.23105
-2.7734375,1.2310999999999999
-2.87445068359375,1.23115
-3.00689697265625,1.2311999999999999
-2.92236328125,1.23125
-2.71820068359375,1.2312999999999998
-3.0584716796875,1.23135
-2.9156494140625,1.2313999999999998
-3.06976318359375,1.23145
-3.06884765625,1.2314999999999998
-2.7490234375,1.23155
-2.9693603515625,1.2315999999999998
-2.947998046875,1.23165
-2.63702392578125,1.2316999999999998
-3.111572265625,1.23175
-3.1341552734375,1.2317999999999998
-2.84027099609375,1.23185
-2.67120361328125,1.2319
-2.7392578125,1.2319499999999999
-2.977294921875,1.232
-2.92877197265625,1.2320499999999999
-2.6531982421875,1.2321
-2.74810791015625,1.2321499999999999
-2.90252685546875,1.2322
-2.76092529296875,1.2322499999999998
-2.9901123046875,1.2323
-2.9412841796875,1.2323499999999998
-2.83843994140625,1.2324
-2.85430908203125,1.2324499999999998
-2.97607421875,1.2325
-2.5653076171875,1.2325499999999998
-2.8631591796875,1.2326
-3.0694580078125,1.2326499999999998
-2.945556640625,1.2327
-2.70965576171875,1.2327499999999998
-2.79052734375,1.2328
-3.05389404296875,1.23285
-3.0010986328125,1.2328999999999999
-2.8302001953125,1.23295
-2.94952392578125,1.2329999999999999
-2.8558349609375,1.23305
-3.0401611328125,1.2330999999999999
-3.16802978515625,1.23315
-3.08807373046875,1.2331999999999999
-3.10089111328125,1.23325
-3.14453125,1.2332999999999998
-3.09326171875,1.23335
-3.3123779296875,1.2333999999999998
-3.2061767578125,1.23345
-3.4063720703125,1.2334999999999998
-3.349609375,1.23355
-3.18878173828125,1.2335999999999998
-3.2574462890625,1.23365
-3.09112548828125,1.2336999999999998
-3.4100341796875,1.23375
-3.20770263671875,1.2337999999999998
-3.3941650390625,1.23385
-2.91961669921875,1.2339
-3.0523681640625,1.2339499999999999
-3.3917236328125,1.234
-3.4375,1.2340499999999999
-3.03466796875,1.2341
-3.3941650390625,1.2341499999999999
-3.36517333984375,1.2342
-3.4063720703125,1.2342499999999998
-3.5498046875,1.2343
-3.4844970703125,1.2343499999999998
-3.3721923828125,1.2344
-3.218994140625,1.2344499999999998
-3.4130859375,1.2345
-3.34228515625,1.2345499999999998
-3.5162353515625,1.2346
-3.39141845703125,1.2346499999999998
-3.10150146484375,1.2347
-3.31939697265625,1.2347499999999998
-3.65020751953125,1.2348
-3.34564208984375,1.23485
-3.8275146484375,1.2348999999999999
-3.6669921875,1.23495
-3.5772705078125,1.2349999999999999
-3.22052001953125,1.23505
-3.41522216796875,1.2350999999999999
-3.206787109375,1.23515
-3.30474853515625,1.2351999999999999
-3.04901123046875,1.23525
-3.0908203125,1.2352999999999998
-3.0743408203125,1.23535
-2.89794921875,1.2353999999999998
-3.13385009765625,1.23545
-3.16314697265625,1.2354999999999998
-2.930908203125,1.23555
-2.95684814453125,1.2355999999999998
-3.16986083984375,1.23565
-3.1689453125,1.2356999999999998
-3.3026123046875,1.23575
-3.394775390625,1.2357999999999998
-3.23883056640625,1.23585
-3.074951171875,1.2359
-3.4478759765625,1.2359499999999999
-3.24462890625,1.236
-3.150634765625,1.2360499999999999
-3.21929931640625,1.2361
-3.0810546875,1.2361499999999999
-2.9425048828125,1.2362
-3.2232666015625,1.2362499999999998
-3.1658935546875,1.2363
-3.12530517578125,1.2363499999999998
-3.192138671875,1.2364
-3.3013916015625,1.2364499999999998
-3.14727783203125,1.2365
-3.22601318359375,1.2365499999999998
-3.07830810546875,1.2366
-3.2977294921875,1.2366499999999998
-3.22235107421875,1.2367
-3.13262939453125,1.2367499999999998
-2.996826171875,1.2368
-3.21197509765625,1.23685
-3.18145751953125,1.2368999999999999
-3.02093505859375,1.23695
-3.13720703125,1.2369999999999999
-2.74383544921875,1.23705
-2.9779052734375,1.2370999999999999
-3.13385009765625,1.23715
-3.055419921875,1.2371999999999999
-2.8790283203125,1.23725
-2.96844482421875,1.2372999999999998
-2.9144287109375,1.23735
-3.18115234375,1.2373999999999998
-3.29498291015625,1.23745
-3.13812255859375,1.2374999999999998
-2.91900634765625,1.23755
-3.00323486328125,1.2375999999999998
-3.14727783203125,1.23765
-2.9205322265625,1.2376999999999998
-3.162841796875,1.23775
-2.965087890625,1.2377999999999998
-2.97454833984375,1.23785
-3.033447265625,1.2379
-2.991943359375,1.2379499999999999
-2.80303955078125,1.238
-3.118896484375,1.2380499999999999
-3.328857421875,1.2381
-3.2958984375,1.2381499999999999
-3.0078125,1.2382
-3.2861328125,1.2382499999999999
-3.1341552734375,1.2383
-3.46527099609375,1.2383499999999998
-3.16314697265625,1.2384
-2.97821044921875,1.2384499999999998
-3.00811767578125,1.2385
-2.92022705078125,1.2385499999999998
-2.95501708984375,1.2386
-3.04840087890625,1.2386499999999998
-3.13751220703125,1.2387
-2.90130615234375,1.2387499999999998
-3.226318359375,1.2388
-3.03985595703125,1.2388499999999998
-3.03436279296875,1.2389
-3.0157470703125,1.23895
-3.16314697265625,1.2389999999999999
-3.11004638671875,1.23905
-3.402099609375,1.2390999999999999
-3.173828125,1.23915
-2.99285888671875,1.2391999999999999
-3.09600830078125,1.23925
-3.172607421875,1.2392999999999998
-2.73406982421875,1.23935
-3.143310546875,1.2393999999999998
-3.16558837890625,1.23945
-3.1317138671875,1.2394999999999998
-2.91290283203125,1.23955
-3.15185546875,1.2395999999999998
-2.88238525390625,1.23965
-3.0450439453125,1.2396999999999998
-3.05694580078125,1.23975
-3.25653076171875,1.2397999999999998
-2.943115234375,1.23985
-2.85247802734375,1.2399
-3.082275390625,1.2399499999999999
-3.3306884765625,1.24
-3.1756591796875,1.2400499999999999
-3.16986083984375,1.2401
-3.22021484375,1.2401499999999999
-3.21746826171875,1.2402
-3.42559814453125,1.2402499999999999
-3.446044921875,1.2403
-3.3160400390625,1.2403499999999998
-3.0877685546875,1.2404
-3.26141357421875,1.2404499999999998
-3.13323974609375,1.2405
-3.3905029296875,1.2405499999999998
-3.42041015625,1.2406
-3.24127197265625,1.2406499999999998
-2.88299560546875,1.2407
-3.4405517578125,1.2407499999999998
-3.31512451171875,1.2408
-3.30322265625,1.2408499999999998
-3.6328125,1.2409
-3.5711669921875,1.24095
-3.525390625,1.2409999999999999
-3.3660888671875,1.24105
-3.57421875,1.2410999999999999
-3.36761474609375,1.24115
-3.72283935546875,1.2411999999999999
-3.33740234375,1.24125
-3.3843994140625,1.2412999999999998
-3.23822021484375,1.24135
-3.36517333984375,1.2413999999999998
-3.26904296875,1.24145
-3.1597900390625,1.2414999999999998
-3.21807861328125,1.24155
-3.4869384765625,1.2415999999999998
-3.206787109375,1.24165
-3.27362060546875,1.2416999999999998
-3.50860595703125,1.24175
-3.2720947265625,1.2417999999999998
-3.19732666015625,1.24185
-3.28338623046875,1.2419
-3.48876953125,1.2419499999999999
-3.27239990234375,1.242
-3.111572265625,1.2420499999999999
-3.29498291015625,1.2421
-3.3160400390625,1.2421499999999999
-2.91717529296875,1.2422
-3.343505859375,1.2422499999999999
-3.2830810546875,1.2423
-3.0877685546875,1.2423499999999998
-3.277587890625,1.2424
-3.009033203125,1.2424499999999998
-2.82318115234375,1.2425
-3.41796875,1.2425499999999998
-3.64227294921875,1.2426
-3.31390380859375,1.2426499999999998
-3.06671142578125,1.2427
-3.31207275390625,1.2427499999999998
-3.4619140625,1.2428
-3.5015869140625,1.2428499999999998
-3.211669921875,1.2429
-3.311767578125,1.24295
-3.062744140625,1.2429999999999999
-3.017578125,1.24305
-3.40179443359375,1.2430999999999999
-3.29803466796875,1.24315
-3.32794189453125,1.2431999999999999
-3.580322265625,1.24325
-3.42681884765625,1.2432999999999998
-3.31268310546875,1.24335
-3.55255126953125,1.2433999999999998
-3.575439453125,1.24345
-3.46435546875,1.2434999999999998
-3.57025146484375,1.24355
-3.6285400390625,1.2435999999999998
-3.71063232421875,1.24365
-3.67340087890625,1.2436999999999998
-3.929443359375,1.24375
-3.70452880859375,1.2437999999999998
-3.09112548828125,1.24385
-3.50860595703125,1.2438999999999998
-3.65447998046875,1.24395
-3.50067138671875,1.244
-3.416748046875,1.2440499999999999
-3.77349853515625,1.2441
-3.57452392578125,1.2441499999999999
-3.865966796875,1.2442
-3.96331787109375,1.2442499999999999
-3.7530517578125,1.2443
-3.71856689453125,1.2443499999999998
-3.47930908203125,1.2444
-3.697509765625,1.2444499999999998
-3.497314453125,1.2445
-3.49761962890625,1.2445499999999998
-3.2958984375,1.2446
-3.270263671875,1.2446499999999998
-3.1646728515625,1.2447
-3.355712890625,1.2447499999999998
-3.052978515625,1.2448
-3.082275390625,1.2448499999999998
-3.15704345703125,1.2449
-3.39111328125,1.24495
-3.02032470703125,1.2449999999999999
-3.52630615234375,1.24505
-3.1683349609375,1.2450999999999999
-3.2513427734375,1.24515
-3.0377197265625,1.2451999999999999
-3.28094482421875,1.24525
-3.018798828125,1.2452999999999999
-3.14208984375,1.24535
-3.3721923828125,1.2453999999999998
-3.3331298828125,1.24545
-2.96661376953125,1.2454999999999998
-2.82073974609375,1.24555
-3.14697265625,1.2455999999999998
-2.73773193359375,1.24565
-3.1939697265625,1.2456999999999998
-3.28338623046875,1.24575
-3.0535888671875,1.2457999999999998
-2.9437255859375,1.24585
-2.9034423828125,1.2458999999999998
-2.98492431640625,1.24595
-2.99285888671875,1.246
-3.00750732421875,1.2460499999999999
-3.206787109375,1.2461
-2.7789306640625,1.2461499999999999
-2.9296875,1.2462
-3.18359375,1.2462499999999999
-3.2171630859375,1.2463
-3.013916015625,1.2463499999999998
-3.3251953125,1.2464
-3.10943603515625,1.2464499999999998
-3.28399658203125,1.2465
-3.38592529296875,1.2465499999999998
-3.55133056640625,1.2466
-3.37646484375,1.2466499999999998
-3.4967041015625,1.2467
-3.50860595703125,1.2467499999999998
-3.6114501953125,1.2468
-3.6163330078125,1.2468499999999998
-3.93280029296875,1.2469
-3.49945068359375,1.24695
-3.37310791015625,1.2469999999999999
-3.5888671875,1.24705
-3.57940673828125,1.2470999999999999
-3.42437744140625,1.24715
-3.18084716796875,1.2471999999999999
-3.60748291015625,1.24725
-3.15216064453125,1.2472999999999999
-3.4197998046875,1.24735
-3.56689453125,1.2473999999999998
-3.231201171875,1.24745
-3.37188720703125,1.2474999999999998
-3.5601806640625,1.24755
-3.4906005859375,1.2475999999999998
-3.38470458984375,1.24765
-3.56353759765625,1.2476999999999998
-3.5040283203125,1.24775
-3.4619140625,1.2477999999999998
-3.18878173828125,1.24785
-3.43994140625,1.2478999999999998
-3.00201416015625,1.24795
-3.0816650390625,1.248
-2.86956787109375,1.2480499999999999
-2.81494140625,1.2481
-2.79510498046875,1.2481499999999999
-2.901611328125,1.2482
-2.89398193359375,1.2482499999999999
-2.8106689453125,1.2483
-2.6483154296875,1.2483499999999998
-2.87506103515625,1.2484
-2.72796630859375,1.2484499999999998
-2.8717041015625,1.2485
-3.1207275390625,1.2485499999999998
-2.9205322265625,1.2486
-3.0194091796875,1.2486499999999998
-3.035888671875,1.2487
-3.150634765625,1.2487499999999998
-2.94464111328125,1.2488
-3.2110595703125,1.2488499999999998
-3.4454345703125,1.2489
-3.0859375,1.24895
-3.0621337890625,1.2489999999999999
-3.17657470703125,1.24905
-3.28643798828125,1.2490999999999999
-3.2318115234375,1.24915
-3.16253662109375,1.2491999999999999
-3.2073974609375,1.24925
-2.85919189453125,1.2492999999999999
-3.2232666015625,1.24935
-3.2171630859375,1.2493999999999998
-3.19671630859375,1.24945
-2.83416748046875,1.2494999999999998
-3.232421875,1.24955
-3.1280517578125,1.2495999999999998
-3.055419921875,1.24965
-2.86712646484375,1.2496999999999998
-3.10882568359375,1.24975
-2.613525390625,1.2497999999999998
-2.57354736328125,1.24985
-2.83416748046875,1.2498999999999998
-2.75787353515625,1.24995
-2.66693115234375,1.25
-2.5927734375,1.25005
-2.679443359375,1.2501
-2.62237548828125,1.25015
-2.7288818359375,1.2502
-3.0426025390625,1.25025
-2.82379150390625,1.2503
-2.664794921875,1.25035
-2.9510498046875,1.2504
-2.579345703125,1.25045
-2.6336669921875,1.2505
-2.76092529296875,1.25055
-2.7459716796875,1.2506
-2.5103759765625,1.25065
-2.50030517578125,1.2507
-2.70172119140625,1.25075
-2.71026611328125,1.2508
-2.822265625,1.25085
-2.989501953125,1.2509
-2.68157958984375,1.25095
-2.91717529296875,1.251
-3.11737060546875,1.25105
-3.3013916015625,1.2511
-3.12347412109375,1.25115
-3.0267333984375,1.2512
-3.12591552734375,1.25125
-2.9180908203125,1.2513
-3.19854736328125,1.25135
-3.182373046875,1.2514
-2.9241943359375,1.25145
-2.8253173828125,1.2515
-3.099365234375,1.25155
-2.9864501953125,1.2516
-3.05877685546875,1.25165
-3.10882568359375,1.2517
-3.363037109375,1.25175
-3.08197021484375,1.2518
-3.2952880859375,1.25185
-3.4576416015625,1.2519
-3.06060791015625,1.25195
-3.3905029296875,1.252
-3.3477783203125,1.25205
-3.38775634765625,1.2521
-2.91229248046875,1.25215
-3.22265625,1.2522
-3.3721923828125,1.25225
-3.0523681640625,1.2523
-3.0291748046875,1.25235
-3.138427734375,1.2524
-2.7850341796875,1.25245
-3.3380126953125,1.2525
-3.13568115234375,1.25255
-2.99163818359375,1.2526
-2.886962890625,1.25265
-3.277587890625,1.2527
-3.52874755859375,1.25275
-3.3154296875,1.2528
-3.09295654296875,1.25285
-3.51715087890625,1.2529
-3.126220703125,1.25295
-3.22113037109375,1.253
-3.3868408203125,1.25305
-3.36517333984375,1.2531
-3.23272705078125,1.25315
-3.206787109375,1.2532
-3.221435546875,1.25325
-3.01422119140625,1.2533
-3.1793212890625,1.25335
-3.43536376953125,1.2534
-3.30291748046875,1.25345
-3.3050537109375,1.2535
-3.17352294921875,1.25355
-3.2470703125,1.2536
-3.345947265625,1.25365
-3.21990966796875,1.2537
-3.28125,1.25375
-2.60955810546875,1.2538
-2.92694091796875,1.25385
-3.09173583984375,1.2539
-2.90252685546875,1.25395
-2.78228759765625,1.254
-3.0718994140625,1.25405
-2.66754150390625,1.2541
-2.99774169921875,1.25415
-2.9833984375,1.2542
-2.98187255859375,1.25425
-2.71636962890625,1.2543
-2.94281005859375,1.25435
-3.05511474609375,1.2544
-3.04443359375,1.25445
-3.05755615234375,1.2545
-2.89642333984375,1.25455
-2.88726806640625,1.2546
-2.72705078125,1.25465
-2.7801513671875,1.2547
-3.082275390625,1.25475
-2.92022705078125,1.2548
-3.10028076171875,1.25485
-3.2745361328125,1.2549
-2.99896240234375,1.25495
-3.26080322265625,1.255
-3.28887939453125,1.25505
-3.24951171875,1.2551
-3.18572998046875,1.25515
-2.9461669921875,1.2552
-3.06793212890625,1.25525
-3.145751953125,1.2553
-3.0938720703125,1.25535
-3.27911376953125,1.2554
-2.82806396484375,1.25545
-3.0889892578125,1.2555
-2.97943115234375,1.25555
-2.95867919921875,1.2556
-2.94586181640625,1.25565
-3.05267333984375,1.2557
-2.89031982421875,1.25575
-2.9217529296875,1.2558
-3.12042236328125,1.25585
-3.03436279296875,1.2559
-2.77130126953125,1.25595
-2.92999267578125,1.256
-2.93853759765625,1.25605
-2.6617431640625,1.2561
-2.99896240234375,1.25615
-2.90557861328125,1.2562
-3.07281494140625,1.25625
-2.73895263671875,1.2563
-2.958984375,1.25635
-3.0572509765625,1.2564
-2.767333984375,1.25645
-3.0206298828125,1.2565
-3.33526611328125,1.25655
-3.08319091796875,1.2566
-3.17718505859375,1.25665
-3.0206298828125,1.2567
-3.25103759765625,1.25675
-3.1549072265625,1.2568
-3.2391357421875,1.25685
-3.1854248046875,1.2569
-2.84210205078125,1.25695
-3.2080078125,1.257
-3.02001953125,1.25705
-2.96234130859375,1.2571
-2.8033447265625,1.25715
-3.07464599609375,1.2572
-2.767333984375,1.25725
-2.958984375,1.2573
-2.880859375,1.25735
-3.0096435546875,1.2574
-2.818603515625,1.25745
-3.17901611328125,1.2575
-3.0584716796875,1.25755
-3.099365234375,1.2576
-3.09234619140625,1.25765
-2.99407958984375,1.2577
-3.060302734375,1.25775
-2.81829833984375,1.2578
-2.84576416015625,1.25785
-2.96966552734375,1.2579
-3.00933837890625,1.25795
-2.9718017578125,1.258
-2.87353515625,1.25805
-2.75634765625,1.2581
-3.3624267578125,1.25815
-3.24554443359375,1.2582
-3.114013671875,1.25825
-2.935791015625,1.2583
-3.021240234375,1.25835
-3.0615234375,1.2584
-3.2598876953125,1.25845
-3.00933837890625,1.2585
-3.03985595703125,1.25855
-2.88482666015625,1.2586
-3.074951171875,1.25865
-2.82989501953125,1.2587
-2.8765869140625,1.25875
-2.9669189453125,1.2588
-3.0792236328125,1.25885
-2.8045654296875,1.2589
-2.9638671875,1.25895
-3.23333740234375,1.259
-3.2733154296875,1.25905
-3.07220458984375,1.2591
-3.25714111328125,1.25915
-2.92144775390625,1.2592
-3.02703857421875,1.25925
-3.1475830078125,1.2593
-3.221435546875,1.25935
-3.2708740234375,1.2594
-2.99591064453125,1.25945
-2.9833984375,1.2595
-2.913818359375,1.25955
-3.11248779296875,1.2596
-3.19793701171875,1.25965
-3.32183837890625,1.2597
-2.8289794921875,1.25975
-3.18817138671875,1.2598
-3.21014404296875,1.25985
-3.31146240234375,1.2599
-2.83172607421875,1.25995
-3.37890625,1.26
-2.92724609375,1.26005
-3.15948486328125,1.2601
-3.21380615234375,1.26015
-3.0633544921875,1.2602
-3.114013671875,1.26025
-3.1829833984375,1.2603
-3.15582275390625,1.26035
-2.8619384765625,1.2604
-3.04473876953125,1.26045
-3.06182861328125,1.2605
-3.094482421875,1.26055
-2.666015625,1.2606
-3.04901123046875,1.26065
-3.08502197265625,1.2607
-3.250732421875,1.26075
-3.33038330078125,1.2608
-2.9522705078125,1.26085
-3.00994873046875,1.2609
-3.06396484375,1.26095
-3.07037353515625,1.261
-3.33343505859375,1.26105
-3.055419921875,1.2611
-3.08441162109375,1.26115
-2.83782958984375,1.2612
-2.96600341796875,1.26125
-3.193359375,1.2613
-3.0767822265625,1.26135
-2.86865234375,1.2614
-2.879638671875,1.26145
-3.06793212890625,1.2615
-2.9248046875,1.26155
-2.9644775390625,1.2616
-3.2061767578125,1.26165
-2.8594970703125,1.2617
-2.999267578125,1.26175
-3.275146484375,1.2618
-2.88482666015625,1.26185
-3.11065673828125,1.2619
-3.06976318359375,1.26195
-3.05267333984375,1.262
-3.15338134765625,1.26205
-3.11737060546875,1.2621
-3.11187744140625,1.26215
-2.9803466796875,1.2622
-3.0047607421875,1.26225
-2.95806884765625,1.2623
-2.77984619140625,1.26235
-2.8973388671875,1.2624
-3.1170654296875,1.26245
-2.9901123046875,1.2625
-3.0548095703125,1.26255
-2.78961181640625,1.2626
-3.19671630859375,1.26265
-3.1793212890625,1.2627
-3.1707763671875,1.26275
-3.056640625,1.2628
-3.15673828125,1.26285
-2.93701171875,1.2629
-3.02490234375,1.26295
-2.8546142578125,1.263
-3.0206298828125,1.26305
-2.620849609375,1.2631000000000001
-2.9547119140625,1.26315
-2.57720947265625,1.2632
-2.61444091796875,1.26325
-2.877197265625,1.2633
-2.9248046875,1.26335
-2.70843505859375,1.2634
-2.97454833984375,1.26345
-3.00811767578125,1.2635
-3.0999755859375,1.26355
-3.12469482421875,1.2636
-2.9833984375,1.26365
-2.822265625,1.2637
-2.7154541015625,1.26375
-2.83111572265625,1.2638
-2.7691650390625,1.26385
-3.0523681640625,1.2639
-2.9498291015625,1.26395
-2.70843505859375,1.264
-2.85369873046875,1.26405
-3.1085205078125,1.2641
-2.96875,1.26415
-3.17352294921875,1.2642
-2.93792724609375,1.26425
-3.40087890625,1.2643
-3.1597900390625,1.26435
-3.399658203125,1.2644
-2.996826171875,1.26445
-3.4332275390625,1.2645
-3.20465087890625,1.26455
-2.9156494140625,1.2646
-3.12713623046875,1.26465
-2.967529296875,1.2647
-2.86590576171875,1.26475
-3.0438232421875,1.2648
-2.94677734375,1.26485
-2.81463623046875,1.2649
-3.2867431640625,1.26495
-3.32275390625,1.265
-3.09356689453125,1.26505
-2.89947509765625,1.2651
-2.97332763671875,1.26515
-3.2574462890625,1.2652
-3.21136474609375,1.26525
-3.13568115234375,1.2653
-2.9461669921875,1.26535
-2.9010009765625,1.2654
-2.916259765625,1.26545
-2.73956298828125,1.2655
-3.033447265625,1.26555
-2.98919677734375,1.2656
-2.89276123046875,1.26565
-2.647705078125,1.2657
-2.82440185546875,1.26575
-3.00079345703125,1.2658
-2.869873046875,1.26585
-2.98309326171875,1.2659
-3.0548095703125,1.26595
-2.92266845703125,1.266
-2.99163818359375,1.26605
-2.896728515625,1.2661
-2.95806884765625,1.26615
-2.87261962890625,1.2662
-2.491455078125,1.26625
-2.89520263671875,1.2663
-2.62176513671875,1.26635
-2.71148681640625,1.2664
-2.83111572265625,1.26645
-2.83966064453125,1.2665
-2.6617431640625,1.26655
-2.95013427734375,1.2666
-2.8875732421875,1.26665
-3.01849365234375,1.2667
-3.0377197265625,1.26675
-2.76031494140625,1.2668
-2.7264404296875,1.26685
-2.88818359375,1.2669
-3.03955078125,1.26695
-2.86865234375,1.267
-2.991943359375,1.26705
-2.55889892578125,1.2671
-3.02764892578125,1.26715
-2.796630859375,1.2672
-2.799072265625,1.26725
-2.9034423828125,1.2673
-3.1610107421875,1.26735
-2.95654296875,1.2674
-3.37738037109375,1.26745
-3.0743408203125,1.2675
-3.13720703125,1.26755
-2.96173095703125,1.2676
-3.1085205078125,1.26765
-2.87139892578125,1.2677
-2.69927978515625,1.26775
-2.89337158203125,1.2678
-3.0535888671875,1.26785
-2.75726318359375,1.2679
-2.869873046875,1.26795
-2.9132080078125,1.268
-2.9095458984375,1.26805
-3.09814453125,1.2681
-3.23638916015625,1.2681499999999999
-2.889404296875,1.2682
-2.97332763671875,1.26825
-2.8900146484375,1.2683
-2.96295166015625,1.26835
-3.214111328125,1.2684
-3.0084228515625,1.26845
-2.745361328125,1.2685
-2.86376953125,1.26855
-2.96539306640625,1.2686
-2.818603515625,1.26865
-2.9486083984375,1.2687
-2.86865234375,1.26875
-3.07220458984375,1.2688
-3.0194091796875,1.26885
-3.09112548828125,1.2689
-3.0047607421875,1.26895
-3.19061279296875,1.269
-3.0987548828125,1.26905
-3.25927734375,1.2691
-2.9681396484375,1.26915
-2.96142578125,1.2692
-3.0810546875,1.26925
-3.31451416015625,1.2693
-3.05572509765625,1.26935
-2.9864501953125,1.2694
-3.179931640625,1.26945
-3.16925048828125,1.2695
-3.14666748046875,1.26955
-2.9547119140625,1.2696
-3.14971923828125,1.26965
-2.98095703125,1.2697
-3.33160400390625,1.26975
-3.24005126953125,1.2698
-3.17626953125,1.26985
-2.9827880859375,1.2699
-3.1005859375,1.26995
-2.66571044921875,1.27
-3.03863525390625,1.27005
-2.957763671875,1.2701
-2.9583740234375,1.2701500000000001
-2.7850341796875,1.2702
-2.7337646484375,1.27025
-2.82806396484375,1.2703
-2.70050048828125,1.27035
-3.03985595703125,1.2704
-2.9644775390625,1.27045
-2.9638671875,1.2705
-2.61474609375,1.27055
-2.99530029296875,1.2706
-3.2366943359375,1.27065
-3.1781005859375,1.2707
-2.884521484375,1.27075
-3.30108642578125,1.2708
-2.96966552734375,1.27085
-3.47381591796875,1.2709
-3.3575439453125,1.27095
-3.248291015625,1.271
-3.26324462890625,1.27105
-3.54461669921875,1.2711
-3.43536376953125,1.27115
-3.49334716796875,1.2712
-3.88427734375,1.27125
-3.63372802734375,1.2713
-3.2867431640625,1.27135
-3.66302490234375,1.2714
-3.729248046875,1.27145
-3.770751953125,1.2715
-4.19525146484375,1.27155
-3.77777099609375,1.2716
-3.66790771484375,1.27165
-3.7994384765625,1.2717
-3.75518798828125,1.27175
-3.6529541015625,1.2718
-4.03167724609375,1.27185
-3.802490234375,1.2719
-3.84185791015625,1.27195
-3.74786376953125,1.272
-3.731689453125,1.27205
-3.76739501953125,1.2721
-3.64959716796875,1.27215
-3.29620361328125,1.2722
-3.30291748046875,1.27225
-3.2708740234375,1.2723
-3.45245361328125,1.27235
-3.1768798828125,1.2724
-3.26751708984375,1.27245
-2.85430908203125,1.2725
-2.95806884765625,1.27255
-3.2708740234375,1.2726
-3.02032470703125,1.27265
-2.64678955078125,1.2727
-2.75726318359375,1.27275
-2.64862060546875,1.2728
-2.32391357421875,1.27285
-2.74810791015625,1.2729
-2.70294189453125,1.27295
-2.52105712890625,1.273
-2.21282958984375,1.27305
-2.74322509765625,1.2731
-2.44781494140625,1.27315
-2.69744873046875,1.2732
-2.76214599609375,1.27325
-2.90374755859375,1.2733
-3.060302734375,1.27335
-3.201904296875,1.2734
-3.1597900390625,1.27345
-3.35296630859375,1.2735
-3.42864990234375,1.27355
-3.22021484375,1.2736
-3.306884765625,1.27365
-2.8070068359375,1.2737
-3.19427490234375,1.27375
-3.2330322265625,1.2738
-3.1134033203125,1.27385
-2.9290771484375,1.2739
-2.99530029296875,1.27395
-3.056640625,1.274
-3.07952880859375,1.27405
-3.12774658203125,1.2741
-2.86163330078125,1.27415
-2.8851318359375,1.2742
-3.14788818359375,1.27425
-3.1829833984375,1.2743
-3.1170654296875,1.27435
-3.16650390625,1.2744
-2.97943115234375,1.27445
-2.86285400390625,1.2745
-2.92236328125,1.27455
-2.95440673828125,1.2746
-3.050537109375,1.27465
-2.962646484375,1.2747
-2.923583984375,1.27475
-2.98065185546875,1.2748
-2.90924072265625,1.27485
-3.19549560546875,1.2749
-2.7734375,1.27495
-3.24249267578125,1.275
-2.81829833984375,1.27505
-2.93701171875,1.2751
-3.0389404296875,1.27515
-3.28948974609375,1.2752
-2.95867919921875,1.27525
-3.232421875,1.2752999999999999
-3.170166015625,1.27535
-3.0914306640625,1.2753999999999999
-3.2159423828125,1.27545
-3.42010498046875,1.2754999999999999
-3.05145263671875,1.27555
-3.10577392578125,1.2755999999999998
-3.092041015625,1.27565
-3.1964111328125,1.2756999999999998
-3.61083984375,1.27575
-3.46405029296875,1.2758
-2.938232421875,1.27585
-3.35784912109375,1.2759
-3.36822509765625,1.27595
-3.17291259765625,1.276
-3.4906005859375,1.27605
-3.10821533203125,1.2761
-3.19915771484375,1.27615
-2.84149169921875,1.2762
-3.121337890625,1.2762499999999999
-2.96905517578125,1.2763
-3.13262939453125,1.2763499999999999
-3.1060791015625,1.2764
-3.3770751953125,1.2764499999999999
-3.19244384765625,1.2765
-3.16650390625,1.2765499999999999
-3.3502197265625,1.2766
-3.71795654296875,1.2766499999999998
-3.42193603515625,1.2767
-3.42132568359375,1.2767499999999998
-3.4466552734375,1.2768
-3.4698486328125,1.27685
-3.560791015625,1.2769
-3.52783203125,1.27695
-3.3074951171875,1.277
-2.972412109375,1.27705
-3.455810546875,1.2771
-3.2745361328125,1.27715
-3.16925048828125,1.2772
-3.32763671875,1.27725
-3.140869140625,1.2772999999999999
-2.7813720703125,1.27735
-3.58673095703125,1.2773999999999999
-3.51226806640625,1.27745
-3.47930908203125,1.2774999999999999
-3.38592529296875,1.27755
-3.49884033203125,1.2775999999999998
-3.62396240234375,1.27765
-3.64349365234375,1.2776999999999998
-3.40423583984375,1.27775
-3.59619140625,1.2778
-3.50433349609375,1.27785
-3.44512939453125,1.2779
-3.42437744140625,1.27795
-3.44940185546875,1.278
-3.41094970703125,1.27805
-3.41400146484375,1.2781
-3.3685302734375,1.27815
-3.0084228515625,1.2782
-3.21685791015625,1.2782499999999999
-3.31298828125,1.2783
-3.3990478515625,1.2783499999999999
-3.1890869140625,1.2784
-3.11309814453125,1.2784499999999999
-3.3221435546875,1.2785
-3.28094482421875,1.2785499999999999
-3.46282958984375,1.2786
-3.33251953125,1.2786499999999998
-2.823486328125,1.2787
-3.31817626953125,1.2787499999999998
-3.25653076171875,1.2788
-2.98828125,1.27885
-3.463134765625,1.2789
-3.25775146484375,1.27895
-3.15460205078125,1.279
-3.1951904296875,1.27905
-3.0853271484375,1.2791
-3.16741943359375,1.27915
-3.4185791015625,1.2792
-3.341064453125,1.27925
-3.40087890625,1.2792999999999999
-3.11737060546875,1.27935
-3.52264404296875,1.2793999999999999
-2.989501953125,1.27945
-3.2330322265625,1.2794999999999999
-2.8277587890625,1.27955
-3.0206298828125,1.2795999999999998
-2.91595458984375,1.27965
-2.78106689453125,1.2796999999999998
-2.93701171875,1.27975
-3.00811767578125,1.2797999999999998
-2.916259765625,1.27985
-3.04931640625,1.2799
-2.763671875,1.27995
-2.9705810546875,1.28
-3.0450439453125,1.28005
-2.80120849609375,1.2801
-3.01025390625,1.28015
-2.982177734375,1.2802
-3.10516357421875,1.2802499999999999
-3.08807373046875,1.2803
-2.64007568359375,1.2803499999999999
-2.93975830078125,1.2804
-2.906494140625,1.2804499999999999
-2.406005859375,1.2805
-3.013916015625,1.2805499999999999
-2.926025390625,1.2806
-2.84454345703125,1.2806499999999998
-2.7691650390625,1.2807
-2.8955078125,1.2807499999999998
-2.7490234375,1.2808
-2.8460693359375,1.28085
-2.82012939453125,1.2809
-2.8961181640625,1.28095
-2.78533935546875,1.281
-2.60162353515625,1.28105
-2.7734375,1.2811
-2.89703369140625,1.28115
-2.7099609375,1.2812
-2.7972412109375,1.28125
-2.70782470703125,1.2812999999999999
-2.65655517578125,1.28135
-3.0181884765625,1.2813999999999999
-2.80303955078125,1.28145
-2.77801513671875,1.2814999999999999
-2.8057861328125,1.28155
-2.6995849609375,1.2815999999999999
-2.71392822265625,1.28165
-2.879638671875,1.2816999999999998
-2.794189453125,1.28175
-2.706298828125,1.2818
-2.56683349609375,1.28185
-3.0914306640625,1.2819
-2.83447265625,1.28195
-2.68035888671875,1.282
-2.81402587890625,1.28205
-3.0108642578125,1.2821
-2.8253173828125,1.28215
-2.78717041015625,1.2822
-2.80548095703125,1.28225
-2.69561767578125,1.2823
-3.05755615234375,1.2823499999999999
-3.0413818359375,1.2824
-2.80364990234375,1.2824499999999999
-2.86773681640625,1.2825
-3.06427001953125,1.2825499999999999
-3.07403564453125,1.2826
-2.96234130859375,1.2826499999999998
-2.845458984375,1.2827
-3.00506591796875,1.2827499999999998
-2.9730224609375,1.2828
-3.07891845703125,1.28285
-3.18756103515625,1.2829
-2.91412353515625,1.28295
-3.079833984375,1.283
-3.28094482421875,1.28305
-2.9779052734375,1.2831
-3.15093994140625,1.28315
-2.88177490234375,1.2832
-2.97821044921875,1.28325
-2.930908203125,1.2832999999999999
-3.01849365234375,1.28335
-3.3074951171875,1.2833999999999999
-3.14666748046875,1.28345
-2.96875,1.2834999999999999
-3.1134033203125,1.28355
-2.9742431640625,1.2835999999999999
-2.789306640625,1.28365
-3.14910888671875,1.2836999999999998
-3.167724609375,1.28375
-2.95623779296875,1.2837999999999998
-2.884521484375,1.28385
-3.11370849609375,1.2839
-2.78839111328125,1.28395
-3.0889892578125,1.284
-3.0035400390625,1.28405
-3.02886962890625,1.2841
-2.72125244140625,1.28415
-2.8155517578125,1.2842
-2.87200927734375,1.28425
-3.096923828125,1.2843
-2.7203369140625,1.2843499999999999
-3.1170654296875,1.2844
-2.8045654296875,1.2844499999999999
-2.864990234375,1.2845
-3.12347412109375,1.2845499999999999
-2.891845703125,1.2846
-2.75421142578125,1.2846499999999998
-2.6873779296875,1.2847
-2.72369384765625,1.2847499999999998
-2.87261962890625,1.2848
-2.667236328125,1.28485
-2.830810546875,1.2849
-2.7294921875,1.28495
-2.8216552734375,1.285
-2.98736572265625,1.28505
-2.97637939453125,1.2851
-3.00994873046875,1.28515
-2.88421630859375,1.2852
-3.04595947265625,1.28525
-2.72735595703125,1.2852999999999999
-2.7783203125,1.28535
-2.835693359375,1.2853999999999999
-2.80120849609375,1.28545
-2.7288818359375,1.2854999999999999
-2.8240966796875,1.28555
-2.4365234375,1.2855999999999999
-2.72491455078125,1.28565
-2.8753662109375,1.2856999999999998
-2.7630615234375,1.28575
-2.76763916015625,1.2857999999999998
-2.8692626953125,1.28585
-3.10943603515625,1.2859
-3.22174072265625,1.28595
-3.06396484375,1.286
-3.1414794921875,1.28605
-2.82379150390625,1.2861
-2.7032470703125,1.28615
-3.16192626953125,1.2862
-2.8472900390625,1.28625
-2.83294677734375,1.2863
-2.66998291015625,1.2863499999999999
-2.9864501953125,1.2864
-2.95623779296875,1.2864499999999999
-3.0059814453125,1.2865
-3.12286376953125,1.2865499999999999
-3.09234619140625,1.2866
-3.17718505859375,1.2866499999999998
-2.9681396484375,1.2867
-3.0560302734375,1.2867499999999998
-2.913818359375,1.2868
-3.34136962890625,1.2868499999999998
-3.2928466796875,1.2869
-3.13720703125,1.28695
-2.9046630859375,1.287
-3.01116943359375,1.28705
-2.8680419921875,1.2871
-2.83843994140625,1.28715
-2.96478271484375,1.2872
-2.7642822265625,1.28725
-2.601318359375,1.2872999999999999
-2.93365478515625,1.28735
-2.94647216796875,1.2873999999999999
-2.8814697265625,1.28745
-2.76885986328125,1.2874999999999999
-3.17596435546875,1.28755
-3.017578125,1.2875999999999999
-2.94891357421875,1.28765
-2.98065185546875,1.2876999999999998
-2.92388916015625,1.28775
-2.84423828125,1.2877999999999998
-2.8936767578125,1.28785
-2.9425048828125,1.2879
-3.10150146484375,1.28795
-2.91259765625,1.288
-2.996826171875,1.28805
-2.6654052734375,1.2881
-2.68280029296875,1.28815
-3.10577392578125,1.2882
-3.0633544921875,1.28825
-3.0389404296875,1.2883
-3.02459716796875,1.2883499999999999
-3.1024169921875,1.2884
-3.06396484375,1.2884499999999999
-3.343505859375,1.2885
-3.20281982421875,1.2885499999999999
-3.1219482421875,1.2886
-2.73162841796875,1.2886499999999999
-2.8277587890625,1.2887
-2.7960205078125,1.2887499999999998
-3.00567626953125,1.2888
-2.8643798828125,1.2888499999999998
-2.987060546875,1.2889
-2.66387939453125,1.28895
-2.86590576171875,1.289
-2.92999267578125,1.28905
-3.074951171875,1.2891
-2.81707763671875,1.28915
-3.31146240234375,1.2892
-2.77557373046875,1.28925
-3.1890869140625,1.2893
-3.353271484375,1.28935
-3.2177734375,1.2893999999999999
-3.03497314453125,1.28945
-3.01605224609375,1.2894999999999999
-3.1561279296875,1.28955
-3.23272705078125,1.2895999999999999
-3.1903076171875,1.28965
-3.15673828125,1.2896999999999998
-3.377685546875,1.28975
-3.33160400390625,1.2897999999999998
-3.21533203125,1.28985
-3.34808349609375,1.2899
-3.34991455078125,1.28995
-3.54217529296875,1.29
-3.697509765625,1.29005
-3.23699951171875,1.2901
-3.355712890625,1.29015
-3.39508056640625,1.2902
-3.155517578125,1.29025
-3.23150634765625,1.2903
-3.1903076171875,1.2903499999999999
-3.150634765625,1.2904
-3.06396484375,1.2904499999999999
-2.94891357421875,1.2905
-3.2281494140625,1.2905499999999999
-3.09417724609375,1.2906
-2.88543701171875,1.2906499999999999
-3.179931640625,1.2907
-2.869873046875,1.2907499999999998
-2.9986572265625,1.2908
-2.97607421875,1.2908499999999998
-3.04168701171875,1.2909
-2.908935546875,1.29095
-3.14971923828125,1.291
-3.23150634765625,1.29105
-3.31146240234375,1.2911
-3.03863525390625,1.29115
-2.98370361328125,1.2912
-3.0181884765625,1.29125
-2.91259765625,1.2913
-3.0731201171875,1.29135
-3.13873291015625,1.2913999999999999
-3.06488037109375,1.29145
-2.9644775390625,1.2914999999999999
-2.82379150390625,1.29155
-2.9669189453125,1.2915999999999999
-3.1787109375,1.29165
-3.1280517578125,1.2916999999999998
-2.94281005859375,1.29175
-2.85858154296875,1.2917999999999998
-3.192138671875,1.29185
-3.1646728515625,1.2919
-3.22113037109375,1.29195
-2.8631591796875,1.292
-3.2330322265625,1.29205
-2.79541015625,1.2921
-3.07708740234375,1.29215
-2.8436279296875,1.2922
-2.91351318359375,1.29225
-2.9339599609375,1.2923
-3.17596435546875,1.2923499999999999
-2.943115234375,1.2924
-3.07952880859375,1.2924499999999999
-3.29254150390625,1.2925
-3.228759765625,1.2925499999999999
-3.0963134765625,1.2926
-3.040771484375,1.2926499999999999
-3.2708740234375,1.2927
-3.30322265625,1.2927499999999998
-3.27117919921875,1.2928
-3.271484375,1.2928499999999998
-3.33587646484375,1.2929
-3.04962158203125,1.29295
-3.38592529296875,1.293
-3.33953857421875,1.29305
-3.06640625,1.2931
-3.2720947265625,1.29315
-3.0877685546875,1.2932
-2.874755859375,1.29325
-3.09234619140625,1.2933
-3.0291748046875,1.29335
-3.07861328125,1.2933999999999999
-2.821044921875,1.29345
-2.95196533203125,1.2934999999999999
-2.86163330078125,1.29355
-2.65960693359375,1.2935999999999999
-2.77008056640625,1.29365
-3.16864013671875,1.2936999999999999
-2.5909423828125,1.29375
-2.68157958984375,1.2937999999999998
-3.0609130859375,1.29385
-2.71148681640625,1.2938999999999998
-2.91107177734375,1.29395
-3.07037353515625,1.294
-2.662353515625,1.29405
-2.57476806640625,1.2941
-2.85186767578125,1.29415
-2.8009033203125,1.2942
-2.99652099609375,1.29425
-2.98248291015625,1.2943
-2.5775146484375,1.29435
-2.9058837890625,1.2944
-2.9119873046875,1.2944499999999999
-3.06610107421875,1.2945
-3.29498291015625,1.2945499999999999
-2.769775390625,1.2946
-2.89886474609375,1.2946499999999999
-2.68341064453125,1.2947
-2.89825439453125,1.2947499999999998
-3.05755615234375,1.2948
-2.79266357421875,1.2948499999999998
-2.723388671875,1.2949
-2.9681396484375,1.29495
-2.87933349609375,1.295
-2.962646484375,1.29505
-2.99591064453125,1.2951
-2.94036865234375,1.29515
-3.12042236328125,1.2952
-2.76092529296875,1.29525
-3.157958984375,1.2953
-3.2080078125,1.29535
-3.30352783203125,1.2953999999999999
-3.02520751953125,1.29545
-3.47259521484375,1.2954999999999999
-3.22479248046875,1.29555
-3.63250732421875,1.2955999999999999
-3.621826171875,1.29565
-3.5418701171875,1.2956999999999999
-3.5260009765625,1.29575
-3.48968505859375,1.2957999999999998
-3.15643310546875,1.29585
-3.55072021484375,1.2958999999999998
-3.5308837890625,1.29595
-3.56109619140625,1.296
-3.32855224609375,1.29605
-3.02215576171875,1.2961
-3.4576416015625,1.29615
-3.3880615234375,1.2962
-3.01025390625,1.29625
-3.148193359375,1.2963
-3.52203369140625,1.29635
-3.1085205078125,1.2964
-3.36944580078125,1.2964499999999999
-3.5455322265625,1.2965
-3.26202392578125,1.2965499999999999
-3.31146240234375,1.2966
-3.36578369140625,1.2966499999999999
-2.9437255859375,1.2967
-3.1292724609375,1.2967499999999998
-3.03985595703125,1.2968
-3.04107666015625,1.2968499999999998
-2.69073486328125,1.2969
-2.57720947265625,1.29695
-2.9498291015625,1.297
-2.74383544921875,1.29705
-2.862548828125,1.2971
-2.7386474609375,1.29715
-2.5079345703125,1.2972
-2.4896240234375,1.29725
-2.67913818359375,1.2973
-2.73040771484375,1.29735
-2.6910400390625,1.2973999999999999
-2.65716552734375,1.29745
-2.7435302734375,1.2974999999999999
-2.8497314453125,1.29755
-2.83050537109375,1.2975999999999999
-2.763671875,1.29765
-3.0267333984375,1.2976999999999999
-2.9412841796875,1.29775
-2.92724609375,1.2977999999999998
-2.8802490234375,1.29785
-2.999267578125,1.2978999999999998
-3.1695556640625,1.29795
-3.3050537109375,1.298
-2.79388427734375,1.29805
-2.9736328125,1.2981
-3.193359375,1.29815
-3.11126708984375,1.2982
-3.02337646484375,1.29825
-3.0743408203125,1.2983
-3.10516357421875,1.29835
-3.0706787109375,1.2984
-3.18817138671875,1.2984499999999999
-2.96295166015625,1.2985
-2.88360595703125,1.2985499999999999
-2.6287841796875,1.2986
-2.74749755859375,1.2986499999999999
-2.7294921875,1.2987
-2.7020263671875,1.2987499999999998
-2.569580078125,1.2988
-2.69287109375,1.2988499999999998
-2.4420166015625,1.2989
-2.67303466796875,1.29895
-2.50579833984375,1.299
-2.71759033203125,1.29905
-2.56591796875,1.2991
-2.74169921875,1.29915
-2.48138427734375,1.2992
-2.6336669921875,1.29925
-2.6092529296875,1.2993
-2.60406494140625,1.29935
-2.525634765625,1.2993999999999999
-2.5201416015625,1.29945
-2.58941650390625,1.2994999999999999
-2.26776123046875,1.29955
-2.55859375,1.2995999999999999
-2.69256591796875,1.29965
-2.65869140625,1.2996999999999999
-2.4212646484375,1.29975
-2.77008056640625,1.2997999999999998
-2.68798828125,1.29985
-2.9486083984375,1.2998999999999998
-3.001708984375,1.29995
-2.7142333984375,1.3
-2.611083984375,1.3000500000000001
-2.811279296875,1.3001
-2.8857421875,1.3001500000000001
-2.8656005859375,1.3002
-2.879638671875,1.3002500000000001
-2.67669677734375,1.3003
-2.4932861328125,1.3003500000000001
-2.82562255859375,1.3004
-2.70721435546875,1.30045
-2.696533203125,1.3005
-2.803955078125,1.30055
-2.76092529296875,1.3006
-2.947998046875,1.30065
-2.80975341796875,1.3007
-2.769775390625,1.30075
-2.7764892578125,1.3008
-3.11553955078125,1.30085
-2.69012451171875,1.3009
-2.67669677734375,1.30095
-2.93365478515625,1.301
-2.955322265625,1.30105
-2.79876708984375,1.3011000000000001
-2.84576416015625,1.30115
-2.72705078125,1.3012000000000001
-2.7899169921875,1.30125
-2.96051025390625,1.3013000000000001
-2.85430908203125,1.30135
-2.50732421875,1.3014000000000001
-2.630615234375,1.30145
-2.8448486328125,1.3015
-2.947998046875,1.30155
-3.13873291015625,1.3016
-2.96722412109375,1.30165
-2.71270751953125,1.3017
-2.97210693359375,1.30175
-2.90191650390625,1.3018
-2.91015625,1.30185
-3.09906005859375,1.3019
-2.72552490234375,1.30195
-2.93304443359375,1.302
-2.92236328125,1.3020500000000002
-2.88116455078125,1.3021
-2.45147705078125,1.3021500000000001
-2.76763916015625,1.3022
-2.845458984375,1.3022500000000001
-2.83416748046875,1.3023
-2.467041015625,1.3023500000000001
-2.6971435546875,1.3024
-2.8204345703125,1.30245
-2.96234130859375,1.3025
-2.69500732421875,1.30255
-2.55126953125,1.3026
-2.70751953125,1.30265
-2.51068115234375,1.3027
-2.91717529296875,1.30275
-2.6300048828125,1.3028
-2.6702880859375,1.30285
-2.559814453125,1.3029
-2.65533447265625,1.30295
-2.59674072265625,1.303
-2.81707763671875,1.30305
-2.85888671875,1.3031000000000001
-2.75421142578125,1.30315
-2.68402099609375,1.3032000000000001
-3.037109375,1.30325
-3.02093505859375,1.3033000000000001
-3.02154541015625,1.30335
-2.96173095703125,1.3034000000000001
-2.984619140625,1.30345
-2.8704833984375,1.3035
-3.05328369140625,1.30355
-2.7655029296875,1.3036
-3.00048828125,1.30365
-2.75238037109375,1.3037
-2.7984619140625,1.30375
-2.77862548828125,1.3038
-2.70721435546875,1.30385
-2.84820556640625,1.3039
-2.89764404296875,1.30395
-2.95166015625,1.304
-2.5732421875,1.3040500000000002
-2.88787841796875,1.3041
-3.192138671875,1.3041500000000001
-3.0181884765625,1.3042
-2.81646728515625,1.3042500000000001
-3.20281982421875,1.3043
-2.8778076171875,1.3043500000000001
-3.155517578125,1.3044
-3.26446533203125,1.30445
-3.07647705078125,1.3045
-2.8631591796875,1.30455
-2.87811279296875,1.3046
-2.84881591796875,1.30465
-2.8497314453125,1.3047
-2.95562744140625,1.30475
-2.7923583984375,1.3048
-2.35931396484375,1.30485
-2.78717041015625,1.3049
-2.6275634765625,1.30495
-2.6995849609375,1.305
-2.83843994140625,1.30505
-2.82501220703125,1.3051000000000001
-2.73712158203125,1.30515
-2.784423828125,1.3052000000000001
-2.7471923828125,1.30525
-2.71270751953125,1.3053000000000001
-3.00018310546875,1.30535
-2.879638671875,1.3054000000000001
-2.90496826171875,1.30545
-2.77618408203125,1.3055
-2.847900390625,1.30555
-3.00140380859375,1.3056
-2.94921875,1.30565
-2.84942626953125,1.3057
-3.06671142578125,1.30575
-2.98553466796875,1.3058
-3.10089111328125,1.30585
-3.04534912109375,1.3059
-3.143310546875,1.30595
-2.94586181640625,1.306
-2.91595458984375,1.3060500000000002
-3.408203125,1.3061
-2.96417236328125,1.3061500000000001
-3.0609130859375,1.3062
-2.97393798828125,1.3062500000000001
-3.11248779296875,1.3063
-2.767333984375,1.3063500000000001
-3.0938720703125,1.3064
-2.98553466796875,1.3064500000000001
-2.833251953125,1.3065
-3.013916015625,1.30655
-3.02032470703125,1.3066
-2.880859375,1.30665
-3.03924560546875,1.3067
-3.14788818359375,1.30675
-3.084716796875,1.3068
-2.77587890625,1.30685
-2.811279296875,1.3069
-3.1231689453125,1.30695
-3.21197509765625,1.307
-2.86041259765625,1.30705
-2.8887939453125,1.3071000000000002
-2.94158935546875,1.30715
-2.82135009765625,1.3072000000000001
-3.07403564453125,1.30725
-2.94677734375,1.3073000000000001
-3.09417724609375,1.30735
-2.857666015625,1.3074000000000001
-2.9327392578125,1.30745
-2.85491943359375,1.3075
-3.11004638671875,1.30755
-2.97027587890625,1.3076
-3.0657958984375,1.30765
-2.8289794921875,1.3077
-3.08685302734375,1.30775
-3.1439208984375,1.3078
-3.2086181640625,1.30785
-3.3258056640625,1.3079
-3.060302734375,1.30795
-2.747802734375,1.308
-3.1439208984375,1.30805
-2.91015625,1.3081
-2.97332763671875,1.3081500000000001
-3.03009033203125,1.3082
-3.095703125,1.3082500000000001
-3.0615234375,1.3083
-2.9766845703125,1.3083500000000001
-3.2159423828125,1.3084
-3.172607421875,1.3084500000000001
-3.1610107421875,1.3085
-2.8790283203125,1.30855
-2.9296875,1.3086
-3.0084228515625,1.30865
-3.00262451171875,1.3087
-2.72430419921875,1.30875
-2.97515869140625,1.3088
-2.73162841796875,1.30885
-3.0267333984375,1.3089
-2.95135498046875,1.30895
-2.801513671875,1.309
-3.05419921875,1.30905
-3.1524658203125,1.3091000000000002
-2.8167724609375,1.30915
-3.18695068359375,1.3092000000000001
-3.2733154296875,1.30925
-3.02886962890625,1.3093000000000001
-2.8509521484375,1.30935
-3.0218505859375,1.3094000000000001
-3.0279541015625,1.30945
-2.777099609375,1.3095
-3.09356689453125,1.30955
-3.09783935546875,1.3096
-2.9693603515625,1.30965
-2.89459228515625,1.3097
-2.88299560546875,1.30975
-2.8082275390625,1.3098
-3.07830810546875,1.30985
-3.11737060546875,1.3099
-3.1182861328125,1.30995
-2.8070068359375,1.31
-3.0731201171875,1.31005
-3.328857421875,1.3101
-3.07159423828125,1.3101500000000001
-2.8271484375,1.3102
-3.04962158203125,1.3102500000000001
-2.9925537109375,1.3103
-2.73406982421875,1.3103500000000001
-3.04656982421875,1.3104
-2.98095703125,1.3104500000000001
-2.70721435546875,1.3105
-2.85369873046875,1.31055
-3.057861328125,1.3106
-2.69287109375,1.31065
-3.0743408203125,1.3107
-2.92205810546875,1.31075
-2.9742431640625,1.3108
-2.928466796875,1.31085
-3.04412841796875,1.3109
-3.00018310546875,1.31095
-3.15643310546875,1.311
-3.13323974609375,1.31105
-3.17230224609375,1.3111000000000002
-2.87078857421875,1.31115
-3.13751220703125,1.3112000000000001
-3.0670166015625,1.31125
-2.9473876953125,1.3113000000000001
-2.72674560546875,1.31135
-2.75909423828125,1.3114000000000001
-2.95166015625,1.31145
-3.0316162109375,1.3115
-3.06121826171875,1.31155
-2.90283203125,1.3116
-3.1390380859375,1.31165
-3.0035400390625,1.3117
-3.22021484375,1.31175
-3.223876953125,1.3118
-3.07220458984375,1.31185
-2.83660888671875,1.3119
-3.08380126953125,1.31195
-2.69012451171875,1.312
-2.9718017578125,1.31205
-2.85064697265625,1.3121
-2.83416748046875,1.3121500000000001
-2.72125244140625,1.3122
-3.001708984375,1.3122500000000001
-2.794189453125,1.3123
-3.10089111328125,1.3123500000000001
-3.24554443359375,1.3124
-3.05999755859375,1.3124500000000001
-2.8582763671875,1.3125
-3.0987548828125,1.31255
-2.95318603515625,1.3126
-2.9754638671875,1.31265
-3.131103515625,1.3127
-3.05267333984375,1.31275
-2.9736328125,1.3128
-2.63702392578125,1.31285
-3.11187744140625,1.3129
-2.92724609375,1.31295
-3.00872802734375,1.313
-3.04656982421875,1.31305
-3.18145751953125,1.3131
-3.00537109375,1.31315
-3.291015625,1.3132000000000001
-3.1463623046875,1.31325
-3.3740234375,1.3133000000000001
-3.182373046875,1.31335
-3.1988525390625,1.3134000000000001
-3.19122314453125,1.31345
-2.91229248046875,1.3135000000000001
-3.11431884765625,1.31355
-3.38134765625,1.3136
-3.03741455078125,1.31365
-3.04534912109375,1.3137
-3.35235595703125,1.31375
-3.240966796875,1.3138
-3.17047119140625,1.31385
-3.41156005859375,1.3139
-3.11431884765625,1.31395
-3.01727294921875,1.314
-3.41156005859375,1.31405
-3.319091796875,1.3141
-3.2989501953125,1.3141500000000002
-3.37158203125,1.3142
-3.0474853515625,1.3142500000000001
-3.30291748046875,1.3143
-3.34442138671875,1.3143500000000001
-3.09661865234375,1.3144
-3.40484619140625,1.3144500000000001
-3.11248779296875,1.3145
-3.1640625,1.31455
-3.2470703125,1.3146
-3.18023681640625,1.31465
-3.221435546875,1.3147
-3.07464599609375,1.31475
-3.0682373046875,1.3148
-2.9437255859375,1.31485
-3.19122314453125,1.3149
-3.037109375,1.31495
-2.943115234375,1.315
-3.05145263671875,1.31505
-3.1622314453125,1.3151
-2.87994384765625,1.31515
-3.20220947265625,1.3152000000000001
-3.05755615234375,1.31525
-3.1427001953125,1.3153000000000001
-2.5628662109375,1.31535
-3.118896484375,1.3154000000000001
-2.85491943359375,1.31545
-2.98492431640625,1.3155000000000001
-3.2110595703125,1.31555
-3.14361572265625,1.3156
-2.84149169921875,1.31565
-2.88787841796875,1.3157
-3.0322265625,1.31575
-3.0364990234375,1.3158
-3.0987548828125,1.31585
-3.04351806640625,1.3159
-3.0511474609375,1.31595
-3.0316162109375,1.316
-3.19366455078125,1.31605
-2.93609619140625,1.3161
-2.955322265625,1.3161500000000002
-3.0535888671875,1.3162
-3.3905029296875,1.3162500000000001
-3.10577392578125,1.3163
-3.1524658203125,1.3163500000000001
-3.2257080078125,1.3164
-3.250732421875,1.3164500000000001
-2.92388916015625,1.3165
-3.16925048828125,1.31655
-3.1256103515625,1.3166
-3.03924560546875,1.31665
-3.17718505859375,1.3167
-3.2427978515625,1.31675
-2.92755126953125,1.3168
-3.2537841796875,1.31685
-3.50555419921875,1.3169
-3.4869384765625,1.31695
-3.2000732421875,1.317
-3.291015625,1.31705
-2.98126220703125,1.3171
-2.78594970703125,1.31715
-3.1268310546875,1.3172000000000001
-3.05419921875,1.31725
-2.89276123046875,1.3173000000000001
-2.79998779296875,1.31735
-2.81158447265625,1.3174000000000001
-2.88055419921875,1.31745
-2.96875,1.3175000000000001
-2.9156494140625,1.31755
-3.03009033203125,1.3176
-2.96722412109375,1.31765
-2.92266845703125,1.3177
-3.2281494140625,1.31775
-3.07891845703125,1.3178
-3.060302734375,1.31785
-3.05206298828125,1.3179
-2.80792236328125,1.31795
-2.779541015625,1.318
-3.16802978515625,1.31805
-2.87078857421875,1.3181
-2.982177734375,1.3181500000000002
-2.92999267578125,1.3182
-3.02001953125,1.3182500000000001
-3.03802490234375,1.3183
-3.32244873046875,1.3183500000000001
-3.33251953125,1.3184
-3.25286865234375,1.3184500000000001
-2.994384765625,1.3185
-3.173828125,1.31855
-3.0548095703125,1.3186
-3.02825927734375,1.31865
-3.02337646484375,1.3187
-3.0963134765625,1.31875
-2.81219482421875,1.3188
-2.92938232421875,1.31885
-2.9534912109375,1.3189
-2.83660888671875,1.31895
-2.899169921875,1.319
-2.8363037109375,1.31905
-2.86529541015625,1.3191
-2.9534912109375,1.31915
-2.80609130859375,1.3192000000000002
-2.796630859375,1.31925
-2.66204833984375,1.3193000000000001
-2.5433349609375,1.31935
-2.9864501953125,1.3194000000000001
-2.65777587890625,1.31945
-2.72857666015625,1.3195000000000001
-2.6751708984375,1.31955
-2.852783203125,1.3196
-2.6068115234375,1.31965
-2.89520263671875,1.3197
-2.90435791015625,1.31975
-2.87353515625,1.3198
-2.86224365234375,1.31985
-3.11614990234375,1.3199
-2.66998291015625,1.31995
-2.7734375,1.32
-3.32855224609375,1.32005
-3.3441162109375,1.3201
-3.12835693359375,1.32015
-2.9156494140625,1.3202
-3.16864013671875,1.3202500000000001
-2.8759765625,1.3203
-3.345947265625,1.3203500000000001
-3.29132080078125,1.3204
-3.21319580078125,1.3204500000000001
-3.310546875,1.3205
-3.38134765625,1.3205500000000001
-3.41705322265625,1.3206
-3.643798828125,1.32065
-3.692626953125,1.3207
-3.97552490234375,1.32075
-3.6505126953125,1.3208
-3.714599609375,1.32085
-4.12567138671875,1.3209
-3.89801025390625,1.32095
-3.7237548828125,1.321
-3.75640869140625,1.32105
-3.5321044921875,1.3211
-3.70574951171875,1.32115
-3.52996826171875,1.3212000000000002
-3.5565185546875,1.32125
-3.41339111328125,1.3213000000000001
-3.3343505859375,1.32135
-3.77410888671875,1.3214000000000001
-3.69232177734375,1.32145
-3.7042236328125,1.3215000000000001
-3.60076904296875,1.32155
-3.543701171875,1.3216
-3.1634521484375,1.32165
-3.3416748046875,1.3217
-3.11614990234375,1.32175
-2.9864501953125,1.3218
-2.91534423828125,1.32185
-2.90679931640625,1.3219
-2.2833251953125,1.32195
-2.73590087890625,1.322
-2.6446533203125,1.32205
-2.37548828125,1.3221
-2.4169921875,1.32215
-2.5787353515625,1.3222
-2.7069091796875,1.3222500000000001
-2.80731201171875,1.3223
-2.8753662109375,1.3223500000000001
-2.96142578125,1.3224
-2.59246826171875,1.3224500000000001
-2.73712158203125,1.3225
-3.17291259765625,1.3225500000000001
-2.77435302734375,1.3226
-2.93212890625,1.32265
-2.8363037109375,1.3227
-3.07891845703125,1.32275
-3.19122314453125,1.3228
-3.2037353515625,1.32285
-3.3905029296875,1.3229
-3.37921142578125,1.32295
-3.41796875,1.323
-3.3917236328125,1.32305
-3.34991455078125,1.3231
-3.2275390625,1.32315
-3.60565185546875,1.3232000000000002
-3.54400634765625,1.32325
-3.19732666015625,1.3233000000000001
-3.08563232421875,1.32335
-3.27056884765625,1.3234000000000001
-2.958984375,1.32345
-3.09112548828125,1.3235000000000001
-3.05419921875,1.32355
-2.81707763671875,1.3236
-2.81219482421875,1.32365
-2.9205322265625,1.3237
-3.0804443359375,1.32375
-2.98095703125,1.3238
-2.8216552734375,1.32385
-3.0902099609375,1.3239
-2.87933349609375,1.32395
-2.95928955078125,1.324
-2.926025390625,1.32405
-2.9022216796875,1.3241
-2.75665283203125,1.32415
-2.8076171875,1.3242
-2.91656494140625,1.3242500000000001
-2.97882080078125,1.3243
-2.96478271484375,1.3243500000000001
-3.1134033203125,1.3244
-2.6104736328125,1.3244500000000001
-2.633056640625,1.3245
-3.20556640625,1.3245500000000001
-3.2281494140625,1.3246
-3.08197021484375,1.32465
-3.03985595703125,1.3247
-3.1695556640625,1.32475
-3.26690673828125,1.3248
-3.5955810546875,1.32485
-3.5107421875,1.3249
-3.21136474609375,1.32495
-3.08074951171875,1.325
-3.106689453125,1.32505
-3.06488037109375,1.3251
-3.240966796875,1.32515
-3.01300048828125,1.3252
-3.3306884765625,1.32525
-2.911376953125,1.3253
-2.9986572265625,1.32535
-3.08349609375,1.3254
-2.99407958984375,1.32545
-2.98065185546875,1.3255
-3.35845947265625,1.32555
-2.926025390625,1.3256
-3.31634521484375,1.32565
-3.44451904296875,1.3256999999999999
-3.37738037109375,1.32575
-3.22052001953125,1.3258
-3.05938720703125,1.32585
-3.29803466796875,1.3259
-3.20343017578125,1.32595
-3.13323974609375,1.326
-3.065185546875,1.32605
-3.330078125,1.3261
-3.2281494140625,1.32615
-3.140869140625,1.3262
-3.08197021484375,1.32625
-3.15765380859375,1.3263
-3.2330322265625,1.32635
-3.3740234375,1.3264
-3.07952880859375,1.32645
-3.25225830078125,1.3265
-3.21533203125,1.32655
-2.9730224609375,1.3266
-3.2611083984375,1.3266499999999999
-3.15093994140625,1.3267
-3.3184814453125,1.3267499999999999
-3.24554443359375,1.3268
-3.0535888671875,1.32685
-3.5400390625,1.3269
-3.306884765625,1.32695
-3.11248779296875,1.327
-3.49639892578125,1.32705
-3.087158203125,1.3271
-3.25836181640625,1.32715
-3.115234375,1.3272
-3.1170654296875,1.32725
-3.00201416015625,1.3273
-3.138427734375,1.32735
-3.39599609375,1.3274
-3.40179443359375,1.32745
-3.04412841796875,1.3275
-3.0755615234375,1.32755
-3.084716796875,1.3276
-2.955322265625,1.32765
-3.26141357421875,1.3276999999999999
-3.32977294921875,1.32775
-3.0206298828125,1.3278
-3.01422119140625,1.32785
-3.001708984375,1.3279
-3.11004638671875,1.32795
-3.23089599609375,1.328
-3.25042724609375,1.32805
-3.00567626953125,1.3281
-3.0194091796875,1.32815
-3.23211669921875,1.3282
-3.2696533203125,1.32825
-3.3245849609375,1.3283
-2.87567138671875,1.32835
-3.4039306640625,1.3284
-2.98004150390625,1.32845
-3.02154541015625,1.3285
-2.926025390625,1.32855
-2.94097900390625,1.3286
-2.78656005859375,1.3286499999999999
-2.8662109375,1.3287
-2.82745361328125,1.3287499999999999
-2.83660888671875,1.3288
-2.97607421875,1.32885
-3.07098388671875,1.3289
-2.8790283203125,1.32895
-2.7001953125,1.329
-3.076171875,1.32905
-2.958984375,1.3291
-2.93792724609375,1.32915
-2.73712158203125,1.3292
-2.9638671875,1.32925
-2.77435302734375,1.3293
-3.116455078125,1.32935
-3.07708740234375,1.3294
-2.78350830078125,1.32945
-2.95379638671875,1.3295
-2.9559326171875,1.32955
-2.8009033203125,1.3296
-2.8570556640625,1.32965
-2.7490234375,1.3296999999999999
-2.86468505859375,1.32975
-2.75909423828125,1.3298
-2.62939453125,1.32985
-2.92205810546875,1.3299
-2.6287841796875,1.32995
-2.6300048828125,1.33
-2.8228759765625,1.33005
-2.62237548828125,1.3301
-2.5274658203125,1.33015
-3.10882568359375,1.3302
-2.921142578125,1.33025
-2.87445068359375,1.3303
-2.8973388671875,1.33035
-2.8515625,1.3304
-2.684326171875,1.33045
-2.823486328125,1.3305
-2.89154052734375,1.33055
-2.92816162109375,1.3306
-2.94097900390625,1.3306499999999999
-2.705078125,1.3307
-2.75665283203125,1.3307499999999999
-2.78900146484375,1.3308
-2.8546142578125,1.33085
-3.09539794921875,1.3309
-2.80548095703125,1.33095
-2.80853271484375,1.331
-2.89215087890625,1.33105
-2.850341796875,1.3311
-3.0792236328125,1.33115
-2.8875732421875,1.3312
-2.87017822265625,1.33125
-2.9461669921875,1.3313
-2.7825927734375,1.33135
-2.908935546875,1.3314
-3.07891845703125,1.33145
-2.92266845703125,1.3315
-3.22662353515625,1.33155
-2.90130615234375,1.3316
-2.96875,1.33165
-3.2086181640625,1.3316999999999999
-3.3489990234375,1.33175
-2.7667236328125,1.3317999999999999
-3.18695068359375,1.33185
-3.11920166015625,1.3319
-3.4173583984375,1.33195
-3.25592041015625,1.332
-3.223876953125,1.33205
-3.29010009765625,1.3321
-3.18206787109375,1.33215
-3.4112548828125,1.3322
-3.48846435546875,1.33225
-3.37249755859375,1.3323
-3.39447021484375,1.33235
-3.40850830078125,1.3324
-3.0938720703125,1.33245
-3.4283447265625,1.3325
-3.45855712890625,1.33255
-3.03497314453125,1.3326
-3.187255859375,1.33265
-3.59649658203125,1.3327
-3.21044921875,1.3327499999999999
-3.3636474609375,1.3328
-3.43353271484375,1.33285
-3.41827392578125,1.3329
-3.26171875,1.33295
-3.331298828125,1.333
-3.2110595703125,1.33305
-3.28277587890625,1.3331
-3.20648193359375,1.33315
-3.10455322265625,1.3332
-3.021240234375,1.33325
-2.750244140625,1.3333
-3.09844970703125,1.33335
-3.074951171875,1.3334
-2.98431396484375,1.33345
-2.86529541015625,1.3335
-2.94219970703125,1.33355
-3.0413818359375,1.3336
-3.09722900390625,1.33365
-3.12774658203125,1.3336999999999999
-3.17169189453125,1.33375
-2.9449462890625,1.3337999999999999
-3.1719970703125,1.33385
-3.09814453125,1.3339
-3.05145263671875,1.33395
-2.9046630859375,1.334
-3.09600830078125,1.33405
-3.0279541015625,1.3341
-2.8076171875,1.33415
-2.8302001953125,1.3342
-3.0279541015625,1.33425
-2.99835205078125,1.3343
-2.89306640625,1.33435
-2.9119873046875,1.3344
-2.73773193359375,1.33445
-2.97821044921875,1.3345
-3.05816650390625,1.33455
-2.94097900390625,1.3346
-2.84027099609375,1.33465
-3.0072021484375,1.3347
-3.0523681640625,1.3347499999999999
-3.231201171875,1.3348
-3.0511474609375,1.33485
-3.14208984375,1.3349
-2.75299072265625,1.33495
-2.9754638671875,1.335
-3.0145263671875,1.33505
-3.1695556640625,1.3351
-3.037109375,1.33515
-2.9022216796875,1.3352
-2.9425048828125,1.33525
-2.955322265625,1.3353
-3.1744384765625,1.33535
-3.1805419921875,1.3354
-2.9443359375,1.33545
-3.09356689453125,1.3355
-3.03436279296875,1.33555
-3.01788330078125,1.3356
-2.9925537109375,1.33565
-2.8887939453125,1.3356999999999999
-2.98370361328125,1.33575
-2.67974853515625,1.3357999999999999
-2.83935546875,1.33585
-2.681884765625,1.3359
-2.93914794921875,1.33595
-2.92724609375,1.336
-3.0810546875,1.33605
-2.62542724609375,1.3361
-2.8662109375,1.33615
-3.09478759765625,1.3362
-3.22509765625,1.33625
-2.9534912109375,1.3363
-2.755126953125,1.33635
-2.74383544921875,1.3364
-2.76092529296875,1.33645
-2.86102294921875,1.3365
-2.8082275390625,1.33655
-3.09906005859375,1.3366
-2.691650390625,1.33665
-2.8167724609375,1.3367
-2.95074462890625,1.3367499999999999
-2.74749755859375,1.3368
-2.85675048828125,1.33685
-2.8509521484375,1.3369
-2.76611328125,1.33695
-3.09295654296875,1.337
-2.8619384765625,1.33705
-2.77069091796875,1.3371
-2.67913818359375,1.33715
-2.93548583984375,1.3372
-2.79052734375,1.33725
-2.4127197265625,1.3373
-2.7392578125,1.33735
-2.69683837890625,1.3374
-2.71392822265625,1.33745
-2.5482177734375,1.3375
-2.75604248046875,1.33755
-2.60406494140625,1.3376
-2.85186767578125,1.33765
-2.958984375,1.3377
-2.8558349609375,1.33775
-2.56744384765625,1.3377999999999999
-2.9119873046875,1.33785
-3.02032470703125,1.3379
-3.12408447265625,1.33795
-3.055419921875,1.338
-2.74200439453125,1.33805
-3.03924560546875,1.3381
-2.92236328125,1.33815
-2.9571533203125,1.3382
-3.2879638671875,1.33825
-2.87933349609375,1.3383
-3.10760498046875,1.33835
-2.97637939453125,1.3384
-3.12286376953125,1.33845
-3.194580078125,1.3385
-3.16925048828125,1.33855
-3.1890869140625,1.3386
-3.23760986328125,1.33865
-3.033447265625,1.3387
-3.2977294921875,1.3387499999999999
-3.27789306640625,1.3388
-3.34503173828125,1.3388499999999999
-3.14453125,1.3389
-2.88543701171875,1.33895
-3.31329345703125,1.339
-2.94952392578125,1.33905
-3.204345703125,1.3391
-3.1170654296875,1.33915
-3.204345703125,1.3392
-3.15338134765625,1.33925
-3.314208984375,1.3393
-3.4423828125,1.33935
-3.4588623046875,1.3394
-3.3062744140625,1.33945
-3.43353271484375,1.3395
-3.35723876953125,1.33955
-3.4967041015625,1.3396
-3.5040283203125,1.33965
-3.466796875,1.3397
-3.42559814453125,1.33975
-2.8271484375,1.3397999999999999
-3.1317138671875,1.33985
-2.98431396484375,1.3399
-2.72674560546875,1.33995
-2.83599853515625,1.34
-3.0450439453125,1.34005
-2.78289794921875,1.3401
-2.98187255859375,1.34015
-2.9437255859375,1.3402
-3.10882568359375,1.34025
-2.89520263671875,1.3403
-3.1365966796875,1.34035
-2.94342041015625,1.3404
-2.90313720703125,1.34045
-3.243408203125,1.3405
-3.21380615234375,1.34055
-2.86956787109375,1.3406
-3.0255126953125,1.34065
-3.19366455078125,1.3407
-3.07708740234375,1.3407499999999999
-3.267822265625,1.3408
-3.24554443359375,1.3408499999999999
-3.12286376953125,1.3409
-3.13262939453125,1.34095
-3.218994140625,1.341
-3.12408447265625,1.34105
-3.58917236328125,1.3411
-3.21319580078125,1.34115
-3.06121826171875,1.3412
-3.40087890625,1.34125
-3.27972412109375,1.3413
-3.2623291015625,1.34135
-3.37615966796875,1.3414
-3.19244384765625,1.34145
-3.38226318359375,1.3415
-3.08441162109375,1.34155
-3.18603515625,1.3416
-3.306884765625,1.34165
-3.36395263671875,1.3417
-3.11859130859375,1.34175
-3.1732177734375,1.3417999999999999
-3.17535400390625,1.34185
-3.29071044921875,1.3419
-3.30413818359375,1.34195
-3.39569091796875,1.342
-3.1988525390625,1.34205
-3.25927734375,1.3421
-3.47747802734375,1.34215
-3.4466552734375,1.3422
-3.525390625,1.34225
-3.0511474609375,1.3423
-3.3306884765625,1.34235
-3.14910888671875,1.3424
-3.32183837890625,1.34245
-3.33709716796875,1.3425
-3.13934326171875,1.34255
-3.323974609375,1.3426
-3.2574462890625,1.34265
-2.94708251953125,1.3427
-3.316650390625,1.3427499999999999
-3.074951171875,1.3428
-3.22357177734375,1.3428499999999999
-3.0084228515625,1.3429
-3.05023193359375,1.34295
-3.20281982421875,1.343
-3.11248779296875,1.34305
-3.065185546875,1.3431
-3.10089111328125,1.34315
-3.21533203125,1.3432
-2.8289794921875,1.34325
-3.0078125,1.3433
-3.21197509765625,1.34335
-3.0975341796875,1.3434
-2.7581787109375,1.34345
-3.26263427734375,1.3435
-2.742919921875,1.34355
-3.0853271484375,1.3436
-3.26263427734375,1.34365
-3.02337646484375,1.3437
-3.1768798828125,1.34375
-2.957763671875,1.3437999999999999
-3.03009033203125,1.34385
-3.12103271484375,1.3438999999999999
-3.08197021484375,1.34395
-3.0462646484375,1.344
-2.7142333984375,1.34405
-2.930908203125,1.3441
-3.17108154296875,1.34415
-3.0218505859375,1.3442
-3.22479248046875,1.34425
-2.9449462890625,1.3443
-2.94921875,1.34435
-3.08349609375,1.3444
-3.0474853515625,1.34445
-3.1085205078125,1.3445
-3.44207763671875,1.34455
-3.3758544921875,1.3446
-3.5107421875,1.34465
-3.30291748046875,1.3447
-3.62091064453125,1.34475
-3.64227294921875,1.3448
-3.8385009765625,1.3448499999999999
-3.4783935546875,1.3449
-3.43658447265625,1.34495
-3.74725341796875,1.345
-3.78143310546875,1.34505
-3.53118896484375,1.3451
-3.9276123046875,1.34515
-3.314208984375,1.3452
-3.3917236328125,1.34525
-4.00482177734375,1.3453
-3.47381591796875,1.34535
-3.46710205078125,1.3454
-3.59100341796875,1.34545
-3.692626953125,1.3455
-3.541259765625,1.34555
-3.8543701171875,1.3456
-3.77044677734375,1.34565
-3.719482421875,1.3457
-3.56231689453125,1.34575
-3.876953125,1.3457999999999999
-3.53759765625,1.34585
-3.35357666015625,1.3458999999999999
-3.5650634765625,1.34595
-3.53729248046875,1.346
-3.37799072265625,1.34605
-3.1817626953125,1.3461
-3.3221435546875,1.34615
-3.45428466796875,1.3462
-3.32427978515625,1.34625
-3.04473876953125,1.3463
-3.2086181640625,1.34635
-2.81158447265625,1.3464
-3.165283203125,1.34645
-3.16650390625,1.3465
-3.0462646484375,1.34655
-2.6593017578125,1.3466
-3.10943603515625,1.34665
-3.02886962890625,1.3467
-3.32489013671875,1.34675
-3.29437255859375,1.3468
-3.076171875,1.3468499999999999
-2.84698486328125,1.3469
-3.41766357421875,1.34695
-3.41217041015625,1.347
-3.5992431640625,1.34705
-3.6859130859375,1.3471
-3.50799560546875,1.34715
-3.41766357421875,1.3472
-3.52752685546875,1.34725
-3.42987060546875,1.3473
-3.5552978515625,1.34735
-3.4539794921875,1.3474
-3.680419921875,1.34745
-3.7103271484375,1.3475
-3.41552734375,1.34755
-3.4881591796875,1.3476
-3.42132568359375,1.34765
-3.631591796875,1.3477
-3.06427001953125,1.34775
-3.0859375,1.3477999999999999
-3.162841796875,1.34785
-3.14453125,1.3478999999999999
-3.01727294921875,1.34795
-2.91351318359375,1.348
-3.0755615234375,1.34805
-2.77557373046875,1.3481
-2.98126220703125,1.34815
-2.96112060546875,1.3482
-2.70294189453125,1.34825
-2.85552978515625,1.3483
-2.6849365234375,1.34835
-2.7471923828125,1.3484
-3.23089599609375,1.34845
-2.84454345703125,1.3485
-2.4615478515625,1.34855
-2.86712646484375,1.3486
-2.8363037109375,1.34865
-2.75360107421875,1.3487
-3.018798828125,1.34875
-2.94769287109375,1.3488
-2.87750244140625,1.3488499999999999
-2.8289794921875,1.3489
-2.841796875,1.34895
-2.88970947265625,1.349
-3.00323486328125,1.34905
-2.97576904296875,1.3491
-3.15582275390625,1.34915
-2.879638671875,1.3492
-2.9876708984375,1.34925
-3.2574462890625,1.3493
-3.19000244140625,1.34935
-2.98095703125,1.3494
-3.0218505859375,1.34945
-3.04473876953125,1.3495
-3.0218505859375,1.34955
-3.08563232421875,1.3496
-2.94097900390625,1.34965
-2.94769287109375,1.3497
-2.6763916015625,1.34975
-3.0010986328125,1.3497999999999999
-2.79022216796875,1.34985
-2.90374755859375,1.3498999999999999
-2.77801513671875,1.34995
-3.01116943359375,1.35
-2.537841796875,1.3500500000000002
-3.114013671875,1.3501
-2.94921875,1.3501500000000002
-3.15185546875,1.3502
-3.1903076171875,1.3502500000000002
-3.25164794921875,1.3503
-3.0145263671875,1.3503500000000002
-3.0572509765625,1.3504
-3.02978515625,1.3504500000000002
-2.96356201171875,1.3505
-3.12896728515625,1.3505500000000001
-2.59857177734375,1.3506
-2.82745361328125,1.3506500000000001
-3.09844970703125,1.3507
-2.92388916015625,1.3507500000000001
-2.85064697265625,1.3508
-3.0157470703125,1.35085
-2.933349609375,1.3509
-3.33709716796875,1.35095
-3.2843017578125,1.351
-3.13385009765625,1.35105
-3.00323486328125,1.3511000000000002
-3.00445556640625,1.35115
-3.16925048828125,1.3512000000000002
-3.23333740234375,1.35125
-3.0767822265625,1.3513000000000002
-3.18115234375,1.35135
-2.80731201171875,1.3514000000000002
-3.1048583984375,1.35145
-2.90191650390625,1.3515000000000001
-2.7728271484375,1.35155
-2.99652099609375,1.3516000000000001
-3.046875,1.35165
-2.84088134765625,1.3517000000000001
-2.92205810546875,1.35175
-2.88665771484375,1.3518000000000001
-2.745361328125,1.35185
-2.97607421875,1.3519
-3.165283203125,1.35195
-2.725830078125,1.352
-2.5750732421875,1.3520500000000002
-2.8131103515625,1.3521
-3.12042236328125,1.3521500000000002
-2.98126220703125,1.3522
-2.64556884765625,1.3522500000000002
-2.8778076171875,1.3523
-2.7978515625,1.3523500000000002
-2.77069091796875,1.3524
-2.9412841796875,1.3524500000000002
-2.8985595703125,1.3525
-2.8216552734375,1.3525500000000001
-2.7587890625,1.3526
-2.79876708984375,1.3526500000000001
-2.63458251953125,1.3527
-2.9559326171875,1.3527500000000001
-2.68798828125,1.3528
-2.72308349609375,1.35285
-2.7825927734375,1.3529
-3.116455078125,1.35295
-3.03070068359375,1.353
-2.83111572265625,1.35305
-2.955322265625,1.3531000000000002
-3.19061279296875,1.35315
-2.88787841796875,1.3532000000000002
-3.0615234375,1.35325
-3.02978515625,1.3533000000000002
-3.17291259765625,1.35335
-2.91778564453125,1.3534000000000002
-3.02490234375,1.35345
-2.90618896484375,1.3535000000000001
-3.17291259765625,1.35355
-3.0560302734375,1.3536000000000001
-3.0322265625,1.35365
-3.0621337890625,1.3537000000000001
-2.8045654296875,1.35375
-3.07159423828125,1.3538000000000001
-3.12530517578125,1.35385
-2.85736083984375,1.3539
-2.75482177734375,1.35395
-2.78045654296875,1.354
-2.42950439453125,1.3540500000000002
-2.91412353515625,1.3541
-2.784423828125,1.3541500000000002
-2.64984130859375,1.3542
-2.576904296875,1.3542500000000002
-2.8497314453125,1.3543
-2.5933837890625,1.3543500000000002
-2.91259765625,1.3544
-2.85491943359375,1.3544500000000002
-2.96112060546875,1.3545
-2.701416015625,1.3545500000000001
-3.028564453125,1.3546
-2.7276611328125,1.3546500000000001
-2.85919189453125,1.3547
-3.07403564453125,1.3547500000000001
-3.17230224609375,1.3548
-2.84942626953125,1.35485
-2.68951416015625,1.3549
-3.01025390625,1.35495
-2.83721923828125,1.355
-3.05908203125,1.35505
-2.81768798828125,1.3551000000000002
-2.70660400390625,1.35515
-2.9541015625,1.3552000000000002
-2.89825439453125,1.35525
-2.80731201171875,1.3553000000000002
-2.90435791015625,1.35535
-3.0706787109375,1.3554000000000002
-3.0523681640625,1.35545
-2.97515869140625,1.3555000000000001
-2.98583984375,1.35555
-2.9107666015625,1.3556000000000001
-2.99713134765625,1.35565
-2.7203369140625,1.3557000000000001
-2.92205810546875,1.35575
-2.96600341796875,1.3558000000000001
-3.02520751953125,1.35585
-2.84820556640625,1.3559
-3.00323486328125,1.35595
-2.76214599609375,1.356
-2.84393310546875,1.3560500000000002
-3.1683349609375,1.3561
-3.07830810546875,1.3561500000000002
-3.08258056640625,1.3562
-3.2501220703125,1.3562500000000002
-3.29193115234375,1.3563
-3.18359375,1.3563500000000002
-3.34228515625,1.3564
-3.19366455078125,1.3564500000000002
-3.2769775390625,1.3565
-2.8009033203125,1.3565500000000001
-3.09356689453125,1.3566
-3.04107666015625,1.3566500000000001
-3.2049560546875,1.3567
-3.05267333984375,1.3567500000000001
-3.001708984375,1.3568
-3.16436767578125,1.3568500000000001
-3.115234375,1.3569
-3.2177734375,1.35695
-3.209228515625,1.357
-3.2183837890625,1.35705
-3.09783935546875,1.3571000000000002
-3.1878662109375,1.35715
-2.8955078125,1.3572000000000002
-3.3160400390625,1.35725
-2.9718017578125,1.3573000000000002
-3.0560302734375,1.35735
-2.6751708984375,1.3574000000000002
-2.884521484375,1.35745
-3.0694580078125,1.3575000000000002
-3.01849365234375,1.35755
-3.16802978515625,1.3576000000000001
-3.0615234375,1.35765
-2.89215087890625,1.3577000000000001
-3.3660888671875,1.35775
-3.03802490234375,1.3578000000000001
-3.27972412109375,1.35785
-3.3135986328125,1.3579
-3.1494140625,1.35795
-3.0389404296875,1.358
-3.2122802734375,1.35805
-3.3056640625,1.3581
-3.15643310546875,1.3581500000000002
-3.013916015625,1.3582
-2.9547119140625,1.3582500000000002
-3.16741943359375,1.3583
-3.3367919921875,1.3583500000000002
-3.11737060546875,1.3584
-3.0755615234375,1.3584500000000002
-2.95562744140625,1.3585
-2.71575927734375,1.3585500000000001
-3.095703125,1.3586
-2.93426513671875,1.3586500000000001
-2.90557861328125,1.3587
-2.91717529296875,1.3587500000000001
-3.02703857421875,1.3588
-2.8216552734375,1.3588500000000001
-3.08746337890625,1.3589
-3.0694580078125,1.35895
-3.08197021484375,1.359
-2.59490966796875,1.35905
-3.0078125,1.3591000000000002
-2.7581787109375,1.35915
-2.69561767578125,1.3592000000000002
-3.12042236328125,1.35925
-3.14056396484375,1.3593000000000002
-2.965087890625,1.35935
-2.7227783203125,1.3594000000000002
-2.82440185546875,1.35945
-3.1488037109375,1.3595000000000002
-3.10546875,1.35955
-2.890625,1.3596000000000001
-3.0206298828125,1.35965
-2.91259765625,1.3597000000000001
-3.15887451171875,1.35975
-3.09722900390625,1.3598000000000001
-2.94952392578125,1.35985
-2.92572021484375,1.3599
-3.1988525390625,1.35995
-2.93853759765625,1.36
-2.63580322265625,1.36005
-3.0078125,1.3601
-2.978515625,1.3601500000000002
-2.6824951171875,1.3602
-2.90618896484375,1.3602500000000002
-2.6641845703125,1.3603
-2.80242919921875,1.3603500000000002
-2.99468994140625,1.3604
-2.9473876953125,1.3604500000000002
-2.83050537109375,1.3605
-2.63671875,1.3605500000000001
-2.75909423828125,1.3606
-2.742919921875,1.3606500000000001
-2.85736083984375,1.3607
-2.8619384765625,1.3607500000000001
-2.71270751953125,1.3608
-2.58087158203125,1.3608500000000001
-2.999267578125,1.3609
-2.880859375,1.36095
-2.8631591796875,1.361
-2.68829345703125,1.36105
-2.75360107421875,1.3611000000000002
-2.7508544921875,1.36115
-2.789306640625,1.3612000000000002
-2.94830322265625,1.36125
-2.54241943359375,1.3613000000000002
-2.9144287109375,1.36135
-2.58758544921875,1.3614000000000002
-2.83203125,1.36145
-2.8778076171875,1.3615000000000002
-2.79296875,1.36155
-2.8302001953125,1.3616000000000001
-2.6837158203125,1.36165
-2.44598388671875,1.3617000000000001
-3.177490234375,1.36175
-2.58270263671875,1.3618000000000001
-2.5933837890625,1.36185
-2.58087158203125,1.3619
-2.5244140625,1.36195
-2.5994873046875,1.362
-2.70599365234375,1.36205
-2.95623779296875,1.3621
-2.84210205078125,1.3621500000000002
-2.5390625,1.3622
-3.101806640625,1.3622500000000002
-2.90313720703125,1.3623
-2.9205322265625,1.3623500000000002
-2.8985595703125,1.3624
-3.209228515625,1.3624500000000002
-2.8173828125,1.3625
-2.98004150390625,1.3625500000000001
-3.05938720703125,1.3626
-3.076171875,1.3626500000000001
-3.06182861328125,1.3627
-2.97760009765625,1.3627500000000001
-3.03436279296875,1.3628
-2.9443359375,1.3628500000000001
-3.08349609375,1.3629
-2.88909912109375,1.36295
-3.17413330078125,1.363
-2.81707763671875,1.36305
-3.15948486328125,1.3631000000000002
-2.96875,1.36315
-2.7545166015625,1.3632000000000002
-3.0120849609375,1.36325
-3.30047607421875,1.3633000000000002
-2.64312744140625,1.36335
-3.13873291015625,1.3634000000000002
-3.04168701171875,1.36345
-3.07403564453125,1.3635000000000002
-2.9669189453125,1.36355
-3.0535888671875,1.3636000000000001
-2.724609375,1.36365
-2.630615234375,1.3637000000000001
-3.1231689453125,1.36375
-3.056640625,1.3638000000000001
-2.92572021484375,1.36385
-2.6251220703125,1.3639000000000001
-2.79937744140625,1.36395
-3.04290771484375,1.364
-2.94158935546875,1.36405
-2.945556640625,1.3641
-2.960205078125,1.3641500000000002
-2.87384033203125,1.3642
-3.25164794921875,1.3642500000000002
-2.9437255859375,1.3643
-2.98614501953125,1.3643500000000002
-2.957763671875,1.3644
-2.8961181640625,1.3644500000000002
-2.99102783203125,1.3645
-2.70782470703125,1.3645500000000002
-2.9730224609375,1.3646
-2.8515625,1.3646500000000001
-2.63702392578125,1.3647
-3.01239013671875,1.3647500000000001
-2.6861572265625,1.3648
-2.68402099609375,1.3648500000000001
-3.2562255859375,1.3649
-3.17626953125,1.36495
-2.67730712890625,1.365
-2.78900146484375,1.36505
-2.7923583984375,1.3651
-2.686767578125,1.36515
-3.20098876953125,1.3652000000000002
-3.00262451171875,1.36525
-2.92999267578125,1.3653000000000002
-2.9241943359375,1.36535
-3.1103515625,1.3654000000000002
-3.11492919921875,1.36545
-2.9547119140625,1.3655000000000002
-2.97454833984375,1.36555
-3.21197509765625,1.3656000000000001
-3.2110595703125,1.36565
-3.16864013671875,1.3657000000000001
-3.363037109375,1.36575
-3.365478515625,1.3658000000000001
-3.365478515625,1.36585
-3.4991455078125,1.3659000000000001
-3.3087158203125,1.36595
-3.30902099609375,1.366
-3.1219482421875,1.36605
-3.1549072265625,1.3661
-3.336181640625,1.3661500000000002
-2.88299560546875,1.3662
-3.2733154296875,1.3662500000000002
-3.01177978515625,1.3663
-2.8338623046875,1.3663500000000002
-2.98553466796875,1.3664
-3.04229736328125,1.3664500000000002
-2.4365234375,1.3665
-2.94677734375,1.3665500000000002
-3.19366455078125,1.3666
-3.04290771484375,1.3666500000000001
-2.84088134765625,1.3667
-3.0841064453125,1.3667500000000001
-2.85247802734375,1.3668
-3.17657470703125,1.3668500000000001
-3.1634521484375,1.3669
-3.1048583984375,1.36695
-3.074951171875,1.367
-2.90557861328125,1.36705
-3.1427001953125,1.3671
-3.167724609375,1.36715
-3.0938720703125,1.3672000000000002
-3.2183837890625,1.36725
-3.19580078125,1.3673000000000002
-2.87841796875,1.36735
-3.13262939453125,1.3674000000000002
-3.05633544921875,1.36745
-3.18634033203125,1.3675000000000002
-3.1793212890625,1.36755
-2.96051025390625,1.3676000000000001
-3.1103515625,1.36765
-3.00018310546875,1.3677000000000001
-3.27728271484375,1.36775
-3.1170654296875,1.3678000000000001
-2.5897216796875,1.36785
-2.8131103515625,1.3679000000000001
-2.93426513671875,1.36795
-2.77679443359375,1.368
-2.9595947265625,1.36805
-3.01116943359375,1.3681
-2.67303466796875,1.36815
-2.6025390625,1.3682
-2.9925537109375,1.3682500000000002
-2.8179931640625,1.3683
-2.85552978515625,1.3683500000000002
-2.81585693359375,1.3684
-2.73590087890625,1.3684500000000002
-2.76702880859375,1.3685
-2.89215087890625,1.3685500000000002
-2.81524658203125,1.3686
-2.70538330078125,1.3686500000000001
-2.9779052734375,1.3687
-2.8436279296875,1.3687500000000001
-3.0670166015625,1.3688
-2.8802490234375,1.3688500000000001
-2.8887939453125,1.3689
-2.96356201171875,1.3689500000000001
-2.750244140625,1.369
-2.93548583984375,1.36905
-2.99041748046875,1.3691
-2.8204345703125,1.36915
-2.723388671875,1.3692000000000002
-3.094482421875,1.36925
-2.91107177734375,1.3693000000000002
-2.7734375,1.36935
-3.33465576171875,1.3694000000000002
-3.51043701171875,1.36945
-3.3197021484375,1.3695000000000002
-3.1768798828125,1.36955
-3.49700927734375,1.3696000000000002
-3.14971923828125,1.36965
-3.5516357421875,1.3697000000000001
-3.497314453125,1.36975
-3.56170654296875,1.3698000000000001
-3.35479736328125,1.36985
-3.49151611328125,1.3699000000000001
-3.4228515625,1.36995
-3.5040283203125,1.37
-3.85833740234375,1.37005
-3.90777587890625,1.3701
-3.40423583984375,1.3701500000000002
-3.56414794921875,1.3702
-3.80950927734375,1.3702500000000002
-3.87176513671875,1.3703
-3.83819580078125,1.3703500000000002
-3.4417724609375,1.3704
-3.63800048828125,1.3704500000000002
-3.3673095703125,1.3705
-3.48541259765625,1.3705500000000002
-3.37554931640625,1.3706
-3.426513671875,1.3706500000000001
-3.00323486328125,1.3707
-3.16802978515625,1.3707500000000001
-3.05755615234375,1.3708
-2.96417236328125,1.3708500000000001
-3.11309814453125,1.3709
-2.90496826171875,1.3709500000000001
-2.52838134765625,1.371
-2.9290771484375,1.37105
-2.8460693359375,1.3711
-2.74688720703125,1.37115
-2.68585205078125,1.3712000000000002
-2.63641357421875,1.37125
-2.61260986328125,1.3713000000000002
-2.427978515625,1.37135
-2.56744384765625,1.3714000000000002
-2.43255615234375,1.37145
-2.4554443359375,1.3715000000000002
-2.46856689453125,1.37155
-2.7978515625,1.3716000000000002
-2.64404296875,1.37165
-2.80792236328125,1.3717000000000001
-3.13568115234375,1.37175
-2.9510498046875,1.3718000000000001
-2.9168701171875,1.37185
-3.0902099609375,1.3719000000000001
-3.0780029296875,1.37195
-3.20220947265625,1.372
-3.07525634765625,1.37205
-2.9473876953125,1.3721
-3.18695068359375,1.37215
-2.88360595703125,1.3722
-3.15399169921875,1.3722500000000002
-3.0523681640625,1.3723
-2.59521484375,1.3723500000000002
-2.9376220703125,1.3724
-3.011474609375,1.3724500000000002
-2.61474609375,1.3725
-3.2806396484375,1.3725500000000002
-3.02337646484375,1.3726
-2.97607421875,1.3726500000000001
-2.9071044921875,1.3727
-3.01666259765625,1.3727500000000001
-2.87261962890625,1.3728
-3.2183837890625,1.3728500000000001
-3.19549560546875,1.3729
-3.22723388671875,1.3729500000000001
-2.83660888671875,1.373
-2.8802490234375,1.37305
-3.1390380859375,1.3731
-2.9815673828125,1.37315
-2.9266357421875,1.3732000000000002
-3.0535888671875,1.37325
-2.79998779296875,1.3733000000000002
-2.74017333984375,1.37335
-2.8961181640625,1.3734000000000002
-3.0364990234375,1.37345
-2.90802001953125,1.3735000000000002
-3.18634033203125,1.37355
-2.94647216796875,1.3736000000000002
-3.14727783203125,1.37365
-3.179931640625,1.3737000000000001
-3.2403564453125,1.37375
-3.2098388671875,1.3738000000000001
-2.74749755859375,1.37385
-3.18634033203125,1.3739000000000001
-3.3087158203125,1.37395
-2.9180908203125,1.374
-2.9571533203125,1.37405
-3.270263671875,1.3741
-2.974853515625,1.37415
-3.31390380859375,1.3742
-3.389892578125,1.3742500000000002
-3.2666015625,1.3743
-3.255615234375,1.3743500000000002
-3.4051513671875,1.3744
-3.21502685546875,1.3744500000000002
-3.2177734375,1.3745
-3.27667236328125,1.3745500000000002
-3.19732666015625,1.3746
-3.13751220703125,1.3746500000000001
-2.88116455078125,1.3747
-3.1109619140625,1.3747500000000001
-2.8607177734375,1.3748
-3.2135009765625,1.3748500000000001
-3.21533203125,1.3749
-3.01849365234375,1.3749500000000001
-3.1103515625,1.375
-3.3502197265625,1.37505
-3.29803466796875,1.3751
-3.35906982421875,1.37515
-3.21990966796875,1.3752
-3.32244873046875,1.37525
-3.260498046875,1.3753
-3.2513427734375,1.37535
-3.5650634765625,1.3754
-3.2244873046875,1.37545
-3.06640625,1.3755
-3.10943603515625,1.37555
-3.1561279296875,1.3756
-3.06427001953125,1.37565
-3.50494384765625,1.3757
-3.6676025390625,1.37575
-3.443603515625,1.3758000000000001
-3.2720947265625,1.37585
-3.43231201171875,1.3759000000000001
-3.18115234375,1.37595
-3.4173583984375,1.3760000000000001
-3.5675048828125,1.37605
-3.50189208984375,1.3761
-3.17596435546875,1.37615
-3.43353271484375,1.3762
-3.54888916015625,1.37625
-3.541259765625,1.3763
-3.18328857421875,1.37635
-3.6077880859375,1.3764
-3.2794189453125,1.37645
-3.34808349609375,1.3765
-3.2501220703125,1.37655
-3.40728759765625,1.3766
-3.13140869140625,1.37665
-3.126220703125,1.3767
-3.10546875,1.37675
-3.189697265625,1.3768
-2.9949951171875,1.3768500000000001
-3.10150146484375,1.3769
-3.1195068359375,1.3769500000000001
-2.8399658203125,1.377
-3.2525634765625,1.37705
-3.33892822265625,1.3771
-3.24432373046875,1.37715
-3.13507080078125,1.3772
-3.387451171875,1.37725
-3.0078125,1.3773
-3.19580078125,1.37735
-3.42041015625,1.3774
-3.42010498046875,1.37745
-2.9803466796875,1.3775
-3.1744384765625,1.37755
-3.2427978515625,1.3776
-3.162841796875,1.37765
-3.14544677734375,1.3777
-3.04595947265625,1.37775
-3.060302734375,1.3778000000000001
-3.09722900390625,1.37785
-3.228759765625,1.3779000000000001
-3.18756103515625,1.37795
-3.0548095703125,1.3780000000000001
-3.10699462890625,1.37805
-3.084716796875,1.3781
-2.90069580078125,1.37815
-3.076171875,1.3782
-3.14056396484375,1.37825
-2.97607421875,1.3783
-2.67303466796875,1.37835
-3.023681640625,1.3784
-2.89276123046875,1.37845
-2.9229736328125,1.3785
-3.001708984375,1.37855
-3.1475830078125,1.3786
-2.945556640625,1.37865
-3.01116943359375,1.3787
-3.14208984375,1.37875
-3.0078125,1.3788
-3.1903076171875,1.3788500000000001
-3.323974609375,1.3789
-3.10546875,1.3789500000000001
-2.808837890625,1.379
-3.09783935546875,1.37905
-3.0975341796875,1.3791
-2.8900146484375,1.37915
-2.806396484375,1.3792
-3.02642822265625,1.37925
-2.80181884765625,1.3793
-3.1805419921875,1.37935
-3.197021484375,1.3794
-2.784423828125,1.37945
-2.96630859375,1.3795
-3.138427734375,1.37955
-3.3514404296875,1.3796
-3.1982421875,1.37965
-2.87078857421875,1.3797
-3.12469482421875,1.37975
-2.8509521484375,1.3798
-2.823486328125,1.37985
-3.13232421875,1.3799000000000001
-2.79815673828125,1.37995
-2.7911376953125,1.3800000000000001
-2.9522705078125,1.38005
-2.87933349609375,1.3801
-2.8076171875,1.38015
-3.07220458984375,1.3802
-3.36456298828125,1.38025
-3.31787109375,1.3803
-3.0902099609375,1.38035
-3.519287109375,1.3804
-3.0340576171875,1.38045
-3.34930419921875,1.3805
-3.31298828125,1.38055
-3.3819580078125,1.3806
-2.8167724609375,1.38065
-2.99468994140625,1.3807
-3.25897216796875,1.38075
-3.1463623046875,1.3808
-3.06976318359375,1.3808500000000001
-3.358154296875,1.3809
-3.09539794921875,1.3809500000000001
-3.328857421875,1.381
-3.45184326171875,1.38105
-3.49395751953125,1.3811
-3.465576171875,1.38115
-3.30291748046875,1.3812
-3.7042236328125,1.38125
-3.4051513671875,1.3813
-3.33038330078125,1.38135
-3.433837890625,1.3814
-3.39111328125,1.38145
-2.94647216796875,1.3815
-3.4259033203125,1.38155
-3.4259033203125,1.3816
-3.4765625,1.38165
-3.36669921875,1.3817
-3.50677490234375,1.38175
-3.22296142578125,1.3818000000000001
-3.3544921875,1.38185
-3.68804931640625,1.3819000000000001
-3.69842529296875,1.38195
-3.31329345703125,1.3820000000000001
-3.28033447265625,1.38205
-3.519287109375,1.3821
-3.33984375,1.38215
-3.3953857421875,1.3822
-3.49578857421875,1.38225
-3.06182861328125,1.3823
-3.22052001953125,1.38235
-3.460693359375,1.3824
-3.18206787109375,1.38245
-3.28948974609375,1.3825
-3.389892578125,1.38255
-3.03253173828125,1.3826
-3.1243896484375,1.38265
-3.24859619140625,1.3827
-3.447265625,1.38275
-3.1646728515625,1.3828
-3.04107666015625,1.3828500000000001
-3.46221923828125,1.3829
-3.1072998046875,1.3829500000000001
-3.19610595703125,1.383
-3.27301025390625,1.3830500000000001
-3.19671630859375,1.3831
-2.96356201171875,1.38315
-3.118896484375,1.3832
-3.25958251953125,1.38325
-2.896728515625,1.3833
-3.31878662109375,1.38335
-3.39599609375,1.3834
-3.37677001953125,1.38345
-3.19091796875,1.3835
-3.355712890625,1.38355
-3.40972900390625,1.3836
-3.38775634765625,1.38365
-3.33740234375,1.3837
-3.43963623046875,1.38375
-3.00567626953125,1.3838
-3.46954345703125,1.38385
-3.4942626953125,1.3839000000000001
-3.07373046875,1.38395
-3.11767578125,1.3840000000000001
-3.2208251953125,1.38405
-3.0450439453125,1.3841
-3.28033447265625,1.38415
-3.07098388671875,1.3842
-3.316650390625,1.38425
-3.1890869140625,1.3843
-3.00445556640625,1.38435
-3.341064453125,1.3844
-3.10150146484375,1.38445
-3.065185546875,1.3845
-3.01300048828125,1.38455
-3.03863525390625,1.3846
-2.880859375,1.38465
-3.07769775390625,1.3847
-3.17291259765625,1.38475
-3.04962158203125,1.3848
-3.06243896484375,1.3848500000000001
-3.20892333984375,1.3849
-2.82958984375,1.3849500000000001
-3.16925048828125,1.385
-3.1414794921875,1.3850500000000001
-3.16314697265625,1.3851
-2.93212890625,1.38515
-2.83294677734375,1.3852
-2.93548583984375,1.38525
-3.0780029296875,1.3853
-2.8155517578125,1.38535
-2.99224853515625,1.3854
-2.7862548828125,1.38545
-2.84515380859375,1.3855
-2.91473388671875,1.38555
-2.74200439453125,1.3856
-2.85675048828125,1.38565
-2.80914306640625,1.3857
-2.8814697265625,1.38575
-2.87811279296875,1.3858
-2.94769287109375,1.38585
-2.850341796875,1.3859000000000001
-2.8765869140625,1.38595
-2.763671875,1.3860000000000001
-2.81494140625,1.38605
-2.7423095703125,1.3861
-2.79205322265625,1.38615
-3.05023193359375,1.3862
-3.0853271484375,1.38625
-2.65411376953125,1.3863
-2.861328125,1.38635
-2.772216796875,1.3864
-2.67822265625,1.38645
-2.7471923828125,1.3865
-2.83355712890625,1.38655
-2.82958984375,1.3866
-2.61810302734375,1.38665
-2.81585693359375,1.3867
-2.822265625,1.38675
-2.5201416015625,1.3868
-2.9150390625,1.38685
-2.90802001953125,1.3869
-2.81829833984375,1.3869500000000001
-2.92999267578125,1.387
-2.77496337890625,1.3870500000000001
-2.9010009765625,1.3871
-2.68096923828125,1.38715
-3.00323486328125,1.3872
-2.7508544921875,1.38725
-2.7264404296875,1.3873
-2.784423828125,1.38735
-3.065185546875,1.3874
-2.64862060546875,1.38745
-2.83172607421875,1.3875
-3.14910888671875,1.38755
-3.16680908203125,1.3876
-3.050537109375,1.38765
-2.9840087890625,1.3877
-3.140869140625,1.38775
-2.86773681640625,1.3878
-3.204345703125,1.38785
-3.25286865234375,1.3879000000000001
-3.3837890625,1.38795
-2.99835205078125,1.3880000000000001
-2.96905517578125,1.38805
-3.0499267578125,1.3881000000000001
-3.32916259765625,1.38815
-3.27728271484375,1.3882
-3.1817626953125,1.38825
-2.82073974609375,1.3883
-3.216552734375,1.38835
-3.206787109375,1.3884
-3.11614990234375,1.38845
-3.15277099609375,1.3885
-3.22509765625,1.38855
-3.0657958984375,1.3886
-3.17108154296875,1.38865
-3.10638427734375,1.3887
-3.111572265625,1.38875
-3.04290771484375,1.3888
-3.14605712890625,1.38885
-3.240966796875,1.3889
-3.19732666015625,1.3889500000000001
-3.27423095703125,1.389
-3.16986083984375,1.3890500000000001
-3.1182861328125,1.3891
-2.8900146484375,1.38915
-2.8753662109375,1.3892
-2.9815673828125,1.38925
-2.97698974609375,1.3893
-3.0810546875,1.38935
-3.0743408203125,1.3894
-2.7789306640625,1.38945
-2.9583740234375,1.3895
-3.19610595703125,1.38955
-3.2220458984375,1.3896
-2.85125732421875,1.38965
-3.13446044921875,1.3897
-2.89154052734375,1.38975
-2.97943115234375,1.3898
-3.19427490234375,1.38985
-3.17901611328125,1.3899000000000001
-2.75421142578125,1.38995
-2.9815673828125,1.3900000000000001
-2.94952392578125,1.39005
-2.69775390625,1.3901000000000001
-2.8900146484375,1.39015
-2.84454345703125,1.3902
-3.06915283203125,1.39025
-2.96142578125,1.3903
-3.0450439453125,1.39035
-3.2275390625,1.3904
-3.23333740234375,1.39045
-3.20037841796875,1.3905
-3.26904296875,1.39055
-2.8863525390625,1.3906
-3.03619384765625,1.39065
-3.56781005859375,1.3907
-3.51043701171875,1.39075
-3.426513671875,1.3908
-3.4637451171875,1.39085
-3.280029296875,1.3909
-3.39691162109375,1.3909500000000001
-3.47503662109375,1.391
-3.5394287109375,1.3910500000000001
-3.45428466796875,1.3911
-3.067626953125,1.39115
-3.4033203125,1.3912
-3.4307861328125,1.39125
-3.46038818359375,1.3913
-3.43048095703125,1.39135
-3.3160400390625,1.3914
-3.14788818359375,1.39145
-3.3514404296875,1.3915
-3.150634765625,1.39155
-3.10546875,1.3916
-3.1854248046875,1.39165
-3.11309814453125,1.3917
-3.11859130859375,1.39175
-3.1280517578125,1.3918
-3.04901123046875,1.39185
-3.082275390625,1.3919000000000001
-2.87933349609375,1.39195
-2.5701904296875,1.3920000000000001
-3.1182861328125,1.39205
-2.84027099609375,1.3921000000000001
-2.84698486328125,1.39215
-2.82318115234375,1.3922
-2.8363037109375,1.39225
-2.67059326171875,1.3923
-3.12652587890625,1.39235
-2.88330078125,1.3924
-3.08380126953125,1.39245
-3.22113037109375,1.3925
-2.95867919921875,1.39255
-2.84515380859375,1.3926
-3.19488525390625,1.39265
-3.29010009765625,1.3927
-3.233642578125,1.39275
-2.90069580078125,1.3928
-3.3038330078125,1.39285
-3.23974609375,1.3929
-2.94586181640625,1.3929500000000001
-3.0169677734375,1.393
-3.0499267578125,1.3930500000000001
-2.708740234375,1.3931
-2.9730224609375,1.39315
-2.85552978515625,1.3932
-2.6116943359375,1.39325
-2.9705810546875,1.3933
-3.131103515625,1.39335
-2.890625,1.3934
-2.65594482421875,1.39345
-2.87872314453125,1.3935
-3.3074951171875,1.39355
-3.238525390625,1.3936
-3.0072021484375,1.39365
-3.331298828125,1.3937
-3.001708984375,1.39375
-3.10760498046875,1.3938
-3.63311767578125,1.39385
-3.54888916015625,1.3939
-3.30169677734375,1.39395
-3.59619140625,1.3940000000000001
-3.32763671875,1.39405
-3.54095458984375,1.3941000000000001
-3.40789794921875,1.39415
-3.642578125,1.3942
-3.63677978515625,1.39425
-3.62335205078125,1.3943
-3.76312255859375,1.39435
-3.87176513671875,1.3944
-3.56536865234375,1.39445
-3.61053466796875,1.3945
-3.7860107421875,1.39455
-3.2861328125,1.3946
-3.4991455078125,1.39465
-3.28826904296875,1.3947
-3.24371337890625,1.39475
-3.3099365234375,1.3948
-3.2171630859375,1.39485
-3.2818603515625,1.3949
-3.58123779296875,1.3949500000000001
-3.48968505859375,1.395
-3.525390625,1.3950500000000001
-3.22174072265625,1.3951
-3.03863525390625,1.3951500000000001
-3.4466552734375,1.3952
-3.50341796875,1.39525
-3.22509765625,1.3953
-3.0133056640625,1.39535
-3.18634033203125,1.3954
-2.7142333984375,1.39545
-3.062744140625,1.3955
-2.76123046875,1.39555
-2.63397216796875,1.3956
-2.7154541015625,1.39565
-2.747802734375,1.3957
-2.66082763671875,1.39575
-2.87994384765625,1.3958
-2.867431640625,1.39585
-3.121337890625,1.3959
-2.8692626953125,1.39595
-2.87261962890625,1.3960000000000001
-2.99163818359375,1.39605
-2.960205078125,1.3961000000000001
-3.1402587890625,1.39615
-3.424072265625,1.3962
-2.86041259765625,1.39625
-3.18603515625,1.3963
-3.4246826171875,1.39635
-3.1964111328125,1.3964
-3.306884765625,1.39645
-3.028564453125,1.3965
-3.22723388671875,1.39655
-3.07220458984375,1.3966
-3.12286376953125,1.39665
-3.2159423828125,1.3967
-3.30780029296875,1.39675
-2.85888671875,1.3968
-3.011474609375,1.39685
-3.00262451171875,1.3969
-2.92327880859375,1.3969500000000001
-2.9840087890625,1.397
-2.90771484375,1.3970500000000001
-2.45513916015625,1.3971
-2.5848388671875,1.3971500000000001
-2.56195068359375,1.3972
-2.64434814453125,1.39725
-2.4212646484375,1.3973
-2.57965087890625,1.39735
-2.5927734375,1.3974
-2.4066162109375,1.39745
-2.392578125,1.3975
-2.4810791015625,1.39755
-2.56805419921875,1.3976
-2.46429443359375,1.39765
-2.76275634765625,1.3977
-2.46002197265625,1.39775
-2.5830078125,1.3978
-2.48077392578125,1.39785
-2.82470703125,1.3979
-2.37548828125,1.39795
-2.335205078125,1.3980000000000001
-2.54425048828125,1.39805
-2.53387451171875,1.3981000000000001
-2.76153564453125,1.39815
-2.3529052734375,1.3982
-2.47894287109375,1.39825
-2.4749755859375,1.3983
-2.6824951171875,1.39835
-2.7435302734375,1.3984
-2.84088134765625,1.39845
-2.535400390625,1.3985
-2.7587890625,1.39855
-2.48687744140625,1.3986
-2.7435302734375,1.39865
-2.716064453125,1.3987
-2.9962158203125,1.39875
-2.61932373046875,1.3988
-2.71392822265625,1.39885
-2.818603515625,1.3989
-2.86834716796875,1.3989500000000001
-2.884521484375,1.399
-2.80853271484375,1.3990500000000001
-2.5732421875,1.3991
-2.65472412109375,1.3991500000000001
-2.7874755859375,1.3992
-2.79937744140625,1.39925
-3.03680419921875,1.3993
-2.559814453125,1.39935
-2.84271240234375,1.3994
-2.823486328125,1.39945
-2.8680419921875,1.3995
-2.7471923828125,1.39955
-2.9150390625,1.3996
-2.69927978515625,1.39965
-3.0902099609375,1.3997
-2.7728271484375,1.39975
-2.97515869140625,1.3998
-3.08319091796875,1.39985
-3.104248046875,1.3999
-2.9852294921875,1.39995
-2.9364013671875,1.4000000000000001
-3.0267333984375,1.4000500000000002
-2.88421630859375,1.4001000000000001
-2.9608154296875,1.4001500000000002
-3.043212890625,1.4002000000000001
-3.09478759765625,1.4002500000000002
-2.97760009765625,1.4003
-3.2110595703125,1.4003500000000002
-3.57147216796875,1.4004
-2.99346923828125,1.4004500000000002
-3.1597900390625,1.4005
-3.1353759765625,1.4005500000000002
-2.8363037109375,1.4006
-3.05328369140625,1.4006500000000002
-2.9547119140625,1.4007
-2.734375,1.4007500000000002
-2.958984375,1.4008
-2.835693359375,1.4008500000000002
-2.90313720703125,1.4009
-2.86346435546875,1.4009500000000001
-2.4676513671875,1.401
-2.84210205078125,1.4010500000000001
-2.901611328125,1.4011000000000002
-2.589111328125,1.4011500000000001
-3.1475830078125,1.4012000000000002
-2.822265625,1.40125
-2.884521484375,1.4013000000000002
-3.0035400390625,1.40135
-2.79266357421875,1.4014000000000002
-2.6702880859375,1.40145
-3.01116943359375,1.4015000000000002
-2.967529296875,1.40155
-2.9345703125,1.4016000000000002
-2.74444580078125,1.40165
-2.71270751953125,1.4017000000000002
-2.96783447265625,1.40175
-2.94189453125,1.4018000000000002
-2.872314453125,1.40185
-3.173828125,1.4019000000000001
-2.66510009765625,1.40195
-2.9241943359375,1.4020000000000001
-2.978515625,1.4020500000000002
-3.20220947265625,1.4021000000000001
-2.94158935546875,1.4021500000000002
-3.2232666015625,1.4022000000000001
-2.89581298828125,1.4022500000000002
-3.218994140625,1.4023
-3.11065673828125,1.4023500000000002
-3.17138671875,1.4024
-3.0609130859375,1.4024500000000002
-2.66632080078125,1.4025
-3.17047119140625,1.4025500000000002
-3.05450439453125,1.4026
-2.70233154296875,1.4026500000000002
-2.73712158203125,1.4027
-3.001708984375,1.4027500000000002
-2.59490966796875,1.4028
-3.1414794921875,1.4028500000000002
-3.17596435546875,1.4029
-3.08380126953125,1.4029500000000001
-3.01361083984375,1.403
-3.265380859375,1.4030500000000001
-2.87567138671875,1.4031000000000002
-3.0780029296875,1.4031500000000001
-2.90130615234375,1.4032000000000002
-2.940673828125,1.40325
-2.908935546875,1.4033000000000002
-2.68035888671875,1.40335
-2.85186767578125,1.4034000000000002
-2.61444091796875,1.40345
-2.9400634765625,1.4035000000000002
-2.9803466796875,1.40355
-2.6806640625,1.4036000000000002
-2.65838623046875,1.40365
-3.0780029296875,1.4037000000000002
-3.06243896484375,1.40375
-3.00506591796875,1.4038000000000002
-3.10150146484375,1.40385
-2.80914306640625,1.4039000000000001
-3.023681640625,1.40395
-2.92236328125,1.4040000000000001
-3.09356689453125,1.4040500000000002
-3.05023193359375,1.4041000000000001
-2.72003173828125,1.4041500000000002
-2.85308837890625,1.4042000000000001
-2.84210205078125,1.4042500000000002
-2.7789306640625,1.4043
-3.13690185546875,1.4043500000000002
-3.27239990234375,1.4044
-2.91412353515625,1.4044500000000002
-3.01666259765625,1.4045
-3.165283203125,1.4045500000000002
-2.84332275390625,1.4046
-3.13873291015625,1.4046500000000002
-3.22784423828125,1.4047
-3.0108642578125,1.4047500000000002
-2.76153564453125,1.4048
-3.21533203125,1.4048500000000002
-3.17413330078125,1.4049
-3.00079345703125,1.4049500000000001
-3.12225341796875,1.405
-3.1915283203125,1.4050500000000001
-2.9473876953125,1.4051000000000002
-3.06732177734375,1.4051500000000001
-3.05694580078125,1.4052000000000002
-3.1549072265625,1.40525
-2.85430908203125,1.4053000000000002
-3.0120849609375,1.40535
-3.20068359375,1.4054000000000002
-2.99652099609375,1.40545
-2.94281005859375,1.4055000000000002
-3.05908203125,1.40555
-3.1121826171875,1.4056000000000002
-2.72613525390625,1.40565
-2.95684814453125,1.4057000000000002
-3.1134033203125,1.40575
-3.0078125,1.4058000000000002
-2.8814697265625,1.40585
-3.1915283203125,1.4059000000000001
-2.64923095703125,1.40595
-2.93853759765625,1.4060000000000001
-3.21258544921875,1.4060500000000002
-3.27911376953125,1.4061000000000001
-2.77618408203125,1.4061500000000002
-2.911376953125,1.4062000000000001
-3.05328369140625,1.4062500000000002
-3.1829833984375,1.4063
-2.999267578125,1.4063500000000002
-3.199462890625,1.4064
-2.76214599609375,1.4064500000000002
-2.98919677734375,1.4065
-3.1304931640625,1.4065500000000002
-3.023681640625,1.4066
-3.04290771484375,1.4066500000000002
-3.0914306640625,1.4067
-3.033447265625,1.4067500000000002
-2.84271240234375,1.4068
-2.84576416015625,1.4068500000000002
-2.9742431640625,1.4069
-3.00018310546875,1.4069500000000001
-2.81402587890625,1.407
-3.17291259765625,1.4070500000000001
-2.95074462890625,1.4071000000000002
-3.08563232421875,1.4071500000000001
-3.0584716796875,1.4072000000000002
-3.33099365234375,1.4072500000000001
-2.87353515625,1.4073000000000002
-2.8704833984375,1.40735
-3.39996337890625,1.4074000000000002
-3.2293701171875,1.40745
-3.2421875,1.4075000000000002
-3.21380615234375,1.40755
-3.1060791015625,1.4076000000000002
-2.9486083984375,1.40765
-3.28643798828125,1.4077000000000002
-3.10333251953125,1.40775
-2.97515869140625,1.4078000000000002
-3.02490234375,1.40785
-3.09539794921875,1.4079000000000002
-3.07037353515625,1.40795
-3.2635498046875,1.4080000000000001
-3.29803466796875,1.40805
-2.9486083984375,1.4081000000000001
-3.05389404296875,1.4081500000000002
-2.95654296875,1.4082000000000001
-3.41094970703125,1.4082500000000002
-3.10211181640625,1.4083
-2.9718017578125,1.4083500000000002
-3.2122802734375,1.4084
-2.95257568359375,1.4084500000000002
-2.88299560546875,1.4085
-3.33251953125,1.4085500000000002
-2.96905517578125,1.4086
-3.0877685546875,1.4086500000000002
-3.1201171875,1.4087
-3.10516357421875,1.4087500000000002
-2.99102783203125,1.4088
-3.3880615234375,1.4088500000000002
-3.4716796875,1.4089
-3.46435546875,1.4089500000000001
-3.08563232421875,1.409
-3.2916259765625,1.4090500000000001
-3.09417724609375,1.4091000000000002
-3.12713623046875,1.4091500000000001
-3.15887451171875,1.4092000000000002
-3.1292724609375,1.4092500000000001
-2.80914306640625,1.4093000000000002
-2.9718017578125,1.40935
-3.07769775390625,1.4094000000000002
-2.99468994140625,1.40945
-2.98614501953125,1.4095000000000002
-3.09722900390625,1.40955
-3.2159423828125,1.4096000000000002
-3.25347900390625,1.40965
-3.16314697265625,1.4097000000000002
-3.25225830078125,1.40975
-3.26812744140625,1.4098000000000002
-3.001708984375,1.40985
-3.32672119140625,1.4099000000000002
-2.97515869140625,1.40995
-2.9730224609375,1.4100000000000001
-2.95806884765625,1.41005
-3.11309814453125,1.4101000000000001
-2.68951416015625,1.4101500000000002
-3.07586669921875,1.4102000000000001
-3.11981201171875,1.4102500000000002
-3.10882568359375,1.4103
-3.22662353515625,1.4103500000000002
-3.2928466796875,1.4104
-2.9150390625,1.4104500000000002
-3.05999755859375,1.4105
-3.37310791015625,1.4105500000000002
-3.32763671875,1.4106
-2.9486083984375,1.4106500000000002
-2.67730712890625,1.4107
-2.9852294921875,1.4107500000000002
-2.7740478515625,1.4108
-2.89642333984375,1.4108500000000002
-2.9461669921875,1.4109
-2.89215087890625,1.4109500000000001
-3.02032470703125,1.411
-3.14239501953125,1.4110500000000001
-3.05419921875,1.4111000000000002
-3.0450439453125,1.4111500000000001
-3.23211669921875,1.4112000000000002
-3.11492919921875,1.4112500000000001
-2.9986572265625,1.4113000000000002
-2.91351318359375,1.41135
-3.236083984375,1.4114000000000002
-2.9833984375,1.41145
-2.87628173828125,1.4115000000000002
-2.89886474609375,1.41155
-2.87994384765625,1.4116000000000002
-2.95745849609375,1.41165
-3.0499267578125,1.4117000000000002
-3.29742431640625,1.41175
-2.80059814453125,1.4118000000000002
-3.082275390625,1.41185
-3.4454345703125,1.4119000000000002
-3.1640625,1.41195
-3.3935546875,1.4120000000000001
-3.38104248046875,1.41205
-3.2733154296875,1.4121000000000001
-3.2147216796875,1.4121500000000002
-3.2965087890625,1.4122000000000001
-3.15216064453125,1.4122500000000002
-3.12255859375,1.4123
-3.27117919921875,1.4123500000000002
-3.167724609375,1.4124
-3.1378173828125,1.4124500000000002
-3.2098388671875,1.4125
-3.25286865234375,1.4125500000000002
-3.17413330078125,1.4126
-3.13934326171875,1.4126500000000002
-3.17291259765625,1.4127
-3.32916259765625,1.4127500000000002
-3.2000732421875,1.4128
-3.29254150390625,1.4128500000000002
-3.35845947265625,1.4129
-3.23974609375,1.4129500000000002
-3.29986572265625,1.413
-3.44940185546875,1.4130500000000001
-3.15826416015625,1.4131
-3.27606201171875,1.4131500000000001
-2.799072265625,1.4132000000000002
-3.19549560546875,1.4132500000000001
-2.7880859375,1.4133000000000002
-2.76458740234375,1.41335
-3.1976318359375,1.4134000000000002
-3.06671142578125,1.41345
-2.8887939453125,1.4135000000000002
-3.19488525390625,1.41355
-3.1158447265625,1.4136000000000002
-3.26171875,1.41365
-3.4454345703125,1.4137000000000002
-3.32183837890625,1.41375
-3.03466796875,1.4138000000000002
-3.08319091796875,1.41385
-3.367919921875,1.4139000000000002
-2.97576904296875,1.41395
-3.07403564453125,1.4140000000000001
-2.98492431640625,1.41405
-3.27972412109375,1.4141000000000001
-3.0450439453125,1.4141500000000002
-3.0126953125,1.4142000000000001
-3.0322265625,1.4142500000000002
-3.20343017578125,1.4143000000000001
-3.00689697265625,1.4143500000000002
-3.3984375,1.4144
-2.969970703125,1.4144500000000002
-3.33465576171875,1.4145
-3.46923828125,1.4145500000000002
-3.45428466796875,1.4146
-3.18878173828125,1.4146500000000002
-3.12225341796875,1.4147
-3.3831787109375,1.4147500000000002
-3.4051513671875,1.4148
-3.12408447265625,1.4148500000000002
-3.408203125,1.4149
-3.25347900390625,1.4149500000000002
-3.1561279296875,1.415
-3.729248046875,1.4150500000000001
-3.52203369140625,1.4151
-3.577880859375,1.4151500000000001
-3.302001953125,1.4152000000000002
-3.6260986328125,1.4152500000000001
-3.53424072265625,1.4153000000000002
-3.60504150390625,1.41535
-3.311767578125,1.4154000000000002
-3.3984375,1.41545
-3.58917236328125,1.4155000000000002
-3.44329833984375,1.41555
-3.18695068359375,1.4156000000000002
-3.37554931640625,1.41565
-3.17626953125,1.4157000000000002
-3.2421875,1.41575
-3.15582275390625,1.4158000000000002
-2.813720703125,1.41585
-3.428955078125,1.4159000000000002
-3.16375732421875,1.41595
-3.17596435546875,1.4160000000000001
-3.3770751953125,1.41605
-2.822265625,1.4161000000000001
-3.1243896484375,1.4161500000000002
-3.570556640625,1.4162000000000001
-3.37432861328125,1.4162500000000002
-3.41278076171875,1.4163000000000001
-2.8924560546875,1.4163500000000002
-3.4912109375,1.4164
-3.377685546875,1.4164500000000002
-3.2220458984375,1.4165
-3.39874267578125,1.4165500000000002
-3.34930419921875,1.4166
-3.167724609375,1.4166500000000002
-3.26629638671875,1.4167
-3.31268310546875,1.4167500000000002
-3.32183837890625,1.4168
-3.54034423828125,1.4168500000000002
-3.5205078125,1.4169
-3.2647705078125,1.4169500000000002
-3.282470703125,1.417
-3.49609375,1.4170500000000001
-3.43719482421875,1.4171
-3.502197265625,1.4171500000000001
-3.1793212890625,1.4172000000000002
-3.17657470703125,1.4172500000000001
-3.01605224609375,1.4173000000000002
-2.9681396484375,1.41735
-3.1268310546875,1.4174000000000002
-3.2025146484375,1.41745
-2.74200439453125,1.4175000000000002
-3.2000732421875,1.41755
-2.94189453125,1.4176000000000002
-2.80120849609375,1.41765
-2.9888916015625,1.4177000000000002
-2.9364013671875,1.41775
-2.7569580078125,1.4178000000000002
-3.0291748046875,1.41785
-3.32000732421875,1.4179000000000002
-3.27972412109375,1.41795
-3.0450439453125,1.4180000000000001
-3.1414794921875,1.41805
-3.13629150390625,1.4181000000000001
-2.75177001953125,1.4181500000000002
-2.86285400390625,1.4182000000000001
-3.128662109375,1.4182500000000002
-3.0548095703125,1.4183000000000001
-2.923583984375,1.4183500000000002
-3.29437255859375,1.4184
-3.0218505859375,1.4184500000000002
-3.37860107421875,1.4185
-3.3245849609375,1.4185500000000002
-3.212890625,1.4186
-3.2135009765625,1.4186500000000002
-3.15887451171875,1.4187
-3.31695556640625,1.4187500000000002
-3.47930908203125,1.4188
-3.3758544921875,1.4188500000000002
-3.6328125,1.4189
-3.2806396484375,1.4189500000000002
-3.26202392578125,1.419
-3.83056640625,1.4190500000000001
-3.6090087890625,1.4191
-3.2012939453125,1.4191500000000001
-3.50616455078125,1.4192000000000002
-3.36212158203125,1.4192500000000001
-3.44268798828125,1.4193000000000002
-3.853759765625,1.4193500000000001
-3.6627197265625,1.4194000000000002
-3.450927734375,1.41945
-3.5546875,1.4195000000000002
-3.8897705078125,1.41955
-3.455810546875,1.4196000000000002
-3.54766845703125,1.41965
-3.5858154296875,1.4197000000000002
-3.67279052734375,1.41975
-3.450927734375,1.4198000000000002
-3.311767578125,1.41985
-3.36090087890625,1.4199000000000002
-3.20770263671875,1.41995
-3.13751220703125,1.4200000000000002
-3.04779052734375,1.42005
-2.94464111328125,1.4201000000000001
-2.8228759765625,1.42015
-2.8863525390625,1.4202000000000001
-2.80853271484375,1.4202500000000002
-2.66510009765625,1.4203000000000001
-2.57415771484375,1.4203500000000002
-2.75115966796875,1.4204
-2.84881591796875,1.4204500000000002
-2.6177978515625,1.4205
-2.650146484375,1.4205500000000002
-2.56927490234375,1.4206
-2.2027587890625,1.4206500000000002
-2.5653076171875,1.4207
-2.53936767578125,1.4207500000000002
-2.5933837890625,1.4208
-2.2808837890625,1.4208500000000002
-2.772216796875,1.4209
-2.720947265625,1.4209500000000002
-2.70355224609375,1.421
-2.98248291015625,1.4210500000000001
-3.148193359375,1.4211
-3.02978515625,1.4211500000000001
-3.18450927734375,1.4212000000000002
-3.2049560546875,1.4212500000000001
-3.289794921875,1.4213000000000002
-3.44757080078125,1.4213500000000001
-3.6505126953125,1.4214000000000002
-3.47381591796875,1.42145
-2.8948974609375,1.4215000000000002
-3.24462890625,1.42155
-3.19122314453125,1.4216000000000002
-3.25225830078125,1.42165
-3.0377197265625,1.4217000000000002
-2.9339599609375,1.42175
-2.8607177734375,1.4218000000000002
-2.79693603515625,1.42185
-2.96661376953125,1.4219000000000002
-3.111572265625,1.42195
-2.69561767578125,1.4220000000000002
-3.00384521484375,1.42205
-3.07373046875,1.4221000000000001
-2.80731201171875,1.42215
-3.17718505859375,1.4222000000000001
-2.90069580078125,1.4222500000000002
-2.679443359375,1.4223000000000001
-2.8411865234375,1.4223500000000002
-2.96722412109375,1.4224
-2.97271728515625,1.4224500000000002
-3.08441162109375,1.4225
-3.140869140625,1.4225500000000002
-2.9595947265625,1.4226
-2.68707275390625,1.4226500000000002
-2.92022705078125,1.4227
-3.02490234375,1.4227500000000002
-2.88970947265625,1.4228
-2.98370361328125,1.4228500000000002
-3.028564453125,1.4229
-2.9345703125,1.4229500000000002
-3.16986083984375,1.423
-3.157958984375,1.4230500000000001
-3.0499267578125,1.4231
-3.001708984375,1.4231500000000001
-3.10333251953125,1.4232000000000002
-3.0859375,1.4232500000000001
-3.08837890625,1.4233000000000002
-3.04443359375,1.4233500000000001
-3.19732666015625,1.4234000000000002
-2.957763671875,1.42345
-2.91595458984375,1.4235000000000002
-3.13812255859375,1.42355
-2.95806884765625,1.4236000000000002
-2.89337158203125,1.42365
-2.9052734375,1.4237000000000002
-3.08807373046875,1.42375
-2.8070068359375,1.4238000000000002
-3.18939208984375,1.42385
-3.238525390625,1.4239000000000002
-3.13751220703125,1.42395
-2.86865234375,1.4240000000000002
-3.4625244140625,1.42405
-2.85369873046875,1.4241000000000001
-3.01177978515625,1.42415
-3.3319091796875,1.4242000000000001
-3.33221435546875,1.4242500000000002
-3.0377197265625,1.4243000000000001
-3.00689697265625,1.4243500000000002
-3.145751953125,1.4244
-3.218994140625,1.4244500000000002
-3.1744384765625,1.4245
-3.17138671875,1.4245500000000002
-3.0450439453125,1.4246
-2.913818359375,1.4246500000000002
-3.1207275390625,1.4247
-3.0609130859375,1.4247500000000002
-3.14208984375,1.4248
-2.98095703125,1.4248500000000002
-3.15216064453125,1.4249
-3.00872802734375,1.4249500000000002
-2.91778564453125,1.425
-3.42864990234375,1.4250500000000001
-3.48114013671875,1.4251
-3.0303955078125,1.4251500000000001
-3.55743408203125,1.4252
-3.287353515625,1.4252500000000001
-3.4307861328125,1.4253
-3.55682373046875,1.4253500000000001
-3.70025634765625,1.4254
-3.486328125,1.42545
-3.2989501953125,1.4255
-3.56964111328125,1.42555
-3.604736328125,1.4256
-3.50982666015625,1.42565
-3.3270263671875,1.4257
-3.3154296875,1.42575
-3.29864501953125,1.4258000000000002
-3.724365234375,1.42585
-3.57635498046875,1.4259000000000002
-3.2891845703125,1.42595
-3.30413818359375,1.4260000000000002
-3.394775390625,1.42605
-3.1146240234375,1.4261000000000001
-3.2763671875,1.42615
-3.09967041015625,1.4262000000000001
-2.95166015625,1.42625
-3.07464599609375,1.4263000000000001
-2.98828125,1.42635
-3.15521240234375,1.4264000000000001
-2.98248291015625,1.42645
-2.85552978515625,1.4265
-3.35235595703125,1.42655
-3.0047607421875,1.4266
-2.90435791015625,1.42665
-3.37554931640625,1.4267
-3.160400390625,1.42675
-3.1390380859375,1.4268
-3.28765869140625,1.4268500000000002
-2.93304443359375,1.4269
-2.7587890625,1.4269500000000002
-3.294677734375,1.427
-3.29345703125,1.4270500000000002
-3.23272705078125,1.4271
-2.90618896484375,1.4271500000000001
-2.9510498046875,1.4272
-3.05450439453125,1.4272500000000001
-3.04656982421875,1.4273
-3.0364990234375,1.4273500000000001
-3.23455810546875,1.4274
-2.860107421875,1.42745
-3.22509765625,1.4275
-3.13262939453125,1.42755
-3.07769775390625,1.4276
-2.9925537109375,1.42765
-3.2177734375,1.4277
-3.0352783203125,1.42775
-2.97393798828125,1.4278000000000002
-2.8717041015625,1.42785
-2.89947509765625,1.4279000000000002
-3.08135986328125,1.42795
-2.6611328125,1.4280000000000002
-2.81341552734375,1.42805
-2.518310546875,1.4281000000000001
-2.59002685546875,1.42815
-2.7032470703125,1.4282000000000001
-2.93365478515625,1.42825
-2.3455810546875,1.4283000000000001
-2.938232421875,1.42835
-2.85888671875,1.4284000000000001
-2.998046875,1.42845
-3.05023193359375,1.4285
-3.17840576171875,1.42855
-2.684326171875,1.4286
-3.02276611328125,1.42865
-3.0078125,1.4287
-3.197021484375,1.42875
-3.0303955078125,1.4288
-2.75115966796875,1.4288500000000002
-2.967529296875,1.4289
-2.63092041015625,1.4289500000000002
-3.09173583984375,1.429
-3.15948486328125,1.4290500000000002
-2.79693603515625,1.4291
-2.88421630859375,1.4291500000000001
-3.14727783203125,1.4292
-3.00018310546875,1.4292500000000001
-3.1085205078125,1.4293
-3.21990966796875,1.4293500000000001
-2.90496826171875,1.4294
-2.9766845703125,1.42945
-2.92022705078125,1.4295
-3.0413818359375,1.42955
-2.91015625,1.4296
-2.8436279296875,1.42965
-2.80487060546875,1.4297
-2.77679443359375,1.42975
-2.68524169921875,1.4298000000000002
-3.01788330078125,1.42985
-3.0755615234375,1.4299000000000002
-2.66082763671875,1.42995
-2.86865234375,1.4300000000000002
-3.08868408203125,1.43005
-2.7685546875,1.4301000000000001
-3.29071044921875,1.43015
-3.3447265625,1.4302000000000001
-3.08837890625,1.43025
-3.04840087890625,1.4303000000000001
-3.20098876953125,1.43035
-3.270263671875,1.4304000000000001
-3.0108642578125,1.43045
-3.3892822265625,1.4305
-3.4051513671875,1.43055
-3.11614990234375,1.4306
-3.18145751953125,1.43065
-3.1610107421875,1.4307
-3.18115234375,1.43075
-2.9833984375,1.4308
-3.29376220703125,1.4308500000000002
-3.253173828125,1.4309
-2.8546142578125,1.4309500000000002
-3.125,1.431
-3.29498291015625,1.4310500000000002
-3.1781005859375,1.4311
-3.00018310546875,1.4311500000000001
-3.131103515625,1.4312
-3.19549560546875,1.4312500000000001
-3.15032958984375,1.4313
-2.9461669921875,1.4313500000000001
-3.1536865234375,1.4314
-2.68768310546875,1.4314500000000001
-3.01605224609375,1.4315
-2.99102783203125,1.43155
-3.0816650390625,1.4316
-3.0084228515625,1.43165
-3.11126708984375,1.4317
-2.8887939453125,1.43175
-3.08837890625,1.4318
-3.157958984375,1.43185
-3.2733154296875,1.4319000000000002
-3.0224609375,1.43195
-3.2598876953125,1.4320000000000002
-3.24859619140625,1.43205
-3.04962158203125,1.4321000000000002
-3.24188232421875,1.43215
-3.16650390625,1.4322000000000001
-3.082275390625,1.43225
-2.8118896484375,1.4323000000000001
-2.75054931640625,1.43235
-2.74078369140625,1.4324000000000001
-2.90679931640625,1.43245
-2.78228759765625,1.4325
-2.85003662109375,1.43255
-2.61688232421875,1.4326
-2.8973388671875,1.43265
-2.84881591796875,1.4327
-3.02764892578125,1.43275
-2.66510009765625,1.4328
-2.9571533203125,1.4328500000000002
-2.82623291015625,1.4329
-2.96630859375,1.4329500000000002
-3.13690185546875,1.433
-3.05938720703125,1.4330500000000002
-2.6141357421875,1.4331
-2.8338623046875,1.4331500000000001
-2.86376953125,1.4332
-2.762451171875,1.4332500000000001
-2.906494140625,1.4333
-2.85797119140625,1.4333500000000001
-3.14056396484375,1.4334
-2.706298828125,1.4334500000000001
-2.861328125,1.4335
-3.10150146484375,1.43355
-2.75054931640625,1.4336
-3.0303955078125,1.43365
-3.00567626953125,1.4337
-2.85491943359375,1.43375
-2.91595458984375,1.4338
-3.0322265625,1.43385
-3.11553955078125,1.4339000000000002
-2.76275634765625,1.43395
-2.982177734375,1.4340000000000002
-2.9510498046875,1.43405
-2.89306640625,1.4341000000000002
-3.05999755859375,1.43415
-3.1060791015625,1.4342000000000001
-2.913818359375,1.43425
-2.66998291015625,1.4343000000000001
-2.89825439453125,1.43435
-2.8070068359375,1.4344000000000001
-2.95562744140625,1.43445
-2.6837158203125,1.4345
-2.972412109375,1.43455
-2.87200927734375,1.4346
-2.96905517578125,1.43465
-3.15032958984375,1.4347
-3.062744140625,1.43475
-2.87811279296875,1.4348
-3.10089111328125,1.4348500000000002
-2.94464111328125,1.4349
-2.9412841796875,1.4349500000000002
-2.8900146484375,1.435
-3.17291259765625,1.4350500000000002
-2.83172607421875,1.4351
-2.98004150390625,1.4351500000000001
-2.75634765625,1.4352
-2.82440185546875,1.4352500000000001
-3.118896484375,1.4353
-2.9144287109375,1.4353500000000001
-2.7435302734375,1.4354
-2.64617919921875,1.4354500000000001
-2.8900146484375,1.4355
-2.90771484375,1.43555
-2.9144287109375,1.4356
-2.662353515625,1.43565
-3.0084228515625,1.4357
-2.67547607421875,1.43575
-2.71942138671875,1.4358
-2.64373779296875,1.43585
-2.8045654296875,1.4359000000000002
-2.6531982421875,1.43595
-3.09783935546875,1.4360000000000002
-2.73773193359375,1.43605
-2.8594970703125,1.4361000000000002
-3.173828125,1.43615
-3.2000732421875,1.4362000000000001
-3.0889892578125,1.43625
-2.8765869140625,1.4363000000000001
-2.79632568359375,1.43635
-2.92724609375,1.4364000000000001
-2.86163330078125,1.43645
-2.92694091796875,1.4365
-3.29925537109375,1.43655
-2.8070068359375,1.4366
-3.05450439453125,1.43665
-3.079833984375,1.4367
-3.06304931640625,1.43675
-3.10882568359375,1.4368
-3.24188232421875,1.4368500000000002
-2.9833984375,1.4369
-3.3819580078125,1.4369500000000002
-3.23486328125,1.437
-3.2781982421875,1.4370500000000002
-3.09906005859375,1.4371
-3.2025146484375,1.4371500000000001
-3.114013671875,1.4372
-2.786865234375,1.4372500000000001
-3.07952880859375,1.4373
-2.93304443359375,1.4373500000000001
-2.9669189453125,1.4374
-2.64190673828125,1.4374500000000001
-3.0999755859375,1.4375
-3.07403564453125,1.43755
-3.15887451171875,1.4376
-3.26202392578125,1.43765
-3.16802978515625,1.4377
-2.884521484375,1.43775
-3.20831298828125,1.4378
-3.427734375,1.43785
-3.428955078125,1.4379000000000002
-3.09722900390625,1.43795
-3.02886962890625,1.4380000000000002
-3.1658935546875,1.43805
-3.08197021484375,1.4381000000000002
-3.1768798828125,1.43815
-3.4564208984375,1.4382000000000001
-2.813720703125,1.43825
-3.14910888671875,1.4383000000000001
-3.023681640625,1.43835
-3.06640625,1.4384000000000001
-3.072509765625,1.43845
-3.1085205078125,1.4385000000000001
-3.02490234375,1.43855
-2.96234130859375,1.4386
-2.87841796875,1.43865
-3.04443359375,1.4387
-3.03558349609375,1.43875
-3.01483154296875,1.4388
-3.2501220703125,1.43885
-2.82501220703125,1.4389
-3.043212890625,1.4389500000000002
-2.943115234375,1.439
-3.2806396484375,1.4390500000000002
-2.76031494140625,1.4391
-2.943115234375,1.4391500000000002
-2.88421630859375,1.4392
-2.8961181640625,1.4392500000000001
-3.143310546875,1.4393
-3.03192138671875,1.4393500000000001
-3.07891845703125,1.4394
-2.92236328125,1.4394500000000001
-2.87139892578125,1.4395
-3.12255859375,1.43955
-3.1451416015625,1.4396
-3.20587158203125,1.43965
-3.34228515625,1.4397
-2.967529296875,1.43975
-3.4063720703125,1.4398
-3.14697265625,1.43985
-2.94586181640625,1.4399000000000002
-3.11004638671875,1.43995
-3.4368896484375,1.4400000000000002
-2.916259765625,1.44005
-3.05328369140625,1.4401000000000002
-3.19091796875,1.44015
-3.2476806640625,1.4402000000000001
-3.0841064453125,1.44025
-3.09600830078125,1.4403000000000001
-3.14544677734375,1.44035
-3.10791015625,1.4404000000000001
-3.3551025390625,1.44045
-3.18115234375,1.4405000000000001
-3.06549072265625,1.44055
-2.76153564453125,1.4406
-3.316650390625,1.44065
-3.30352783203125,1.4407
-3.2354736328125,1.44075
-3.2342529296875,1.4408
-3.1402587890625,1.44085
-3.20831298828125,1.4409
-3.23028564453125,1.4409500000000002
-2.96630859375,1.441
-3.2440185546875,1.4410500000000002
-2.88726806640625,1.4411
-3.0047607421875,1.4411500000000002
-3.0633544921875,1.4412
-2.928466796875,1.4412500000000001
-2.8955078125,1.4413
-3.05328369140625,1.4413500000000001
-2.99163818359375,1.4414
-2.92877197265625,1.4414500000000001
-2.73895263671875,1.4415
-2.77587890625,1.44155
-2.90283203125,1.4416
-3.0999755859375,1.44165
-2.65289306640625,1.4417
-2.65625,1.44175
-2.85369873046875,1.4418
-2.67242431640625,1.44185
-2.80364990234375,1.4419000000000002
-2.87994384765625,1.44195
-2.87994384765625,1.4420000000000002
-2.9449462890625,1.44205
-3.06610107421875,1.4421000000000002
-2.96844482421875,1.44215
-3.2318115234375,1.4422000000000001
-2.7911376953125,1.44225
-3.134765625,1.4423000000000001
-3.02459716796875,1.44235
-3.01483154296875,1.4424000000000001
-3.10272216796875,1.44245
-3.046875,1.4425000000000001
-2.9583740234375,1.44255
-2.9364013671875,1.4426
-2.71697998046875,1.44265
-3.05816650390625,1.4427
-2.6861572265625,1.44275
-2.9345703125,1.4428
-2.72979736328125,1.44285
-2.75970458984375,1.4429
-2.97027587890625,1.4429500000000002
-2.945556640625,1.443
-3.2318115234375,1.4430500000000002
-2.96112060546875,1.4431
-3.3416748046875,1.4431500000000002
-2.98980712890625,1.4432
-3.09967041015625,1.4432500000000001
-3.62548828125,1.4433
-3.507080078125,1.4433500000000001
-3.17626953125,1.4434
-3.7799072265625,1.4434500000000001
-3.32489013671875,1.4435
-3.75030517578125,1.44355
-3.82659912109375,1.4436
-3.45458984375,1.44365
-3.564453125,1.4437
-3.52386474609375,1.44375
-3.5186767578125,1.4438
-3.543701171875,1.44385
-3.55743408203125,1.4439
-3.36761474609375,1.44395
-2.9888916015625,1.4440000000000002
-3.26263427734375,1.44405
-3.27972412109375,1.4441000000000002
-3.41033935546875,1.44415
-3.4613037109375,1.4442000000000002
-3.3013916015625,1.44425
-3.45550537109375,1.4443000000000001
-3.19610595703125,1.44435
-3.3258056640625,1.4444000000000001
-3.3831787109375,1.44445
-3.489990234375,1.4445000000000001
-3.25958251953125,1.44455
-3.1494140625,1.4446
-3.21685791015625,1.44465
-3.21014404296875,1.4447
-3.1365966796875,1.44475
-3.0767822265625,1.4448
-3.0682373046875,1.44485
-2.8076171875,1.4449
-3.12530517578125,1.4449500000000002
-2.933349609375,1.445
-2.724609375,1.4450500000000002
-2.890625,1.4451
-2.755126953125,1.4451500000000002
-2.65045166015625,1.4452
-3.17901611328125,1.4452500000000001
-2.7667236328125,1.4453
-2.90069580078125,1.4453500000000001
-2.8594970703125,1.4454
-2.91595458984375,1.4454500000000001
-2.79510498046875,1.4455
-3.0657958984375,1.4455500000000001
-3.01239013671875,1.4456
-3.1146240234375,1.44565
-3.18450927734375,1.4457
-3.02978515625,1.44575
-3.04168701171875,1.4458
-3.243408203125,1.44585
-3.216552734375,1.4459
-3.40728759765625,1.44595
-2.886962890625,1.4460000000000002
-2.9522705078125,1.44605
-3.3734130859375,1.4461000000000002
-3.37066650390625,1.44615
-3.1787109375,1.4462000000000002
-2.9144287109375,1.44625
-3.15093994140625,1.4463000000000001
-2.96142578125,1.44635
-2.90008544921875,1.4464000000000001
-2.840576171875,1.44645
-2.9217529296875,1.4465000000000001
-2.41973876953125,1.44655
-2.69561767578125,1.4466
-2.45697021484375,1.44665
-2.647705078125,1.4467
-2.54486083984375,1.44675
-2.706298828125,1.4468
-2.25738525390625,1.44685
-2.5732421875,1.4469
-2.60009765625,1.4469500000000002
-2.65960693359375,1.447
-2.762451171875,1.4470500000000002
-2.5701904296875,1.4471
-2.335205078125,1.4471500000000002
-2.5115966796875,1.4472
-2.431640625,1.4472500000000001
-2.46978759765625,1.4473
-2.718505859375,1.4473500000000001
-2.5390625,1.4474
-2.513427734375,1.4474500000000001
-2.48504638671875,1.4475
-2.71820068359375,1.4475500000000001
-2.6470947265625,1.4476
-2.6739501953125,1.44765
-2.606201171875,1.4477
-2.8857421875,1.44775
-3.0364990234375,1.4478
-2.9144287109375,1.44785
-2.642822265625,1.4479
-2.79144287109375,1.44795
-2.769775390625,1.4480000000000002
-2.518310546875,1.44805
-2.8521728515625,1.4481000000000002
-2.58636474609375,1.44815
-2.68341064453125,1.4482000000000002
-2.7569580078125,1.44825
-2.63031005859375,1.4483000000000001
-2.69317626953125,1.44835
-3.09600830078125,1.4484000000000001
-2.92755126953125,1.44845
-2.73895263671875,1.4485000000000001
-2.9144287109375,1.44855
-2.87353515625,1.4486
-2.81005859375,1.44865
-3.11553955078125,1.4487
-3.09112548828125,1.44875
-2.93670654296875,1.4488
-2.8466796875,1.44885
-2.6556396484375,1.4489
-2.921142578125,1.4489500000000002
-2.9827880859375,1.449
-2.77740478515625,1.4490500000000002
-2.94769287109375,1.4491
-2.84271240234375,1.4491500000000002
-2.88970947265625,1.4492
-3.2757568359375,1.4492500000000001
-3.017578125,1.4493
-2.97882080078125,1.4493500000000001
-3.0889892578125,1.4494
-3.03375244140625,1.4494500000000001
-3.03863525390625,1.4495
-3.0889892578125,1.4495500000000001
-3.179931640625,1.4496
-3.04931640625,1.44965
-2.78839111328125,1.4497
-3.25347900390625,1.44975
-3.05419921875,1.4498
-3.1256103515625,1.44985
-3.01910400390625,1.4499
-3.22296142578125,1.44995
-2.84912109375,1.4500000000000002
-3.211669921875,1.4500500000000003
-3.0511474609375,1.4501000000000002
-3.25653076171875,1.4501500000000003
-3.343505859375,1.4502000000000002
-3.2427978515625,1.4502500000000003
-3.0694580078125,1.4503000000000001
-3.358154296875,1.4503500000000003
-3.277587890625,1.4504000000000001
-3.21563720703125,1.4504500000000002
-3.0706787109375,1.4505000000000001
-2.64007568359375,1.4505500000000002
-2.825927734375,1.4506000000000001
-3.02642822265625,1.4506500000000002
-2.830810546875,1.4507
-2.786865234375,1.4507500000000002
-2.97027587890625,1.4508
-2.6922607421875,1.4508500000000002
-3.0706787109375,1.4509
-2.89306640625,1.4509500000000002
-3.05938720703125,1.451
-2.8741455078125,1.4510500000000002
-3.0023193359375,1.4511000000000003
-2.8271484375,1.4511500000000002
-2.90618896484375,1.4512000000000003
-2.93609619140625,1.4512500000000002
-3.006591796875,1.4513000000000003
-2.862548828125,1.4513500000000001
-2.84454345703125,1.4514000000000002
-2.880859375,1.4514500000000001
-2.81707763671875,1.4515000000000002
-3.133544921875,1.4515500000000001
-3.12744140625,1.4516000000000002
-2.864990234375,1.45165
-3.03741455078125,1.4517000000000002
-3.1036376953125,1.45175
-2.95318603515625,1.4518000000000002
-3.39996337890625,1.45185
-3.35906982421875,1.4519000000000002
-3.0316162109375,1.45195
-2.88299560546875,1.4520000000000002
-3.240966796875,1.4520500000000003
-3.3245849609375,1.4521000000000002
-3.1866455078125,1.4521500000000003
-3.092041015625,1.4522000000000002
-3.27301025390625,1.4522500000000003
-3.138427734375,1.4523000000000001
-3.08502197265625,1.4523500000000003
-3.055419921875,1.4524000000000001
-3.24676513671875,1.4524500000000002
-3.0828857421875,1.4525000000000001
-3.07098388671875,1.4525500000000002
-2.93182373046875,1.4526000000000001
-2.833251953125,1.4526500000000002
-2.9913330078125,1.4527
-3.2940673828125,1.4527500000000002
-2.81707763671875,1.4528
-2.92022705078125,1.4528500000000002
-3.270263671875,1.4529
-3.18603515625,1.4529500000000002
-3.05572509765625,1.453
-3.177490234375,1.4530500000000002
-2.958984375,1.4531000000000003
-2.75146484375,1.4531500000000002
-3.02978515625,1.4532000000000003
-3.179931640625,1.4532500000000002
-3.0682373046875,1.4533000000000003
-3.228759765625,1.4533500000000001
-3.082275390625,1.4534000000000002
-3.12713623046875,1.4534500000000001
-3.27178955078125,1.4535000000000002
-3.1707763671875,1.4535500000000001
-3.25164794921875,1.4536000000000002
-3.204345703125,1.45365
-3.17230224609375,1.4537000000000002
-3.34136962890625,1.45375
-3.1793212890625,1.4538000000000002
-3.29010009765625,1.45385
-3.14422607421875,1.4539000000000002
-3.19549560546875,1.45395
-2.65380859375,1.4540000000000002
-3.04351806640625,1.4540500000000003
-2.935791015625,1.4541000000000002
-2.89459228515625,1.4541500000000003
-2.73284912109375,1.4542000000000002
-3.04351806640625,1.4542500000000003
-2.71453857421875,1.4543000000000001
-3.16680908203125,1.4543500000000003
-3.09326171875,1.4544000000000001
-3.03619384765625,1.4544500000000002
-2.81158447265625,1.4545000000000001
-3.03314208984375,1.4545500000000002
-2.90557861328125,1.4546000000000001
-3.10455322265625,1.4546500000000002
-3.3087158203125,1.4547
-3.08837890625,1.4547500000000002
-2.7569580078125,1.4548
-3.00140380859375,1.4548500000000002
-3.11370849609375,1.4549
-2.90283203125,1.4549500000000002
-3.011474609375,1.455
-3.00750732421875,1.4550500000000002
-3.10577392578125,1.4551000000000003
-3.028564453125,1.4551500000000002
-3.0889892578125,1.4552000000000003
-2.8436279296875,1.4552500000000002
-3.16986083984375,1.4553000000000003
-3.1488037109375,1.4553500000000001
-3.160400390625,1.4554000000000002
-2.9669189453125,1.4554500000000001
-3.050537109375,1.4555000000000002
-3.0987548828125,1.4555500000000001
-3.11065673828125,1.4556000000000002
-2.68798828125,1.45565
-2.79876708984375,1.4557000000000002
-2.833251953125,1.45575
-2.96630859375,1.4558000000000002
-2.97332763671875,1.45585
-2.92755126953125,1.4559000000000002
-2.76458740234375,1.45595
-3.01666259765625,1.4560000000000002
-3.294677734375,1.4560500000000003
-3.00079345703125,1.4561000000000002
-2.8497314453125,1.4561500000000003
-3.06396484375,1.4562000000000002
-2.99560546875,1.4562500000000003
-2.92877197265625,1.4563000000000001
-3.38043212890625,1.4563500000000003
-3.0657958984375,1.4564000000000001
-2.9107666015625,1.4564500000000002
-2.60101318359375,1.4565000000000001
-2.9791259765625,1.4565500000000002
-2.61138916015625,1.4566000000000001
-2.6275634765625,1.4566500000000002
-2.76947021484375,1.4567
-2.78839111328125,1.4567500000000002
-2.79754638671875,1.4568
-2.818603515625,1.4568500000000002
-2.8912353515625,1.4569
-3.07037353515625,1.4569500000000002
-3.155517578125,1.457
-2.969970703125,1.4570500000000002
-2.90008544921875,1.4571000000000003
-2.6904296875,1.4571500000000002
-3.0645751953125,1.4572000000000003
-3.0877685546875,1.4572500000000002
-2.833251953125,1.4573000000000003
-2.79937744140625,1.4573500000000001
-2.85888671875,1.4574000000000003
-2.81005859375,1.4574500000000001
-2.9595947265625,1.4575000000000002
-2.88909912109375,1.4575500000000001
-2.68524169921875,1.4576000000000002
-2.66937255859375,1.4576500000000001
-2.94647216796875,1.4577000000000002
-2.90802001953125,1.45775
-3.19244384765625,1.4578000000000002
-3.101806640625,1.45785
-2.98004150390625,1.4579000000000002
-2.8399658203125,1.45795
-2.95257568359375,1.4580000000000002
-2.7276611328125,1.45805
-2.84149169921875,1.4581000000000002
-2.90374755859375,1.4581500000000003
-2.8424072265625,1.4582000000000002
-2.783203125,1.4582500000000003
-2.8680419921875,1.4583000000000002
-2.96966552734375,1.4583500000000003
-2.8118896484375,1.4584000000000001
-3.0035400390625,1.4584500000000002
-2.7410888671875,1.4585000000000001
-2.9498291015625,1.4585500000000002
-2.87933349609375,1.4586000000000001
-3.062744140625,1.4586500000000002
-2.97760009765625,1.4587
-2.89276123046875,1.4587500000000002
-2.9425048828125,1.4588
-2.96478271484375,1.4588500000000002
-3.20343017578125,1.4589
-3.09844970703125,1.4589500000000002
-2.6702880859375,1.459
-2.87567138671875,1.4590500000000002
-2.669677734375,1.4591000000000003
-2.523193359375,1.4591500000000002
-2.8277587890625,1.4592000000000003
-2.60986328125,1.4592500000000002
-2.37396240234375,1.4593000000000003
-2.67425537109375,1.4593500000000001
-2.55584716796875,1.4594000000000003
-2.69683837890625,1.4594500000000001
-2.8253173828125,1.4595000000000002
-2.90069580078125,1.4595500000000001
-2.74688720703125,1.4596000000000002
-2.60772705078125,1.4596500000000001
-2.8509521484375,1.4597000000000002
-2.72491455078125,1.45975
-2.72186279296875,1.4598000000000002
-2.91168212890625,1.45985
-3.05816650390625,1.4599000000000002
-2.86712646484375,1.45995
-2.9034423828125,1.4600000000000002
-2.84912109375,1.46005
-2.9852294921875,1.4601000000000002
-3.02581787109375,1.4601500000000003
-2.93243408203125,1.4602000000000002
-2.81646728515625,1.4602500000000003
-3.02490234375,1.4603000000000002
-3.20587158203125,1.4603500000000003
-3.16253662109375,1.4604000000000001
-3.03497314453125,1.4604500000000002
-2.75543212890625,1.4605000000000001
-3.197021484375,1.4605500000000002
-2.8515625,1.4606000000000001
-2.83050537109375,1.4606500000000002
-2.92022705078125,1.4607
-2.94097900390625,1.4607500000000002
-2.587890625,1.4608
-3.13232421875,1.4608500000000002
-2.85247802734375,1.4609
-3.03070068359375,1.4609500000000002
-2.943115234375,1.461
-3.05328369140625,1.4610500000000002
-2.74658203125,1.4611000000000003
-2.83416748046875,1.4611500000000002
-2.81005859375,1.4612000000000003
-2.90252685546875,1.4612500000000002
-3.1158447265625,1.4613000000000003
-2.90008544921875,1.4613500000000001
-2.94921875,1.4614000000000003
-3.03741455078125,1.4614500000000001
-3.14910888671875,1.4615000000000002
-3.15216064453125,1.4615500000000001
-3.00384521484375,1.4616000000000002
-2.89031982421875,1.4616500000000001
-3.265380859375,1.4617000000000002
-2.9766845703125,1.46175
-3.14300537109375,1.4618000000000002
-3.20281982421875,1.46185
-2.8741455078125,1.4619000000000002
-3.03985595703125,1.46195
-3.01025390625,1.4620000000000002
-2.98919677734375,1.46205
-3.089599609375,1.4621000000000002
-2.90771484375,1.4621500000000003
-3.19549560546875,1.4622000000000002
-2.9132080078125,1.4622500000000003
-3.03497314453125,1.4623000000000002
-3.37738037109375,1.4623500000000003
-3.1378173828125,1.4624000000000001
-2.79266357421875,1.4624500000000002
-3.05694580078125,1.4625000000000001
-2.7587890625,1.4625500000000002
-2.82745361328125,1.4626000000000001
-3.109130859375,1.4626500000000002
-3.08929443359375,1.4627000000000001
-2.879638671875,1.4627500000000002
-2.71728515625,1.4628
-3.00994873046875,1.4628500000000002
-2.90740966796875,1.4629
-3.07159423828125,1.4629500000000002
-2.7581787109375,1.463
-3.12103271484375,1.4630500000000002
-2.76947021484375,1.4631000000000003
-2.984619140625,1.4631500000000002
-2.974853515625,1.4632000000000003
-2.978515625,1.4632500000000002
-3.0047607421875,1.4633000000000003
-3.09173583984375,1.4633500000000002
-2.930908203125,1.4634000000000003
-2.896728515625,1.4634500000000001
-3.15277099609375,1.4635000000000002
-2.94342041015625,1.4635500000000001
-2.99835205078125,1.4636000000000002
-2.97576904296875,1.4636500000000001
-3.1365966796875,1.4637000000000002
-2.9522705078125,1.46375
-2.85675048828125,1.4638000000000002
-3.0474853515625,1.46385
-3.216552734375,1.4639000000000002
-2.8265380859375,1.46395
-3.27850341796875,1.4640000000000002
-3.27850341796875,1.46405
-3.2855224609375,1.4641000000000002
-3.167724609375,1.4641500000000003
-3.22509765625,1.4642000000000002
-2.90924072265625,1.4642500000000003
-3.12591552734375,1.4643000000000002
-3.23333740234375,1.4643500000000003
-3.238525390625,1.4644000000000001
-3.28857421875,1.4644500000000003
-3.118896484375,1.4645000000000001
-3.05877685546875,1.4645500000000002
-3.24981689453125,1.4646000000000001
-3.331298828125,1.4646500000000002
-3.41522216796875,1.4647000000000001
-3.14971923828125,1.4647500000000002
-3.19183349609375,1.4648
-3.668212890625,1.4648500000000002
-3.36700439453125,1.4649
-3.331298828125,1.4649500000000002
-3.3831787109375,1.465
-3.172607421875,1.4650500000000002
-3.121337890625,1.4651
-3.245849609375,1.4651500000000002
-3.1304931640625,1.4652000000000003
-3.04931640625,1.4652500000000002
-2.9254150390625,1.4653000000000003
-3.203125,1.4653500000000002
-3.0078125,1.4654000000000003
-2.93487548828125,1.4654500000000001
-3.48663330078125,1.4655000000000002
-3.394775390625,1.4655500000000001
-2.99163818359375,1.4656000000000002
-3.1195068359375,1.4656500000000001
-3.04656982421875,1.4657000000000002
-3.0511474609375,1.46575
-3.54583740234375,1.4658000000000002
-3.23455810546875,1.46585
-3.0657958984375,1.4659000000000002
-3.30596923828125,1.46595
-3.45703125,1.4660000000000002
-3.18939208984375,1.46605
-3.2073974609375,1.4661000000000002
-3.211669921875,1.4661500000000003
-3.2440185546875,1.4662000000000002
-3.11981201171875,1.4662500000000003
-3.15826416015625,1.4663000000000002
-3.2757568359375,1.4663500000000003
-3.1512451171875,1.4664000000000001
-3.079833984375,1.4664500000000003
-3.468017578125,1.4665000000000001
-2.982177734375,1.4665500000000002
-3.27789306640625,1.4666000000000001
-3.03619384765625,1.4666500000000002
-3.29345703125,1.4667000000000001
-2.95501708984375,1.4667500000000002
-3.00506591796875,1.4668
-3.0511474609375,1.4668500000000002
-3.03314208984375,1.4669
-2.9522705078125,1.4669500000000002
-3.20892333984375,1.467
-2.86224365234375,1.4670500000000002
-2.44476318359375,1.4671
-3.10821533203125,1.4671500000000002
-3.128662109375,1.4672000000000003
-2.83935546875,1.4672500000000002
-2.657470703125,1.4673000000000003
-2.89764404296875,1.4673500000000002
-2.73223876953125,1.4674000000000003
-3.15216064453125,1.4674500000000001
-3.2611083984375,1.4675000000000002
-2.9425048828125,1.4675500000000001
-2.9132080078125,1.4676000000000002
-2.935791015625,1.4676500000000001
-2.9693603515625,1.4677000000000002
-3.06732177734375,1.46775
-3.01239013671875,1.4678000000000002
-3.134765625,1.46785
-2.8143310546875,1.4679000000000002
-2.7587890625,1.46795
-3.1591796875,1.4680000000000002
-2.94158935546875,1.46805
-3.06671142578125,1.4681000000000002
-3.1011962890625,1.46815
-2.896728515625,1.4682000000000002
-3.0615234375,1.4682500000000003
-3.2855224609375,1.4683000000000002
-3.3477783203125,1.4683500000000003
-3.160400390625,1.4684000000000001
-3.162841796875,1.4684500000000003
-3.4942626953125,1.4685000000000001
-3.35784912109375,1.4685500000000002
-3.44024658203125,1.4686000000000001
-3.68560791015625,1.4686500000000002
-3.602294921875,1.4687000000000001
-3.16864013671875,1.4687500000000002
-3.3929443359375,1.4688
-3.46435546875,1.4688500000000002
-3.45550537109375,1.4689
-3.7384033203125,1.4689500000000002
-3.79974365234375,1.469
-3.4283447265625,1.4690500000000002
-3.60504150390625,1.4691
-3.86688232421875,1.4691500000000002
-3.5284423828125,1.4692000000000003
-3.70849609375,1.4692500000000002
-3.75030517578125,1.4693000000000003
-3.84429931640625,1.4693500000000002
-3.6590576171875,1.4694000000000003
-3.7127685546875,1.4694500000000001
-3.70330810546875,1.4695000000000003
-3.48236083984375,1.4695500000000001
-3.24920654296875,1.4696000000000002
-3.46405029296875,1.4696500000000001
-2.97454833984375,1.4697000000000002
-3.2037353515625,1.4697500000000001
-2.943115234375,1.4698000000000002
-3.1072998046875,1.46985
-2.872314453125,1.4699000000000002
-2.7386474609375,1.46995
-2.9449462890625,1.4700000000000002
-2.99713134765625,1.47005
-2.63397216796875,1.4701000000000002
-2.9144287109375,1.4701500000000003
-2.59246826171875,1.4702000000000002
-2.24212646484375,1.4702500000000003
-2.9290771484375,1.4703000000000002
-2.8033447265625,1.4703500000000003
-2.6983642578125,1.4704000000000002
-2.35260009765625,1.4704500000000003
-2.75787353515625,1.4705000000000001
-2.4432373046875,1.4705500000000002
-2.7935791015625,1.4706000000000001
-2.90802001953125,1.4706500000000002
-2.7667236328125,1.4707000000000001
-2.85888671875,1.4707500000000002
-3.08685302734375,1.4708
-3.08746337890625,1.4708500000000002
-3.36883544921875,1.4709
-3.46435546875,1.4709500000000002
-3.60107421875,1.471
-3.2708740234375,1.4710500000000002
-3.095703125,1.4711
-3.541259765625,1.4711500000000002
-3.49945068359375,1.4712000000000003
-3.22021484375,1.4712500000000002
-3.17230224609375,1.4713000000000003
-3.138427734375,1.4713500000000002
-3.1268310546875,1.4714000000000003
-2.9473876953125,1.4714500000000001
-3.0828857421875,1.4715000000000003
-3.0975341796875,1.4715500000000001
-2.61993408203125,1.4716000000000002
-3.11126708984375,1.4716500000000001
-2.967529296875,1.4717000000000002
-3.04412841796875,1.4717500000000001
-3.04473876953125,1.4718000000000002
-2.9736328125,1.47185
-2.8057861328125,1.4719000000000002
-3.01116943359375,1.47195
-2.904052734375,1.4720000000000002
-2.89459228515625,1.47205
-3.0291748046875,1.4721000000000002
-3.20098876953125,1.47215
-2.71881103515625,1.4722000000000002
-2.8228759765625,1.4722500000000003
-2.8802490234375,1.4723000000000002
-2.85186767578125,1.4723500000000003
-2.8472900390625,1.4724000000000002
-2.82745361328125,1.4724500000000003
-3.0316162109375,1.4725000000000001
-2.75604248046875,1.4725500000000002
-3.1158447265625,1.4726000000000001
-3.10516357421875,1.4726500000000002
-2.874755859375,1.4727000000000001
-3.09295654296875,1.4727500000000002
-3.32061767578125,1.4728
-3.1060791015625,1.4728500000000002
-3.29345703125,1.4729
-2.97210693359375,1.4729500000000002
-3.27239990234375,1.473
-3.00048828125,1.4730500000000002
-3.05511474609375,1.4731
-3.3660888671875,1.4731500000000002
-3.07830810546875,1.4732000000000003
-2.91839599609375,1.4732500000000002
-3.2427978515625,1.4733000000000003
-3.1243896484375,1.4733500000000002
-3.02520751953125,1.4734000000000003
-3.3624267578125,1.4734500000000001
-3.3624267578125,1.4735000000000003
-3.1744384765625,1.4735500000000001
-3.15185546875,1.4736000000000002
-3.54248046875,1.4736500000000001
-3.01788330078125,1.4737000000000002
-3.2855224609375,1.4737500000000001
-3.463134765625,1.4738000000000002
-3.62823486328125,1.47385
-3.12408447265625,1.4739000000000002
-3.30535888671875,1.47395
-3.51654052734375,1.4740000000000002
-3.7030029296875,1.47405
-3.54736328125,1.4741000000000002
-3.64349365234375,1.47415
-3.193359375,1.4742000000000002
-3.47564697265625,1.4742500000000003
-3.58673095703125,1.4743000000000002
-3.470458984375,1.4743500000000003
-3.45947265625,1.4744000000000002
-3.157958984375,1.4744500000000003
-3.27545166015625,1.4745000000000001
-3.277587890625,1.4745500000000002
-3.03924560546875,1.4746000000000001
-3.32275390625,1.4746500000000002
-3.201904296875,1.4747000000000001
-3.0078125,1.4747500000000002
-3.62518310546875,1.4748
-3.3258056640625,1.4748500000000002
-3.50250244140625,1.4749
-3.36822509765625,1.4749500000000002
-3.57940673828125,1.475
-3.2354736328125,1.4750500000000002
-3.28094482421875,1.4751
-3.51531982421875,1.4751500000000002
-3.26995849609375,1.4752
-3.514404296875,1.4752500000000002
-3.44482421875,1.4753
-3.17535400390625,1.4753500000000002
-3.2421875,1.4754
-3.50006103515625,1.4754500000000002
-3.51715087890625,1.4755
-3.201904296875,1.4755500000000001
-3.2354736328125,1.4756
-3.31298828125,1.4756500000000001
-3.24554443359375,1.4757
-3.509521484375,1.4757500000000001
-3.3538818359375,1.4758000000000002
-2.85919189453125,1.47585
-3.3111572265625,1.4759000000000002
-3.16558837890625,1.47595
-3.18817138671875,1.4760000000000002
-3.22296142578125,1.47605
-2.7459716796875,1.4761000000000002
-3.30596923828125,1.47615
-3.04351806640625,1.4762000000000002
-2.811279296875,1.47625
-3.23272705078125,1.4763000000000002
-3.02581787109375,1.47635
-2.9705810546875,1.4764000000000002
-3.15521240234375,1.47645
-2.89337158203125,1.4765000000000001
-3.02215576171875,1.47655
-3.3465576171875,1.4766000000000001
-3.4210205078125,1.47665
-3.28765869140625,1.4767000000000001
-3.1231689453125,1.47675
-3.4442138671875,1.4768000000000001
-2.99102783203125,1.4768500000000002
-3.29681396484375,1.4769
-3.15765380859375,1.4769500000000002
-3.19580078125,1.477
-2.86346435546875,1.4770500000000002
-2.97576904296875,1.4771
-3.09112548828125,1.4771500000000002
-3.099365234375,1.4772
-3.05419921875,1.4772500000000002
-3.04351806640625,1.4773
-2.7435302734375,1.4773500000000002
-2.8900146484375,1.4774
-3.0194091796875,1.4774500000000002
-2.83050537109375,1.4775
-2.960205078125,1.4775500000000001
-2.762451171875,1.4776
-3.06182861328125,1.4776500000000001
-2.85369873046875,1.4777
-2.5457763671875,1.4777500000000001
-2.864990234375,1.4778000000000002
-2.80792236328125,1.47785
-2.34588623046875,1.4779000000000002
-2.974853515625,1.47795
-2.8179931640625,1.4780000000000002
-2.94952392578125,1.47805
-2.86590576171875,1.4781000000000002
-2.98431396484375,1.47815
-2.7215576171875,1.4782000000000002
-2.969970703125,1.47825
-2.99468994140625,1.4783000000000002
-3.01055908203125,1.47835
-3.01910400390625,1.4784000000000002
-2.73468017578125,1.47845
-2.8118896484375,1.4785000000000001
-2.8131103515625,1.47855
-2.8961181640625,1.4786000000000001
-2.96417236328125,1.47865
-2.59307861328125,1.4787000000000001
-2.7130126953125,1.47875
-2.84393310546875,1.4788000000000001
-2.56256103515625,1.4788500000000002
-2.71759033203125,1.4789
-2.7362060546875,1.4789500000000002
-2.56072998046875,1.479
-2.5921630859375,1.4790500000000002
-2.80670166015625,1.4791
-2.63763427734375,1.4791500000000002
-2.74017333984375,1.4792
-2.71942138671875,1.4792500000000002
-3.14300537109375,1.4793
-2.79815673828125,1.4793500000000002
-2.83294677734375,1.4794
-3.16802978515625,1.4794500000000002
-3.19091796875,1.4795
-2.91717529296875,1.4795500000000001
-3.0108642578125,1.4796
-2.8656005859375,1.4796500000000001
-2.74078369140625,1.4797
-3.26019287109375,1.4797500000000001
-3.28399658203125,1.4798
-3.27606201171875,1.47985
-3.02703857421875,1.4799000000000002
-3.07098388671875,1.47995
-3.22906494140625,1.4800000000000002
-3.20465087890625,1.48005
-3.27880859375,1.4801000000000002
-3.31756591796875,1.48015
-3.1817626953125,1.4802000000000002
-3.3807373046875,1.48025
-3.38714599609375,1.4803000000000002
-3.00323486328125,1.48035
-3.1231689453125,1.4804000000000002
-3.2427978515625,1.48045
-2.891845703125,1.4805000000000001
-3.0621337890625,1.48055
-2.87628173828125,1.4806000000000001
-2.99163818359375,1.48065
-3.1622314453125,1.4807000000000001
-2.938232421875,1.48075
-3.16680908203125,1.4808000000000001
-3.211669921875,1.4808500000000002
-3.16802978515625,1.4809
-3.1646728515625,1.4809500000000002
-2.908935546875,1.481
-2.71209716796875,1.4810500000000002
-3.3453369140625,1.4811
-3.2928466796875,1.4811500000000002
-3.14910888671875,1.4812
-3.01666259765625,1.4812500000000002
-3.2568359375,1.4813
-2.91900634765625,1.4813500000000002
-3.153076171875,1.4814
-3.1646728515625,1.4814500000000002
-3.06793212890625,1.4815
-3.01666259765625,1.4815500000000001
-3.11248779296875,1.4816
-3.0291748046875,1.4816500000000001
-3.24981689453125,1.4817
-3.17291259765625,1.4817500000000001
-3.3837890625,1.4818000000000002
-3.00079345703125,1.4818500000000001
-3.00567626953125,1.4819000000000002
-3.3319091796875,1.48195
-3.0035400390625,1.4820000000000002
-3.045654296875,1.48205
-3.1292724609375,1.4821000000000002
-2.803955078125,1.48215
-3.06915283203125,1.4822000000000002
-2.96173095703125,1.48225
-3.00201416015625,1.4823000000000002
-3.1317138671875,1.48235
-2.80303955078125,1.4824000000000002
-2.99591064453125,1.48245
-2.93121337890625,1.4825000000000002
-3.0084228515625,1.48255
-3.0804443359375,1.4826000000000001
-3.07159423828125,1.48265
-2.74505615234375,1.4827000000000001
-3.05023193359375,1.48275
-2.969970703125,1.4828000000000001
-2.8594970703125,1.4828500000000002
-2.9559326171875,1.4829
-3.00567626953125,1.4829500000000002
-2.45147705078125,1.483
-2.60772705078125,1.4830500000000002
-2.72064208984375,1.4831
-2.7410888671875,1.4831500000000002
-2.61688232421875,1.4832
-2.92327880859375,1.4832500000000002
-2.87841796875,1.4833
-2.82623291015625,1.4833500000000002
-2.8460693359375,1.4834
-2.92755126953125,1.4834500000000002
-2.90924072265625,1.4835
-2.63214111328125,1.4835500000000001
-3.076171875,1.4836
-2.734375,1.4836500000000001
-2.79022216796875,1.4837
-2.68157958984375,1.4837500000000001
-2.94219970703125,1.4838
-2.724609375,1.4838500000000001
-2.85003662109375,1.4839000000000002
-2.96966552734375,1.48395
-3.16253662109375,1.4840000000000002
-3.04229736328125,1.48405
-2.9486083984375,1.4841000000000002
-2.926025390625,1.48415
-2.68280029296875,1.4842000000000002
-3.16162109375,1.48425
-3.18206787109375,1.4843000000000002
-3.045654296875,1.48435
-2.87017822265625,1.4844000000000002
-3.0126953125,1.48445
-2.7813720703125,1.4845000000000002
-3.1201171875,1.48455
-3.33587646484375,1.4846000000000001
-3.00140380859375,1.48465
-2.81494140625,1.4847000000000001
-3.21868896484375,1.48475
-3.12469482421875,1.4848000000000001
-3.09967041015625,1.4848500000000002
-3.13751220703125,1.4849
-3.24737548828125,1.4849500000000002
-2.8900146484375,1.485
-2.89306640625,1.4850500000000002
-2.891845703125,1.4851
-2.82745361328125,1.4851500000000002
-3.0889892578125,1.4852
-2.861328125,1.4852500000000002
-2.80303955078125,1.4853
-2.91351318359375,1.4853500000000002
-2.97882080078125,1.4854
-3.04901123046875,1.4854500000000002
-2.8240966796875,1.4855
-2.81829833984375,1.4855500000000001
-3.10546875,1.4856
-2.93548583984375,1.4856500000000001
-3.21868896484375,1.4857
-2.8985595703125,1.4857500000000001
-3.084716796875,1.4858
-2.92510986328125,1.4858500000000001
-2.9534912109375,1.4859000000000002
-3.05694580078125,1.48595
-2.85552978515625,1.4860000000000002
-2.97760009765625,1.48605
-3.018798828125,1.4861000000000002
-2.8411865234375,1.48615
-2.9254150390625,1.4862000000000002
-3.11187744140625,1.48625
-3.23944091796875,1.4863000000000002
-2.86163330078125,1.48635
-3.2470703125,1.4864000000000002
-3.116455078125,1.48645
-3.01116943359375,1.4865000000000002
-3.238525390625,1.48655
-3.33099365234375,1.4866000000000001
-2.9730224609375,1.48665
-3.2733154296875,1.4867000000000001
-3.32000732421875,1.48675
-3.12255859375,1.4868000000000001
-3.46343994140625,1.48685
-3.1903076171875,1.4869
-3.3929443359375,1.4869500000000002
-3.20037841796875,1.487
-3.1640625,1.4870500000000002
-3.394775390625,1.4871
-3.24920654296875,1.4871500000000002
-3.4869384765625,1.4872
-3.515625,1.4872500000000002
-3.29132080078125,1.4873
-3.49365234375,1.4873500000000002
-3.6883544921875,1.4874
-3.7127685546875,1.4874500000000002
-3.27728271484375,1.4875
-3.32122802734375,1.4875500000000001
-3.3514404296875,1.4876
-3.4033203125,1.4876500000000001
-3.38287353515625,1.4877
-3.4991455078125,1.4877500000000001
-3.6187744140625,1.4878
-3.25714111328125,1.4878500000000001
-3.326416015625,1.4879000000000002
-3.51806640625,1.48795
-3.57421875,1.4880000000000002
-3.45611572265625,1.48805
-3.677978515625,1.4881000000000002
-3.1622314453125,1.48815
-3.5675048828125,1.4882000000000002
-3.7030029296875,1.48825
-3.49212646484375,1.4883000000000002
-3.4765625,1.48835
-3.22479248046875,1.4884000000000002
-3.33953857421875,1.48845
-3.43505859375,1.4885000000000002
-3.1951904296875,1.48855
-3.20953369140625,1.4886000000000001
-3.2525634765625,1.48865
-3.20343017578125,1.4887000000000001
-3.3502197265625,1.48875
-3.2122802734375,1.4888000000000001
-3.45458984375,1.48885
-3.3746337890625,1.4889000000000001
-3.3355712890625,1.4889500000000002
-3.16131591796875,1.489
-3.29254150390625,1.4890500000000002
-3.13201904296875,1.4891
-3.20465087890625,1.4891500000000002
-3.03924560546875,1.4892
-3.004150390625,1.4892500000000002
-3.0181884765625,1.4893
-2.8759765625,1.4893500000000002
-3.018798828125,1.4894
-3.2659912109375,1.4894500000000002
-2.69561767578125,1.4895
-2.96630859375,1.4895500000000002
-2.87384033203125,1.4896
-2.80364990234375,1.4896500000000001
-3.1121826171875,1.4897
-3.0718994140625,1.4897500000000001
-2.6690673828125,1.4898
-2.9681396484375,1.4898500000000001
-3.2537841796875,1.4899000000000002
-3.17291259765625,1.48995
-2.96905517578125,1.4900000000000002
-2.93731689453125,1.49005
-3.03375244140625,1.4901000000000002
-2.90283203125,1.49015
-2.9266357421875,1.4902000000000002
-3.0096435546875,1.49025
-3.28887939453125,1.4903000000000002
-3.03985595703125,1.49035
-3.20770263671875,1.4904000000000002
-2.98614501953125,1.49045
-2.96875,1.4905000000000002
-3.23394775390625,1.49055
-3.26507568359375,1.4906000000000001
-3.04473876953125,1.49065
-3.26263427734375,1.4907000000000001
-2.99224853515625,1.49075
-3.18878173828125,1.4908000000000001
-3.28338623046875,1.49085
-3.311767578125,1.4909000000000001
-3.17138671875,1.4909500000000002
-2.71026611328125,1.491
-3.14453125,1.4910500000000002
-3.052978515625,1.4911
-2.99346923828125,1.4911500000000002
-2.71575927734375,1.4912
-3.16253662109375,1.4912500000000002
-2.7301025390625,1.4913
-2.967529296875,1.4913500000000002
-2.88970947265625,1.4914
-2.8033447265625,1.4914500000000002
-2.66265869140625,1.4915
-2.92816162109375,1.4915500000000002
-3.07373046875,1.4916
-3.03619384765625,1.4916500000000001
-2.80731201171875,1.4917
-2.75665283203125,1.4917500000000001
-2.77069091796875,1.4918
-2.7716064453125,1.4918500000000001
-2.8668212890625,1.4919000000000002
-3.013916015625,1.49195
-2.860107421875,1.4920000000000002
-2.90252685546875,1.49205
-2.86376953125,1.4921000000000002
-2.7703857421875,1.49215
-2.972412109375,1.4922000000000002
-2.90985107421875,1.49225
-2.9339599609375,1.4923000000000002
-2.9888916015625,1.49235
-2.84027099609375,1.4924000000000002
-2.786865234375,1.49245
-3.08013916015625,1.4925000000000002
-3.00750732421875,1.49255
-3.0169677734375,1.4926000000000001
-2.6580810546875,1.49265
-2.8863525390625,1.4927000000000001
-3.05694580078125,1.49275
-2.73834228515625,1.4928000000000001
-2.78564453125,1.49285
-2.9681396484375,1.4929000000000001
-2.5946044921875,1.4929500000000002
-2.960205078125,1.493
-3.1256103515625,1.4930500000000002
-3.12591552734375,1.4931
-3.25103759765625,1.4931500000000002
-3.26080322265625,1.4932
-3.2269287109375,1.4932500000000002
-3.34869384765625,1.4933
-3.4075927734375,1.4933500000000002
-3.76251220703125,1.4934
-3.9788818359375,1.4934500000000002
-3.6492919921875,1.4935
-3.81927490234375,1.4935500000000002
-3.5272216796875,1.4936
-3.54705810546875,1.4936500000000001
-3.54583740234375,1.4937
-3.843994140625,1.4937500000000001
-3.32305908203125,1.4938
-3.21044921875,1.4938500000000001
-3.441162109375,1.4939
-3.53118896484375,1.4939500000000001
-3.250732421875,1.4940000000000002
-3.42529296875,1.49405
-3.3380126953125,1.4941000000000002
-3.31817626953125,1.49415
-3.60565185546875,1.4942000000000002
-3.44268798828125,1.49425
-3.206787109375,1.4943000000000002
-3.0682373046875,1.49435
-3.64898681640625,1.4944000000000002
-3.11248779296875,1.49445
-3.104248046875,1.4945000000000002
-3.34259033203125,1.49455
-3.2794189453125,1.4946000000000002
-3.0322265625,1.49465
-3.1268310546875,1.4947000000000001
-2.9266357421875,1.49475
-3.41949462890625,1.4948000000000001
-3.143310546875,1.49485
-3.084716796875,1.4949000000000001
-3.09600830078125,1.4949500000000002
-2.95867919921875,1.495
-2.96051025390625,1.4950500000000002
-3.150634765625,1.4951
-3.2354736328125,1.4951500000000002
-2.8387451171875,1.4952
-2.84515380859375,1.4952500000000002
-2.880859375,1.4953
-3.3831787109375,1.4953500000000002
-3.15399169921875,1.4954
-3.07586669921875,1.4954500000000002
-2.94586181640625,1.4955
-3.291015625,1.4955500000000002
-3.01422119140625,1.4956
-3.3966064453125,1.4956500000000001
-3.29498291015625,1.4957
-3.43353271484375,1.4957500000000001
-3.2537841796875,1.4958
-3.39324951171875,1.4958500000000001
-3.25042724609375,1.4959
-3.23638916015625,1.4959500000000001
-3.1591796875,1.4960000000000002
-3.51318359375,1.49605
-3.223876953125,1.4961000000000002
-3.23211669921875,1.49615
-3.37890625,1.4962000000000002
-3.22967529296875,1.49625
-3.1842041015625,1.4963000000000002
-3.18267822265625,1.49635
-2.7923583984375,1.4964000000000002
-3.03741455078125,1.49645
-3.038330078125,1.4965000000000002
-3.06884765625,1.49655
-2.894287109375,1.4966000000000002
-2.87109375,1.49665
-2.85980224609375,1.4967000000000001
-2.7685546875,1.49675
-2.9425048828125,1.4968000000000001
-2.72796630859375,1.49685
-2.99591064453125,1.4969000000000001
-2.46307373046875,1.4969500000000002
-2.7191162109375,1.497
-2.762451171875,1.4970500000000002
-2.559814453125,1.4971
-2.48626708984375,1.4971500000000002
-2.68890380859375,1.4972
-2.54974365234375,1.4972500000000002
-2.537841796875,1.4973
-2.72308349609375,1.4973500000000002
-2.7874755859375,1.4974
-2.6513671875,1.4974500000000002
-2.58270263671875,1.4975
-2.70416259765625,1.4975500000000002
-2.608642578125,1.4976
-2.6690673828125,1.4976500000000001
-2.78900146484375,1.4977
-2.75177001953125,1.4977500000000001
-2.58148193359375,1.4978
-2.51129150390625,1.4978500000000001
-2.62481689453125,1.4979
-2.87628173828125,1.4979500000000001
-2.98248291015625,1.4980000000000002
-2.65289306640625,1.49805
-2.584228515625,1.4981000000000002
-2.9180908203125,1.49815
-2.73406982421875,1.4982000000000002
-2.96478271484375,1.49825
-2.8277587890625,1.4983000000000002
-2.57843017578125,1.49835
-2.72979736328125,1.4984000000000002
-2.75421142578125,1.49845
-2.85675048828125,1.4985000000000002
-2.68829345703125,1.49855
-2.718505859375,1.4986000000000002
-2.73529052734375,1.49865
-2.95806884765625,1.4987000000000001
-2.711181640625,1.49875
-2.8466796875,1.4988000000000001
-3.00811767578125,1.49885
-3.0029296875,1.4989000000000001
-2.72735595703125,1.4989500000000002
-3.0572509765625,1.499
-2.96722412109375,1.4990500000000002
-3.09783935546875,1.4991
-3.05419921875,1.4991500000000002
-3.00811767578125,1.4992
-2.89886474609375,1.4992500000000002
-2.96844482421875,1.4993
-3.04107666015625,1.4993500000000002
-2.95806884765625,1.4994
-3.08685302734375,1.4994500000000002
-3.1402587890625,1.4995
-2.84759521484375,1.4995500000000002
-2.99468994140625,1.4996
-3.43658447265625,1.4996500000000001
-3.3123779296875,1.4997
-2.98370361328125,1.4997500000000001
-3.052978515625,1.4998
-3.19854736328125,1.4998500000000001
-3.12896728515625,1.4999
-3.236083984375,1.4999500000000001
-2.9083251953125,1.5
-3.2568359375,1.50005
-2.87139892578125,1.5001
-3.01544189453125,1.50015
-2.9876708984375,1.5002
-3.10638427734375,1.50025
-2.83355712890625,1.5003
-3.24005126953125,1.50035
-2.81341552734375,1.5004
-2.92449951171875,1.50045
-3.0450439453125,1.5005
-3.2586669921875,1.50055
-2.79815673828125,1.5006
-2.8265380859375,1.50065
-3.0792236328125,1.5007
-2.7777099609375,1.50075
-3.1219482421875,1.5008
-2.97119140625,1.50085
-2.6593017578125,1.5009
-2.78106689453125,1.50095
-2.68798828125,1.501
-2.74322509765625,1.50105
-3.10150146484375,1.5011
-3.004150390625,1.50115
-2.8167724609375,1.5012
-2.53173828125,1.50125
-3.0853271484375,1.5013
-2.91900634765625,1.50135
-3.10272216796875,1.5014
-2.83050537109375,1.50145
-2.8363037109375,1.5015
-2.92205810546875,1.50155
-2.93670654296875,1.5016
-2.80731201171875,1.50165
-2.76885986328125,1.5017
-2.95562744140625,1.50175
-2.75238037109375,1.5018
-3.08380126953125,1.50185
-2.93426513671875,1.5019
-2.974853515625,1.50195
-3.0999755859375,1.502
-3.01483154296875,1.50205
-2.9803466796875,1.5021
-3.30474853515625,1.50215
-3.2537841796875,1.5022
-3.14971923828125,1.50225
-3.22052001953125,1.5023
-3.223876953125,1.50235
-2.7825927734375,1.5024
-3.1829833984375,1.50245
-3.330078125,1.5025
-2.92083740234375,1.50255
-2.78564453125,1.5026
-2.8167724609375,1.50265
-3.0450439453125,1.5027
-2.95928955078125,1.50275
-2.9766845703125,1.5028
-2.95318603515625,1.50285
-2.78564453125,1.5029
-2.80120849609375,1.50295
-3.08135986328125,1.503
-2.93121337890625,1.50305
-2.8582763671875,1.5031
-3.04718017578125,1.50315
-2.938232421875,1.5032
-2.61444091796875,1.50325
-2.8668212890625,1.5033
-3.06915283203125,1.50335
-3.1219482421875,1.5034
-2.763671875,1.50345
-3.0194091796875,1.5035
-2.99285888671875,1.50355
-3.16253662109375,1.5036
-3.209228515625,1.50365
-3.1683349609375,1.5037
-2.7862548828125,1.50375
-2.91473388671875,1.5038
-3.0535888671875,1.50385
-3.0560302734375,1.5039
-3.3135986328125,1.50395
-3.070068359375,1.504
-2.9071044921875,1.50405
-2.9412841796875,1.5041
-3.177490234375,1.50415
-3.13507080078125,1.5042
-3.19061279296875,1.50425
-2.92694091796875,1.5043
-3.16650390625,1.50435
-2.9217529296875,1.5044
-3.18328857421875,1.50445
-2.68798828125,1.5045
-3.09417724609375,1.50455
-2.75665283203125,1.5046
-2.98980712890625,1.50465
-2.96539306640625,1.5047
-3.033447265625,1.50475
-3.15582275390625,1.5048
-3.22906494140625,1.50485
-2.95440673828125,1.5049
-3.1903076171875,1.50495
-3.2696533203125,1.505
-3.4417724609375,1.50505
-3.1280517578125,1.5051
-3.06671142578125,1.50515
-3.10546875,1.5052
-2.92327880859375,1.50525
-3.22662353515625,1.5053
-3.20068359375,1.50535
-2.84149169921875,1.5054
-3.20770263671875,1.50545
-3.1634521484375,1.5055
-2.74078369140625,1.50555
-3.31695556640625,1.5056
-3.389892578125,1.50565
-3.1201171875,1.5057
-2.98004150390625,1.50575
-3.189697265625,1.5058
-3.29742431640625,1.50585
-3.1494140625,1.5059
-3.22113037109375,1.50595
-3.3905029296875,1.506
-3.12896728515625,1.50605
-3.031005859375,1.5061
-3.03619384765625,1.50615
-3.29620361328125,1.5062
-2.95379638671875,1.50625
-2.96905517578125,1.5063
-3.19366455078125,1.50635
-2.8131103515625,1.5064
-3.30596923828125,1.50645
-3.3184814453125,1.5065
-3.10516357421875,1.50655
-3.20556640625,1.5066
-3.2794189453125,1.50665
-3.184814453125,1.5067
-3.33221435546875,1.50675
-3.302001953125,1.5068
-3.271484375,1.50685
-2.99041748046875,1.5069
-3.214111328125,1.50695
-3.31695556640625,1.507
-2.9925537109375,1.50705
-3.033447265625,1.5071
-3.0731201171875,1.50715
-3.01910400390625,1.5072
-2.98736572265625,1.50725
-3.09112548828125,1.5073
-2.97943115234375,1.50735
-3.212890625,1.5074
-3.23150634765625,1.50745
-3.2952880859375,1.5075
-3.01910400390625,1.50755
-3.238525390625,1.5076
-3.08807373046875,1.50765
-3.367919921875,1.5077
-2.77587890625,1.50775
-2.83172607421875,1.5078
-3.0145263671875,1.50785
-3.15765380859375,1.5079
-3.03924560546875,1.50795
-3.11065673828125,1.508
-3.045654296875,1.50805
-3.2794189453125,1.5081
-3.25927734375,1.50815
-3.199462890625,1.5082
-3.04931640625,1.50825
-3.08685302734375,1.5083
-2.87872314453125,1.50835
-2.92327880859375,1.5084
-3.3966064453125,1.50845
-2.99713134765625,1.5085
-2.83233642578125,1.50855
-3.07403564453125,1.5086
-3.24981689453125,1.50865
-2.83172607421875,1.5087
-2.9962158203125,1.50875
-3.0914306640625,1.5088
-3.0255126953125,1.50885
-2.96142578125,1.5089
-3.18359375,1.50895
-3.03192138671875,1.509
-3.06060791015625,1.50905
-3.22174072265625,1.5091
-3.109130859375,1.50915
-2.81280517578125,1.5092
-2.77862548828125,1.50925
-2.94830322265625,1.5093
-3.22479248046875,1.50935
-2.64190673828125,1.5094
-2.89947509765625,1.50945
-2.97576904296875,1.5095
-2.9736328125,1.50955
-3.1390380859375,1.5096
-3.09295654296875,1.50965
-2.82318115234375,1.5097
-2.7386474609375,1.50975
-2.8875732421875,1.5098
-2.92510986328125,1.50985
-2.80029296875,1.5099
-2.9632568359375,1.50995
-2.8485107421875,1.51
-2.66510009765625,1.51005
-2.93914794921875,1.5101
-2.8692626953125,1.51015
-2.89764404296875,1.5102
-2.6275634765625,1.51025
-2.7667236328125,1.5103
-2.63824462890625,1.51035
-2.69317626953125,1.5104
-2.92816162109375,1.51045
-2.77130126953125,1.5105
-2.64251708984375,1.51055
-2.66326904296875,1.5106
-2.6812744140625,1.51065
-2.75604248046875,1.5107
-2.82440185546875,1.51075
-2.501220703125,1.5108
-2.80120849609375,1.51085
-2.65289306640625,1.5109
-2.83538818359375,1.51095
-2.9345703125,1.511
-2.87567138671875,1.51105
-2.6031494140625,1.5111
-2.77557373046875,1.51115
-2.5909423828125,1.5112
-2.76458740234375,1.51125
-2.998046875,1.5113
-2.581787109375,1.51135
-2.42706298828125,1.5114
-2.90740966796875,1.51145
-2.64923095703125,1.5115
-2.8204345703125,1.51155
-3.07098388671875,1.5116
-2.87445068359375,1.51165
-3.0926513671875,1.5117
-2.78045654296875,1.51175
-2.9803466796875,1.5118
-2.7593994140625,1.51185
-3.20831298828125,1.5119
-3.06488037109375,1.51195
-3.3038330078125,1.512
-2.95440673828125,1.51205
-3.25347900390625,1.5121
-3.1695556640625,1.51215
-3.0303955078125,1.5122
-3.01910400390625,1.51225
-3.02886962890625,1.5123
-2.8265380859375,1.51235
-3.12774658203125,1.5124
-3.1414794921875,1.51245
-2.965087890625,1.5125
-2.8265380859375,1.51255
-3.0224609375,1.5126
-3.33251953125,1.51265
-3.0718994140625,1.5127
-2.8875732421875,1.51275
-3.1182861328125,1.5128
-3.06549072265625,1.51285
-2.67364501953125,1.5129
-3.31085205078125,1.51295
-2.9833984375,1.513
-2.9766845703125,1.51305
-3.04595947265625,1.5131000000000001
-3.04840087890625,1.51315
-2.82684326171875,1.5132
-3.03558349609375,1.51325
-3.15093994140625,1.5133
-3.22235107421875,1.51335
-3.134765625,1.5134
-3.15765380859375,1.51345
-3.1219482421875,1.5135
-3.27178955078125,1.51355
-3.30780029296875,1.5136
-3.3599853515625,1.51365
-2.8106689453125,1.5137
-2.8594970703125,1.51375
-3.150634765625,1.5138
-3.06488037109375,1.51385
-2.7838134765625,1.5139
-3.06365966796875,1.51395
-2.8759765625,1.514
-2.908935546875,1.51405
-3.01788330078125,1.5141
-3.046875,1.51415
-2.94708251953125,1.5142
-2.8765869140625,1.51425
-3.23333740234375,1.5143
-3.2647705078125,1.51435
-3.21502685546875,1.5144
-3.37188720703125,1.51445
-3.33282470703125,1.5145
-2.972412109375,1.51455
-3.4747314453125,1.5146
-3.0291748046875,1.51465
-3.27728271484375,1.5147
-3.52203369140625,1.51475
-3.52935791015625,1.5148
-3.2940673828125,1.51485
-3.37860107421875,1.5149
-3.7322998046875,1.51495
-3.47503662109375,1.515
-3.42926025390625,1.51505
-3.2403564453125,1.5151
-3.32855224609375,1.51515
-3.25439453125,1.5152
-3.31512451171875,1.51525
-3.17352294921875,1.5153
-3.03375244140625,1.51535
-2.93121337890625,1.5154
-3.36883544921875,1.51545
-3.05267333984375,1.5155
-3.192138671875,1.51555
-3.065185546875,1.5156
-3.1805419921875,1.51565
-2.77862548828125,1.5157
-2.8668212890625,1.51575
-3.1689453125,1.5158
-2.943115234375,1.51585
-2.78106689453125,1.5159
-3.0560302734375,1.51595
-3.04229736328125,1.516
-2.9217529296875,1.51605
-3.2366943359375,1.5161
-3.2708740234375,1.51615
-3.09539794921875,1.5162
-3.106689453125,1.51625
-3.25897216796875,1.5163
-3.01605224609375,1.51635
-3.294677734375,1.5164
-3.44207763671875,1.51645
-3.40057373046875,1.5165
-3.2464599609375,1.51655
-3.187255859375,1.5166
-3.333740234375,1.51665
-3.29833984375,1.5167
-3.24310302734375,1.51675
-3.31939697265625,1.5168
-3.07861328125,1.51685
-3.201904296875,1.5169
-3.5247802734375,1.51695
-3.3465576171875,1.517
-2.950439453125,1.51705
-3.0316162109375,1.5171
-3.154296875,1.51715
-3.04595947265625,1.5172
-2.93304443359375,1.51725
-3.1512451171875,1.5173
-3.0902099609375,1.51735
-2.8131103515625,1.5174
-3.1610107421875,1.51745
-2.92572021484375,1.5175
-3.04534912109375,1.51755
-2.99072265625,1.5176
-3.21441650390625,1.51765
-2.63946533203125,1.5177
-2.90924072265625,1.51775
-2.78106689453125,1.5178
-2.8631591796875,1.51785
-3.0999755859375,1.5179
-3.15216064453125,1.51795
-2.85003662109375,1.518
-3.1890869140625,1.51805
-3.16375732421875,1.5181
-3.057861328125,1.5181499999999999
-3.02642822265625,1.5182
-3.035888671875,1.51825
-3.1939697265625,1.5183
-3.03985595703125,1.51835
-3.22540283203125,1.5184
-3.2647705078125,1.51845
-3.06732177734375,1.5185
-3.00933837890625,1.51855
-3.4259033203125,1.5186
-3.2501220703125,1.51865
-3.40911865234375,1.5187
-3.172607421875,1.51875
-3.5601806640625,1.5188
-3.3746337890625,1.51885
-3.62701416015625,1.5189
-4.03594970703125,1.51895
-3.87786865234375,1.519
-3.6468505859375,1.51905
-3.6834716796875,1.5191
-3.551025390625,1.51915
-3.42864990234375,1.5192
-3.9385986328125,1.51925
-3.84674072265625,1.5193
-3.68377685546875,1.51935
-3.45733642578125,1.5194
-3.7615966796875,1.51945
-3.5382080078125,1.5195
-3.797607421875,1.51955
-3.636474609375,1.5196
-3.6688232421875,1.51965
-3.39599609375,1.5197
-3.59375,1.51975
-3.56292724609375,1.5198
-3.34747314453125,1.51985
-3.46343994140625,1.5199
-3.1610107421875,1.51995
-3.10455322265625,1.52
-2.85675048828125,1.52005
-2.9803466796875,1.5201
-2.76885986328125,1.5201500000000001
-2.76947021484375,1.5202
-2.6434326171875,1.52025
-2.708740234375,1.5203
-2.48504638671875,1.52035
-2.593994140625,1.5204
-2.9254150390625,1.52045
-2.54791259765625,1.5205
-2.52532958984375,1.52055
-2.9022216796875,1.5206
-3.10272216796875,1.52065
-2.98675537109375,1.5207
-2.99774169921875,1.52075
-3.2244873046875,1.5208
-2.82440185546875,1.52085
-3.0999755859375,1.5209
-3.2623291015625,1.52095
-3.271484375,1.521
-3.43994140625,1.52105
-3.3441162109375,1.5211
-3.2452392578125,1.52115
-3.39569091796875,1.5212
-3.60198974609375,1.52125
-3.54034423828125,1.5213
-3.26324462890625,1.52135
-3.39874267578125,1.5214
-3.5699462890625,1.52145
-3.2855224609375,1.5215
-3.489990234375,1.52155
-3.28521728515625,1.5216
-3.138427734375,1.52165
-3.12530517578125,1.5217
-3.09326171875,1.52175
-3.06060791015625,1.5218
-3.08197021484375,1.52185
-2.7001953125,1.5219
-3.2177734375,1.52195
-2.74627685546875,1.522
-2.92999267578125,1.52205
-3.323974609375,1.5221
-3.07891845703125,1.52215
-3.05206298828125,1.5222
-3.12286376953125,1.52225
-3.02978515625,1.5223
-3.06884765625,1.52235
-3.338623046875,1.5224
-3.18450927734375,1.52245
-2.92510986328125,1.5225
-2.919921875,1.52255
-3.2470703125,1.5226
-2.9083251953125,1.52265
-2.92877197265625,1.5227
-3.12042236328125,1.52275
-3.427734375,1.5228
-2.95745849609375,1.52285
-3.22906494140625,1.5229
-3.46649169921875,1.52295
-3.39599609375,1.523
-3.2861328125,1.52305
-3.50494384765625,1.5231
-3.13507080078125,1.52315
-3.4228515625,1.5232
-3.1658935546875,1.52325
-3.287353515625,1.5233
-3.26324462890625,1.52335
-2.7728271484375,1.5234
-3.33587646484375,1.52345
-3.23638916015625,1.5235
-3.09661865234375,1.52355
-3.34686279296875,1.5236
-3.0615234375,1.52365
-2.7764892578125,1.5237
-3.51043701171875,1.52375
-3.426513671875,1.5238
-3.39324951171875,1.52385
-3.19610595703125,1.5239
-3.4332275390625,1.52395
-3.26568603515625,1.524
-3.46343994140625,1.52405
-3.42559814453125,1.5241
-3.47930908203125,1.52415
-3.16925048828125,1.5242
-3.17779541015625,1.52425
-3.40972900390625,1.5243
-3.24310302734375,1.52435
-3.36456298828125,1.5244
-3.44757080078125,1.52445
-2.940673828125,1.5245
-2.9388427734375,1.52455
-3.02734375,1.5246
-2.97637939453125,1.52465
-3.048095703125,1.5247
-3.09814453125,1.52475
-2.81951904296875,1.5248
-2.97149658203125,1.52485
-2.989501953125,1.5249
-3.326416015625,1.52495
-3.09844970703125,1.525
-2.4151611328125,1.52505
-3.2415771484375,1.5251
-3.0084228515625,1.52515
-2.99713134765625,1.5252
-3.076171875,1.52525
-3.22265625,1.5252999999999999
-3.06182861328125,1.52535
-3.2794189453125,1.5253999999999999
-3.1494140625,1.52545
-3.2177734375,1.5254999999999999
-3.4564208984375,1.52555
-3.4820556640625,1.5255999999999998
-3.1915283203125,1.52565
-3.1878662109375,1.5256999999999998
-3.19732666015625,1.52575
-3.302001953125,1.5258
-2.9595947265625,1.52585
-3.0902099609375,1.5259
-3.30657958984375,1.52595
-2.8924560546875,1.526
-3.04229736328125,1.52605
-3.06640625,1.5261
-3.017578125,1.52615
-3.13323974609375,1.5262
-3.267822265625,1.5262499999999999
-2.93670654296875,1.5263
-3.21533203125,1.5263499999999999
-3.0792236328125,1.5264
-3.177490234375,1.5264499999999999
-2.95074462890625,1.5265
-2.96295166015625,1.5265499999999999
-3.32550048828125,1.5266
-2.98431396484375,1.5266499999999998
-2.87872314453125,1.5267
-2.88665771484375,1.5267499999999998
-2.88604736328125,1.5268
-2.60467529296875,1.52685
-3.16864013671875,1.5269
-3.12835693359375,1.52695
-2.94586181640625,1.527
-2.96539306640625,1.52705
-3.10028076171875,1.5271
-2.7642822265625,1.52715
-2.95623779296875,1.5272
-2.96112060546875,1.52725
-3.00537109375,1.5272999999999999
-2.71514892578125,1.52735
-2.6904296875,1.5273999999999999
-2.84576416015625,1.52745
-2.7911376953125,1.5274999999999999
-2.78564453125,1.52755
-2.93914794921875,1.5275999999999998
-2.5482177734375,1.52765
-2.6513671875,1.5276999999999998
-2.74139404296875,1.52775
-2.81219482421875,1.5278
-2.88299560546875,1.52785
-2.80853271484375,1.5279
-2.77801513671875,1.52795
-2.97332763671875,1.528
-2.82257080078125,1.52805
-3.033447265625,1.5281
-2.9290771484375,1.52815
-2.68310546875,1.5282
-3.16192626953125,1.5282499999999999
-2.82623291015625,1.5283
-2.9638671875,1.5283499999999999
-2.93609619140625,1.5284
-3.192138671875,1.5284499999999999
-2.77679443359375,1.5285
-2.84454345703125,1.5285499999999999
-2.88299560546875,1.5286
-2.691650390625,1.5286499999999998
-2.8533935546875,1.5287
-2.84423828125,1.5287499999999998
-2.55462646484375,1.5288
-2.68157958984375,1.52885
-2.87811279296875,1.5289
-2.91229248046875,1.52895
-2.7032470703125,1.529
-2.66571044921875,1.52905
-2.81829833984375,1.5291
-2.54852294921875,1.52915
-2.7215576171875,1.5292
-2.61383056640625,1.52925
-2.38311767578125,1.5292999999999999
-2.58453369140625,1.52935
-2.7099609375,1.5293999999999999
-2.39837646484375,1.52945
-2.77252197265625,1.5294999999999999
-2.5146484375,1.52955
-2.75299072265625,1.5295999999999998
-2.8857421875,1.52965
-2.7557373046875,1.5296999999999998
-3.17138671875,1.52975
-3.001708984375,1.5297999999999998
-3.13629150390625,1.52985
-3.123779296875,1.5299
-2.96234130859375,1.52995
-2.77008056640625,1.53
-3.45794677734375,1.53005
-3.48480224609375,1.5301
-3.29437255859375,1.53015
-3.18817138671875,1.5302
-3.25469970703125,1.5302499999999999
-3.2452392578125,1.5303
-3.37371826171875,1.5303499999999999
-3.34503173828125,1.5304
-3.385009765625,1.5304499999999999
-3.0987548828125,1.5305
-3.41796875,1.5305499999999999
-3.48419189453125,1.5306
-3.55255126953125,1.5306499999999998
-3.292236328125,1.5307
-3.8104248046875,1.5307499999999998
-3.319091796875,1.5308
-3.43292236328125,1.53085
-3.52386474609375,1.5309
-3.3447265625,1.53095
-3.38348388671875,1.531
-3.14056396484375,1.53105
-3.08013916015625,1.5311
-3.29498291015625,1.53115
-3.14910888671875,1.5312
-3.212890625,1.53125
-3.23028564453125,1.5312999999999999
-3.07861328125,1.53135
-3.2086181640625,1.5313999999999999
-3.26507568359375,1.53145
-3.33221435546875,1.5314999999999999
-3.31878662109375,1.53155
-3.603515625,1.5315999999999999
-3.11431884765625,1.53165
-3.2666015625,1.5316999999999998
-3.424072265625,1.53175
-3.34564208984375,1.5318
-3.0706787109375,1.53185
-2.9534912109375,1.5319
-2.9302978515625,1.53195
-2.95166015625,1.532
-3.1060791015625,1.53205
-3.17626953125,1.5321
-2.76275634765625,1.53215
-2.99774169921875,1.5322
-3.0206298828125,1.53225
-3.04412841796875,1.5323
-2.98797607421875,1.5323499999999999
-2.945556640625,1.5324
-2.8863525390625,1.5324499999999999
-2.78656005859375,1.5325
-2.99713134765625,1.5325499999999999
-2.8216552734375,1.5326
-2.657470703125,1.5326499999999998
-2.6904296875,1.5327
-2.8076171875,1.5327499999999998
-2.64251708984375,1.5328
-2.6531982421875,1.53285
-2.7947998046875,1.5329
-2.90374755859375,1.53295
-2.784423828125,1.533
-2.66082763671875,1.53305
-2.7764892578125,1.5331
-2.60955810546875,1.53315
-2.85980224609375,1.5332
-2.87109375,1.53325
-2.96630859375,1.5332999999999999
-2.5738525390625,1.53335
-2.79876708984375,1.5333999999999999
-2.86529541015625,1.53345
-2.81829833984375,1.5334999999999999
-2.96417236328125,1.53355
-3.099365234375,1.5335999999999999
-2.82623291015625,1.53365
-3.29437255859375,1.5336999999999998
-3.106689453125,1.53375
-3.03192138671875,1.5337999999999998
-2.9693603515625,1.53385
-3.1317138671875,1.5339
-2.91961669921875,1.53395
-2.94586181640625,1.534
-2.91778564453125,1.53405
-3.026123046875,1.5341
-3.00506591796875,1.53415
-2.65289306640625,1.5342
-3.14361572265625,1.53425
-3.0523681640625,1.5343
-3.02215576171875,1.5343499999999999
-3.1988525390625,1.5344
-2.80975341796875,1.5344499999999999
-2.89886474609375,1.5345
-3.07952880859375,1.5345499999999999
-3.0657958984375,1.5346
-3.24432373046875,1.5346499999999998
-2.94097900390625,1.5347
-2.9229736328125,1.5347499999999998
-3.08563232421875,1.5348
-2.935791015625,1.53485
-2.96600341796875,1.5349
-3.08441162109375,1.53495
-2.75238037109375,1.535
-3.0657958984375,1.53505
-3.00567626953125,1.5351
-2.98126220703125,1.53515
-2.92266845703125,1.5352
-3.2110595703125,1.53525
-2.7813720703125,1.5352999999999999
-3.02032470703125,1.53535
-3.01727294921875,1.5353999999999999
-2.94921875,1.53545
-2.935791015625,1.5354999999999999
-3.070068359375,1.53555
-2.9669189453125,1.5355999999999999
-2.99560546875,1.53565
-3.062744140625,1.5356999999999998
-2.95501708984375,1.53575
-3.07373046875,1.5357999999999998
-2.76885986328125,1.53585
-2.87200927734375,1.5359
-2.94036865234375,1.53595
-2.7020263671875,1.536
-3.08746337890625,1.53605
-3.12042236328125,1.5361
-3.06793212890625,1.53615
-2.943115234375,1.5362
-2.84027099609375,1.53625
-3.0096435546875,1.5363
-3.02032470703125,1.5363499999999999
-3.0584716796875,1.5364
-2.872314453125,1.5364499999999999
-2.74322509765625,1.5365
-3.15521240234375,1.5365499999999999
-3.09326171875,1.5366
-2.686767578125,1.5366499999999998
-2.97027587890625,1.5367
-3.0694580078125,1.5367499999999998
-2.75787353515625,1.5368
-2.9364013671875,1.5368499999999998
-2.84942626953125,1.5369
-3.00018310546875,1.53695
-2.9901123046875,1.537
-3.09539794921875,1.53705
-2.95440673828125,1.5371
-3.00537109375,1.53715
-3.177490234375,1.5372
-3.0352783203125,1.53725
-2.9888916015625,1.5372999999999999
-2.83538818359375,1.53735
-3.09112548828125,1.5373999999999999
-3.1658935546875,1.53745
-3.02459716796875,1.5374999999999999
-3.128662109375,1.53755
-3.153076171875,1.5375999999999999
-3.01025390625,1.53765
-3.284912109375,1.5376999999999998
-3.21807861328125,1.53775
-3.29254150390625,1.5377999999999998
-2.98736572265625,1.53785
-3.0926513671875,1.5379
-3.09173583984375,1.53795
-3.33526611328125,1.538
-3.0889892578125,1.53805
-3.316650390625,1.5381
-2.99163818359375,1.53815
-3.30413818359375,1.5382
-3.13629150390625,1.53825
-2.9443359375,1.5383
-2.991943359375,1.5383499999999999
-3.1610107421875,1.5384
-2.87445068359375,1.5384499999999999
-3.07586669921875,1.5385
-3.0999755859375,1.5385499999999999
-2.904052734375,1.5386
-3.0364990234375,1.5386499999999999
-3.0743408203125,1.5387
-2.88787841796875,1.5387499999999998
-2.95166015625,1.5388
-2.999267578125,1.5388499999999998
-3.16802978515625,1.5389
-3.09173583984375,1.53895
-2.87200927734375,1.539
-3.0517578125,1.53905
-2.87567138671875,1.5391
-2.86163330078125,1.53915
-2.99407958984375,1.5392
-3.13629150390625,1.53925
-2.9803466796875,1.5393
-2.860107421875,1.53935
-2.72979736328125,1.5393999999999999
-2.98919677734375,1.53945
-2.7496337890625,1.5394999999999999
-3.04229736328125,1.53955
-2.9833984375,1.5395999999999999
-2.8753662109375,1.53965
-3.1121826171875,1.5396999999999998
-2.92022705078125,1.53975
-2.98248291015625,1.5397999999999998
-2.8680419921875,1.53985
-3.20404052734375,1.5399
-2.6641845703125,1.53995
-2.816162109375,1.54
-3.02734375,1.54005
-3.11492919921875,1.5401
-2.67120361328125,1.54015
-3.040771484375,1.5402
-3.060302734375,1.54025
-3.1829833984375,1.5403
-3.26141357421875,1.5403499999999999
-3.043212890625,1.5404
-3.11065673828125,1.5404499999999999
-3.050537109375,1.5405
-3.27362060546875,1.5405499999999999
-3.47625732421875,1.5406
-3.58551025390625,1.5406499999999999
-3.31207275390625,1.5407
-3.0877685546875,1.5407499999999998
-3.1622314453125,1.5408
-3.5101318359375,1.5408499999999998
-3.3123779296875,1.5409
-3.22784423828125,1.54095
-3.09326171875,1.541
-3.333740234375,1.54105
-3.2293701171875,1.5411
-3.20648193359375,1.54115
-3.23760986328125,1.5412
-3.4478759765625,1.54125
-3.201904296875,1.5413
-3.3154296875,1.54135
-3.08990478515625,1.5413999999999999
-3.148193359375,1.54145
-3.2159423828125,1.5414999999999999
-3.23272705078125,1.54155
-2.8802490234375,1.5415999999999999
-3.104248046875,1.54165
-3.19091796875,1.5416999999999998
-2.9180908203125,1.54175
-2.9302978515625,1.5417999999999998
-2.8363037109375,1.54185
-2.689208984375,1.5419
-2.6593017578125,1.54195
-2.89520263671875,1.542
-2.7618408203125,1.54205
-3.056640625,1.5421
-2.64312744140625,1.54215
-2.9913330078125,1.5422
-3.01177978515625,1.54225
-3.15704345703125,1.5423
-2.9595947265625,1.5423499999999999
-3.15826416015625,1.5424
-2.7606201171875,1.5424499999999999
-3.00079345703125,1.5425
-2.83599853515625,1.5425499999999999
-2.982177734375,1.5426
-2.7447509765625,1.5426499999999999
-2.9107666015625,1.5427
-2.60498046875,1.5427499999999998
-2.5006103515625,1.5428
-2.696533203125,1.5428499999999998
-2.88330078125,1.5429
-2.762451171875,1.54295
-2.73834228515625,1.543
-2.943115234375,1.54305
-2.7679443359375,1.5431
-2.92572021484375,1.54315
-3.057861328125,1.5432
-2.98583984375,1.54325
-2.66265869140625,1.5433
-2.9278564453125,1.54335
-3.05267333984375,1.5433999999999999
-3.150634765625,1.54345
-3.333740234375,1.5434999999999999
-3.1304931640625,1.54355
-3.11767578125,1.5435999999999999
-3.50006103515625,1.54365
-3.4637451171875,1.5436999999999999
-3.7713623046875,1.54375
-3.77410888671875,1.5437999999999998
-3.61602783203125,1.54385
-3.580322265625,1.5438999999999998
-3.76434326171875,1.54395
-3.62579345703125,1.544
-3.69171142578125,1.54405
-3.52325439453125,1.5441
-3.30596923828125,1.54415
-3.6846923828125,1.5442
-3.201904296875,1.54425
-3.389892578125,1.5443
-3.54583740234375,1.54435
-3.47076416015625,1.5444
-3.11798095703125,1.5444499999999999
-3.47900390625,1.5445
-3.48907470703125,1.5445499999999999
-3.56231689453125,1.5446
-3.30657958984375,1.5446499999999999
-3.32550048828125,1.5447
-3.51715087890625,1.5447499999999998
-3.26568603515625,1.5448
-3.39141845703125,1.5448499999999998
-3.10882568359375,1.5449
-2.97607421875,1.54495
-3.0364990234375,1.545
-3.12225341796875,1.54505
-2.779541015625,1.5451
-3.0780029296875,1.54515
-3.05419921875,1.5452
-2.7142333984375,1.54525
-2.70599365234375,1.5453
-2.78778076171875,1.54535
-2.5640869140625,1.5453999999999999
-2.7728271484375,1.54545
-2.67425537109375,1.5454999999999999
-2.7996826171875,1.54555
-2.7789306640625,1.5455999999999999
-2.59429931640625,1.54565
-2.8265380859375,1.5456999999999999
-3.05267333984375,1.54575
-2.5738525390625,1.5457999999999998
-3.1158447265625,1.54585
-2.9168701171875,1.5458999999999998
-2.880859375,1.54595
-3.2421875,1.546
-3.255615234375,1.54605
-3.02215576171875,1.5461
-3.09478759765625,1.54615
-3.0401611328125,1.5462
-3.03680419921875,1.54625
-3.21563720703125,1.5463
-2.90618896484375,1.54635
-2.9571533203125,1.5464
-2.88665771484375,1.5464499999999999
-3.0279541015625,1.5465
-2.89642333984375,1.5465499999999999
-3.1011962890625,1.5466
-2.783203125,1.5466499999999999
-3.07891845703125,1.5467
-2.4365234375,1.5467499999999998
-2.9095458984375,1.5468
-2.662353515625,1.5468499999999998
-2.9400634765625,1.5469
-2.8472900390625,1.54695
-2.92266845703125,1.547
-2.6641845703125,1.54705
-2.72308349609375,1.5471
-2.79754638671875,1.54715
-2.69866943359375,1.5472
-2.7197265625,1.54725
-2.51495361328125,1.5473
-2.51068115234375,1.54735
-2.694091796875,1.5473999999999999
-2.5628662109375,1.54745
-2.3956298828125,1.5474999999999999
-2.51708984375,1.54755
-2.38037109375,1.5475999999999999
-2.9302978515625,1.54765
-2.7484130859375,1.5476999999999999
-2.62603759765625,1.54775
-2.5537109375,1.5477999999999998
-2.59857177734375,1.54785
-2.43072509765625,1.5478999999999998
-2.633056640625,1.54795
-2.69134521484375,1.548
-2.63641357421875,1.54805
-2.6593017578125,1.5481
-2.58514404296875,1.54815
-2.6715087890625,1.5482
-2.767333984375,1.54825
-2.87994384765625,1.5483
-3.0169677734375,1.54835
-2.94952392578125,1.5484
-2.8857421875,1.5484499999999999
-3.0523681640625,1.5485
-2.87689208984375,1.5485499999999999
-3.01788330078125,1.5486
-2.96875,1.5486499999999999
-2.71636962890625,1.5487
-2.40966796875,1.5487499999999998
-2.59613037109375,1.5488
-2.6727294921875,1.5488499999999998
-2.61016845703125,1.5489
-2.51190185546875,1.54895
-2.5567626953125,1.549
-2.781982421875,1.54905
-2.535400390625,1.5491
-2.87750244140625,1.54915
-2.8765869140625,1.5492
-2.75970458984375,1.54925
-2.825927734375,1.5493
-2.9803466796875,1.54935
-2.79998779296875,1.5493999999999999
-3.08349609375,1.54945
-2.891845703125,1.5494999999999999
-2.74322509765625,1.54955
-2.8350830078125,1.5495999999999999
-2.88543701171875,1.54965
-3.07037353515625,1.5496999999999999
-3.08685302734375,1.54975
-3.12347412109375,1.5497999999999998
-3.18328857421875,1.54985
-2.911376953125,1.5498999999999998
-3.30963134765625,1.54995
-3.21014404296875,1.55
-3.477783203125,1.5500500000000001
-3.12530517578125,1.5501
-3.17169189453125,1.5501500000000001
-3.03070068359375,1.5502
-3.2958984375,1.5502500000000001
-3.0560302734375,1.5503
-3.11492919921875,1.5503500000000001
-3.20892333984375,1.5504
-2.88360595703125,1.55045
-3.02886962890625,1.5505
-3.13201904296875,1.55055
-2.9901123046875,1.5506
-2.93975830078125,1.55065
-2.9010009765625,1.5507
-2.60162353515625,1.55075
-3.16497802734375,1.5508
-2.9718017578125,1.55085
-2.86895751953125,1.5509
-2.8173828125,1.55095
-3.02734375,1.551
-2.78533935546875,1.55105
-3.03192138671875,1.5511000000000001
-2.83538818359375,1.55115
-2.86346435546875,1.5512000000000001
-2.62237548828125,1.55125
-2.96783447265625,1.5513000000000001
-2.5616455078125,1.55135
-2.5762939453125,1.5514000000000001
-3.0670166015625,1.55145
-3.0816650390625,1.5515
-2.8338623046875,1.55155
-2.58697509765625,1.5516
-3.0352783203125,1.55165
-2.96783447265625,1.5517
-2.8155517578125,1.55175
-3.01300048828125,1.5518
-2.77587890625,1.55185
-3.01116943359375,1.5519
-3.1427001953125,1.55195
-2.998046875,1.552
-3.057861328125,1.5520500000000002
-3.05999755859375,1.5521
-3.04718017578125,1.5521500000000001
-3.057861328125,1.5522
-2.88116455078125,1.5522500000000001
-3.0816650390625,1.5523
-3.16802978515625,1.5523500000000001
-3.00811767578125,1.5524
-3.1304931640625,1.55245
-3.17108154296875,1.5525
-3.2330322265625,1.55255
-3.19854736328125,1.5526
-3.4393310546875,1.55265
-2.8045654296875,1.5527
-2.92449951171875,1.55275
-3.25469970703125,1.5528
-3.0377197265625,1.55285
-3.07952880859375,1.5529
-3.140869140625,1.55295
-2.98797607421875,1.553
-3.04412841796875,1.55305
-3.16070556640625,1.5531000000000001
-2.94769287109375,1.55315
-3.0767822265625,1.5532000000000001
-2.664794921875,1.55325
-2.99591064453125,1.5533000000000001
-3.0023193359375,1.55335
-3.0767822265625,1.5534000000000001
-2.899169921875,1.55345
-3.0157470703125,1.5535
-3.0181884765625,1.55355
-3.0084228515625,1.5536
-3.09539794921875,1.55365
-3.07830810546875,1.5537
-2.99652099609375,1.55375
-3.06884765625,1.5538
-3.031005859375,1.55385
-3.0987548828125,1.5539
-3.3447265625,1.55395
-3.134765625,1.554
-3.12957763671875,1.5540500000000002
-2.87811279296875,1.5541
-2.8936767578125,1.5541500000000001
-2.93487548828125,1.5542
-3.160400390625,1.5542500000000001
-3.3209228515625,1.5543
-3.12744140625,1.5543500000000001
-2.962646484375,1.5544
-3.47808837890625,1.55445
-3.126220703125,1.5545
-3.38165283203125,1.55455
-3.39385986328125,1.5546
-3.14361572265625,1.55465
-3.0877685546875,1.5547
-3.0517578125,1.55475
-3.17047119140625,1.5548
-2.89703369140625,1.55485
-3.1817626953125,1.5549
-2.92510986328125,1.55495
-3.07342529296875,1.555
-3.1640625,1.55505
-3.0828857421875,1.5551000000000001
-3.157958984375,1.55515
-3.29010009765625,1.5552000000000001
-3.18145751953125,1.55525
-3.404541015625,1.5553000000000001
-3.0877685546875,1.55535
-3.11798095703125,1.5554000000000001
-3.26446533203125,1.55545
-3.32183837890625,1.5555
-2.99560546875,1.55555
-3.2000732421875,1.5556
-3.3209228515625,1.55565
-3.2220458984375,1.5557
-3.0633544921875,1.55575
-3.28643798828125,1.5558
-2.8607177734375,1.55585
-2.85400390625,1.5559
-3.31298828125,1.55595
-3.41522216796875,1.556
-3.17535400390625,1.5560500000000002
-3.06182861328125,1.5561
-3.16192626953125,1.5561500000000001
-3.563232421875,1.5562
-3.46710205078125,1.5562500000000001
-3.28948974609375,1.5563
-3.30810546875,1.5563500000000001
-3.3734130859375,1.5564
-3.43475341796875,1.5564500000000001
-3.22235107421875,1.5565
-3.36578369140625,1.55655
-3.08685302734375,1.5566
-3.34503173828125,1.55665
-3.28277587890625,1.5567
-3.11767578125,1.55675
-3.115234375,1.5568
-3.10821533203125,1.55685
-2.96844482421875,1.5569
-3.4332275390625,1.55695
-3.09722900390625,1.557
-3.265380859375,1.55705
-3.59710693359375,1.5571000000000002
-3.51348876953125,1.55715
-3.2666015625,1.5572000000000001
-3.0059814453125,1.55725
-3.253173828125,1.5573000000000001
-3.05694580078125,1.55735
-3.30352783203125,1.5574000000000001
-3.20526123046875,1.55745
-3.1610107421875,1.5575
-3.15826416015625,1.55755
-3.1964111328125,1.5576
-3.10791015625,1.55765
-3.1744384765625,1.5577
-3.39385986328125,1.55775
-3.4820556640625,1.5578
-3.2659912109375,1.55785
-3.37921142578125,1.5579
-3.5150146484375,1.55795
-3.30352783203125,1.558
-3.53485107421875,1.55805
-3.34197998046875,1.5581
-3.1793212890625,1.5581500000000001
-3.3270263671875,1.5582
-3.1439208984375,1.5582500000000001
-3.25469970703125,1.5583
-3.31146240234375,1.5583500000000001
-2.83660888671875,1.5584
-3.389892578125,1.5584500000000001
-3.0426025390625,1.5585
-3.1549072265625,1.55855
-3.310546875,1.5586
-2.90313720703125,1.55865
-2.7655029296875,1.5587
-3.2757568359375,1.55875
-3.34716796875,1.5588
-3.1842041015625,1.55885
-3.05267333984375,1.5589
-3.1842041015625,1.55895
-2.96478271484375,1.559
-3.11614990234375,1.55905
-3.20831298828125,1.5591000000000002
-3.2159423828125,1.55915
-2.87872314453125,1.5592000000000001
-2.9376220703125,1.55925
-3.11981201171875,1.5593000000000001
-3.00933837890625,1.55935
-3.0572509765625,1.5594000000000001
-3.0322265625,1.55945
-2.74810791015625,1.5595
-2.71942138671875,1.55955
-2.95684814453125,1.5596
-2.77496337890625,1.55965
-2.95318603515625,1.5597
-2.9541015625,1.55975
-2.81219482421875,1.5598
-2.88299560546875,1.55985
-2.77008056640625,1.5599
-3.0255126953125,1.55995
-2.913818359375,1.56
-2.4652099609375,1.56005
-2.85491943359375,1.5601
-2.70477294921875,1.5601500000000001
-2.6458740234375,1.5602
-2.838134765625,1.5602500000000001
-2.9022216796875,1.5603
-2.76611328125,1.5603500000000001
-2.64251708984375,1.5604
-2.87353515625,1.5604500000000001
-2.83599853515625,1.5605
-2.96051025390625,1.56055
-2.9937744140625,1.5606
-2.7166748046875,1.56065
-2.65350341796875,1.5607
-2.8424072265625,1.56075
-2.8961181640625,1.5608
-2.73956298828125,1.56085
-2.8485107421875,1.5609
-3.08197021484375,1.56095
-2.657470703125,1.561
-2.81402587890625,1.56105
-2.82684326171875,1.5611000000000002
-2.82073974609375,1.56115
-2.73712158203125,1.5612000000000001
-2.91107177734375,1.56125
-2.69561767578125,1.5613000000000001
-2.7703857421875,1.56135
-2.68402099609375,1.5614000000000001
-2.93792724609375,1.56145
-2.6849365234375,1.5615
-2.5640869140625,1.56155
-3.031005859375,1.5616
-2.8643798828125,1.56165
-2.78167724609375,1.5617
-2.78900146484375,1.56175
-2.6904296875,1.5618
-2.440185546875,1.56185
-2.94921875,1.5619
-2.938232421875,1.56195
-2.96875,1.562
-2.9156494140625,1.56205
-2.82684326171875,1.5621
-2.7789306640625,1.5621500000000001
-3.01727294921875,1.5622
-3.1890869140625,1.5622500000000001
-3.23516845703125,1.5623
-2.7606201171875,1.5623500000000001
-3.12652587890625,1.5624
-3.2366943359375,1.5624500000000001
-2.9803466796875,1.5625
-3.082275390625,1.56255
-3.08563232421875,1.5626
-2.633056640625,1.56265
-2.8082275390625,1.5627
-2.7862548828125,1.56275
-2.677001953125,1.5628
-2.884521484375,1.56285
-2.61505126953125,1.5629
-2.73040771484375,1.56295
-2.73040771484375,1.563
-2.718505859375,1.56305
-2.88909912109375,1.5631
-2.73162841796875,1.56315
-2.2998046875,1.5632000000000001
-2.94097900390625,1.56325
-2.6751708984375,1.5633000000000001
-2.740478515625,1.56335
-2.64190673828125,1.5634000000000001
-2.98187255859375,1.56345
-2.67730712890625,1.5635000000000001
-2.78167724609375,1.56355
-2.76702880859375,1.5636
-2.66448974609375,1.56365
-2.9156494140625,1.5637
-3.02093505859375,1.56375
-2.9010009765625,1.5638
-2.9852294921875,1.56385
-3.10821533203125,1.5639
-3.3880615234375,1.56395
-2.899169921875,1.564
-2.93548583984375,1.56405
-3.326416015625,1.5641
-2.83935546875,1.5641500000000002
-3.0029296875,1.5642
-3.0474853515625,1.5642500000000001
-2.85858154296875,1.5643
-3.035888671875,1.5643500000000001
-2.94677734375,1.5644
-2.8436279296875,1.5644500000000001
-3.11859130859375,1.5645
-2.96173095703125,1.56455
-3.03558349609375,1.5646
-2.93365478515625,1.56465
-2.79693603515625,1.5647
-3.330078125,1.56475
-3.24066162109375,1.5648
-3.16314697265625,1.56485
-3.192138671875,1.5649
-3.28460693359375,1.56495
-3.14178466796875,1.565
-3.57177734375,1.56505
-3.66729736328125,1.5651
-3.17413330078125,1.56515
-3.34991455078125,1.5652000000000001
-3.37432861328125,1.56525
-3.377685546875,1.5653000000000001
-3.57879638671875,1.56535
-3.58184814453125,1.5654000000000001
-3.71673583984375,1.56545
-3.5797119140625,1.5655000000000001
-3.46038818359375,1.56555
-3.54888916015625,1.5656
-3.51898193359375,1.56565
-3.46405029296875,1.5657
-3.70452880859375,1.56575
-3.3599853515625,1.5658
-3.3685302734375,1.56585
-3.40911865234375,1.5659
-3.3453369140625,1.56595
-3.08929443359375,1.566
-2.93701171875,1.56605
-3.15399169921875,1.5661
-3.402099609375,1.5661500000000002
-3.24005126953125,1.5662
-3.0780029296875,1.5662500000000001
-3.1201171875,1.5663
-2.95501708984375,1.5663500000000001
-3.304443359375,1.5664
-3.2879638671875,1.5664500000000001
-3.24462890625,1.5665
-3.216552734375,1.56655
-3.41033935546875,1.5666
-3.00048828125,1.56665
-3.41064453125,1.5667
-3.31512451171875,1.56675
-3.20404052734375,1.5668
-3.1744384765625,1.56685
-3.64044189453125,1.5669
-3.2952880859375,1.56695
-3.2794189453125,1.567
-3.3099365234375,1.56705
-3.59375,1.5671
-3.12408447265625,1.56715
-3.33953857421875,1.5672000000000001
-3.193359375,1.56725
-2.8973388671875,1.5673000000000001
-3.17657470703125,1.56735
-3.21533203125,1.5674000000000001
-3.08685302734375,1.56745
-2.95196533203125,1.5675000000000001
-3.231201171875,1.56755
-2.83172607421875,1.5676
-3.0584716796875,1.56765
-2.9388427734375,1.5677
-2.7032470703125,1.56775
-2.684326171875,1.5678
-2.83843994140625,1.56785
-2.90374755859375,1.5679
-3.02581787109375,1.56795
-3.03497314453125,1.568
-2.730712890625,1.56805
-2.6318359375,1.5681
-2.65655517578125,1.5681500000000002
-2.8173828125,1.5682
-3.1134033203125,1.5682500000000001
-2.73956298828125,1.5683
-2.9693603515625,1.5683500000000001
-2.9998779296875,1.5684
-3.1585693359375,1.5684500000000001
-3.14300537109375,1.5685
-3.22357177734375,1.56855
-3.20037841796875,1.5686
-2.9522705078125,1.56865
-3.14971923828125,1.5687
-3.25103759765625,1.56875
-3.31634521484375,1.5688
-3.35723876953125,1.56885
-3.43231201171875,1.5689
-3.17138671875,1.56895
-3.51470947265625,1.569
-3.65570068359375,1.56905
-3.60748291015625,1.5691
-3.2537841796875,1.56915
-3.428955078125,1.5692000000000002
-3.45611572265625,1.56925
-3.52874755859375,1.5693000000000001
-3.837890625,1.56935
-3.5565185546875,1.5694000000000001
-3.4466552734375,1.56945
-3.65447998046875,1.5695000000000001
-3.66302490234375,1.56955
-3.68408203125,1.5696
-3.68988037109375,1.56965
-3.5894775390625,1.5697
-3.74420166015625,1.56975
-3.63494873046875,1.5698
-3.7652587890625,1.56985
-3.55926513671875,1.5699
-3.79547119140625,1.56995
-3.4649658203125,1.57
-3.721923828125,1.57005
-2.95684814453125,1.5701
-3.365478515625,1.57015
-3.59710693359375,1.5702
-3.49639892578125,1.5702500000000001
-3.0218505859375,1.5703
-3.27239990234375,1.5703500000000001
-3.3026123046875,1.5704
-3.17352294921875,1.5704500000000001
-3.0511474609375,1.5705
-2.8790283203125,1.5705500000000001
-2.9949951171875,1.5706
-2.6617431640625,1.57065
-2.70751953125,1.5707
-2.60101318359375,1.57075
-2.833251953125,1.5708
-2.57232666015625,1.57085
-2.57720947265625,1.5709
-2.3944091796875,1.57095
-2.69866943359375,1.571
-2.6800537109375,1.57105
-2.6904296875,1.5711
-2.65472412109375,1.57115
-2.74749755859375,1.5712000000000002
-2.65625,1.57125
-2.9583740234375,1.5713000000000001
-2.77587890625,1.57135
-2.9803466796875,1.5714000000000001
-2.95166015625,1.57145
-2.91717529296875,1.5715000000000001
-3.10150146484375,1.57155
-3.221435546875,1.5716
-3.194580078125,1.57165
-3.1951904296875,1.5717
-3.232421875,1.57175
-2.9339599609375,1.5718
-3.447265625,1.57185
-3.5528564453125,1.5719
-3.214111328125,1.57195
-3.021240234375,1.572
-3.13018798828125,1.57205
-2.82745361328125,1.5721
-2.99957275390625,1.57215
-3.046875,1.5722
-2.64251708984375,1.5722500000000001
-2.85980224609375,1.5723
-2.8765869140625,1.5723500000000001
-2.6739501953125,1.5724
-3.14453125,1.5724500000000001
-3.12713623046875,1.5725
-2.9736328125,1.5725500000000001
-2.64251708984375,1.5726
-3.00018310546875,1.57265
-2.89703369140625,1.5727
-2.77679443359375,1.57275
-2.91900634765625,1.5728
-3.084716796875,1.57285
-2.88055419921875,1.5729
-2.74383544921875,1.57295
-2.8082275390625,1.573
-2.95623779296875,1.57305
-2.7545166015625,1.5731
-2.64984130859375,1.57315
-2.9498291015625,1.5732000000000002
-2.91015625,1.57325
-3.00994873046875,1.5733000000000001
-3.18756103515625,1.57335
-3.17291259765625,1.5734000000000001
-2.822265625,1.57345
-3.2037353515625,1.5735000000000001
-2.97943115234375,1.57355
-3.094482421875,1.5736
-3.19793701171875,1.57365
-3.24493408203125,1.5737
-2.90496826171875,1.57375
-3.28369140625,1.5738
-3.15673828125,1.57385
-3.0841064453125,1.5739
-3.20556640625,1.57395
-3.15093994140625,1.574
-3.1451416015625,1.57405
-2.9241943359375,1.5741
-3.08685302734375,1.57415
-2.9779052734375,1.5742
-3.2440185546875,1.5742500000000001
-2.98492431640625,1.5743
-2.9998779296875,1.5743500000000001
-3.01910400390625,1.5744
-3.306884765625,1.5744500000000001
-3.359375,1.5745
-3.287353515625,1.5745500000000001
-2.97393798828125,1.5746
-3.19580078125,1.57465
-3.27606201171875,1.5747
-3.5101318359375,1.57475
-3.28704833984375,1.5748
-2.98248291015625,1.57485
-3.323974609375,1.5749
-2.95654296875,1.57495
-3.2647705078125,1.575
-3.16436767578125,1.57505
-3.02520751953125,1.5751
-3.1793212890625,1.57515
-3.19244384765625,1.5752
-2.99407958984375,1.57525
-3.497314453125,1.5753
-3.2440185546875,1.57535
-3.09173583984375,1.5754
-3.11126708984375,1.57545
-3.16070556640625,1.5755
-2.967529296875,1.57555
-3.231201171875,1.5756
-3.414306640625,1.57565
-3.42132568359375,1.5756999999999999
-3.08563232421875,1.57575
-3.409423828125,1.5758
-3.31817626953125,1.57585
-3.36273193359375,1.5759
-3.17840576171875,1.57595
-3.44482421875,1.576
-3.10455322265625,1.57605
-3.22540283203125,1.5761
-3.3697509765625,1.57615
-3.49945068359375,1.5762
-3.13629150390625,1.57625
-3.3819580078125,1.5763
-3.43658447265625,1.57635
-3.2781982421875,1.5764
-3.28094482421875,1.57645
-3.19000244140625,1.5765
-3.292236328125,1.57655
-3.00811767578125,1.5766
-3.087158203125,1.5766499999999999
-3.15673828125,1.5767
-2.75482177734375,1.5767499999999999
-3.1622314453125,1.5768
-3.330078125,1.57685
-2.79388427734375,1.5769
-3.29071044921875,1.57695
-3.32794189453125,1.577
-3.30718994140625,1.57705
-3.33038330078125,1.5771
-3.51531982421875,1.57715
-3.22662353515625,1.5772
-3.126220703125,1.57725
-3.49578857421875,1.5773
-3.291015625,1.57735
-3.38897705078125,1.5774
-2.75543212890625,1.57745
-2.92938232421875,1.5775
-2.99224853515625,1.57755
-3.0816650390625,1.5776
-2.90618896484375,1.57765
-2.9266357421875,1.5776999999999999
-2.9443359375,1.57775
-3.28521728515625,1.5778
-3.32000732421875,1.57785
-3.226318359375,1.5779
-3.08441162109375,1.57795
-2.900390625,1.578
-2.91656494140625,1.57805
-2.598876953125,1.5781
-3.1060791015625,1.57815
-2.742919921875,1.5782
-2.68280029296875,1.57825
-2.8570556640625,1.5783
-2.76611328125,1.57835
-2.5323486328125,1.5784
-2.98431396484375,1.57845
-3.03497314453125,1.5785
-2.8765869140625,1.57855
-2.71270751953125,1.5786
-3.0987548828125,1.5786499999999999
-2.66082763671875,1.5787
-3.223876953125,1.5787499999999999
-3.3380126953125,1.5788
-3.016357421875,1.57885
-2.72857666015625,1.5789
-2.723388671875,1.57895
-3.0316162109375,1.579
-2.88482666015625,1.57905
-2.76519775390625,1.5791
-2.84515380859375,1.57915
-2.71942138671875,1.5792
-2.90924072265625,1.57925
-3.1085205078125,1.5793
-2.9876708984375,1.57935
-2.9168701171875,1.5794
-3.08074951171875,1.57945
-3.16680908203125,1.5795
-2.9296875,1.57955
-2.8448486328125,1.5796
-2.9888916015625,1.57965
-3.1640625,1.5796999999999999
-2.60284423828125,1.57975
-3.04718017578125,1.5798
-2.864990234375,1.57985
-2.7960205078125,1.5799
-2.79083251953125,1.57995
-3.00506591796875,1.58
-2.5048828125,1.58005
-2.764892578125,1.5801
-3.18115234375,1.58015
-3.206787109375,1.5802
-2.97515869140625,1.58025
-3.22296142578125,1.5803
-2.957763671875,1.58035
-3.19183349609375,1.5804
-3.157958984375,1.58045
-3.1011962890625,1.5805
-3.01788330078125,1.58055
-2.9010009765625,1.5806
-2.994384765625,1.5806499999999999
-2.95806884765625,1.5807
-3.1109619140625,1.5807499999999999
-3.2305908203125,1.5808
-3.0877685546875,1.58085
-2.982177734375,1.5809
-3.20648193359375,1.58095
-3.21929931640625,1.581
-3.23394775390625,1.58105
-3.17718505859375,1.5811
-3.2171630859375,1.58115
-3.15155029296875,1.5812
-3.1610107421875,1.58125
-3.39752197265625,1.5813
-3.2342529296875,1.58135
-2.8546142578125,1.5814
-2.8399658203125,1.58145
-3.12408447265625,1.5815
-2.90283203125,1.58155
-3.140869140625,1.5816
-3.20281982421875,1.58165
-2.91656494140625,1.5816999999999999
-2.9534912109375,1.58175
-3.4649658203125,1.5817999999999999
-3.1182861328125,1.58185
-3.23028564453125,1.5819
-3.26019287109375,1.58195
-3.2025146484375,1.582
-3.02825927734375,1.58205
-3.29071044921875,1.5821
-3.16314697265625,1.58215
-3.0169677734375,1.5822
-3.24798583984375,1.58225
-3.02520751953125,1.5823
-3.2427978515625,1.58235
-3.15093994140625,1.5824
-3.24066162109375,1.58245
-3.2708740234375,1.5825
-2.7618408203125,1.58255
-2.98583984375,1.5826
-3.20831298828125,1.58265
-2.7960205078125,1.5827
-2.7813720703125,1.5827499999999999
-3.13507080078125,1.5828
-2.852783203125,1.58285
-2.79144287109375,1.5829
-2.87200927734375,1.58295
-3.0889892578125,1.583
-2.919921875,1.58305
-2.71514892578125,1.5831
-3.09417724609375,1.58315
-2.77923583984375,1.5832
-2.9986572265625,1.58325
-3.194580078125,1.5833
-3.3099365234375,1.58335
-2.76580810546875,1.5834
-2.9644775390625,1.58345
-3.16680908203125,1.5835
-3.14605712890625,1.58355
-3.1121826171875,1.5836
-3.17718505859375,1.58365
-2.9400634765625,1.5836999999999999
-3.13995361328125,1.58375
-3.1951904296875,1.5837999999999999
-2.965087890625,1.58385
-3.0908203125,1.5839
-2.99224853515625,1.58395
-3.1854248046875,1.584
-2.791748046875,1.58405
-2.80364990234375,1.5841
-2.7880859375,1.58415
-3.04412841796875,1.5842
-2.67852783203125,1.58425
-3.135986328125,1.5843
-2.94158935546875,1.58435
-3.14117431640625,1.5844
-3.12774658203125,1.58445
-3.1744384765625,1.5845
-2.74810791015625,1.58455
-2.71759033203125,1.5846
-3.2611083984375,1.58465
-3.25927734375,1.5847
-3.09539794921875,1.5847499999999999
-3.00018310546875,1.5848
-3.07098388671875,1.58485
-3.0615234375,1.5849
-3.2965087890625,1.58495
-3.221435546875,1.585
-2.94952392578125,1.58505
-3.13995361328125,1.5851
-3.36822509765625,1.58515
-3.17657470703125,1.5852
-3.209228515625,1.58525
-3.1878662109375,1.5853
-3.11065673828125,1.58535
-3.04962158203125,1.5854
-2.8387451171875,1.58545
-3.03070068359375,1.5855
-2.8228759765625,1.58555
-2.8631591796875,1.5856
-3.05633544921875,1.58565
-2.7435302734375,1.5856999999999999
-2.72247314453125,1.58575
-3.11553955078125,1.5857999999999999
-2.90557861328125,1.58585
-2.71575927734375,1.5859
-2.8399658203125,1.58595
-2.8094482421875,1.586
-2.70660400390625,1.58605
-3.2379150390625,1.5861
-3.07952880859375,1.58615
-3.03497314453125,1.5862
-2.90771484375,1.58625
-3.05206298828125,1.5863
-3.04351806640625,1.58635
-2.9730224609375,1.5864
-2.89947509765625,1.58645
-3.02337646484375,1.5865
-2.7978515625,1.58655
-3.021240234375,1.5866
-3.06793212890625,1.58665
-2.90679931640625,1.5867
-3.0059814453125,1.5867499999999999
-3.1817626953125,1.5868
-2.98248291015625,1.58685
-3.1646728515625,1.5869
-2.93914794921875,1.58695
-3.17291259765625,1.587
-3.1768798828125,1.58705
-2.8485107421875,1.5871
-3.20770263671875,1.58715
-2.81280517578125,1.5872
-2.97149658203125,1.58725
-2.9998779296875,1.5873
-2.98980712890625,1.58735
-2.67730712890625,1.5874
-3.0413818359375,1.58745
-3.09051513671875,1.5875
-2.99835205078125,1.58755
-3.0889892578125,1.5876
-3.14178466796875,1.58765
-2.96234130859375,1.5877
-3.221435546875,1.58775
-3.61053466796875,1.5877999999999999
-3.49609375,1.58785
-3.27850341796875,1.5879
-2.95166015625,1.58795
-3.3502197265625,1.588
-3.11492919921875,1.58805
-3.09844970703125,1.5881
-3.24554443359375,1.58815
-3.16192626953125,1.5882
-3.28369140625,1.58825
-3.43475341796875,1.5883
-3.1536865234375,1.58835
-3.44329833984375,1.5884
-3.43170166015625,1.58845
-3.28826904296875,1.5885
-3.40667724609375,1.58855
-3.1536865234375,1.5886
-3.43048095703125,1.58865
-3.353271484375,1.5887
-3.1536865234375,1.5887499999999999
-3.17596435546875,1.5888
-3.0059814453125,1.5888499999999999
-3.1170654296875,1.5889
-3.20892333984375,1.58895
-3.17779541015625,1.589
-2.950439453125,1.58905
-2.735595703125,1.5891
-3.0767822265625,1.58915
-2.93975830078125,1.5892
-3.1280517578125,1.58925
-3.29071044921875,1.5893
-3.07037353515625,1.58935
-3.11767578125,1.5894
-3.2366943359375,1.58945
-3.09478759765625,1.5895
-3.060302734375,1.58955
-3.16558837890625,1.5896
-3.16253662109375,1.58965
-3.10699462890625,1.5897
-3.08197021484375,1.58975
-3.236083984375,1.5897999999999999
-2.95928955078125,1.58985
-3.00567626953125,1.5899
-2.8607177734375,1.58995
-2.9803466796875,1.59
-2.86712646484375,1.59005
-2.8948974609375,1.5901
-2.9644775390625,1.59015
-3.05694580078125,1.5902
-3.01422119140625,1.59025
-3.2830810546875,1.5903
-3.23150634765625,1.59035
-3.20526123046875,1.5904
-2.99041748046875,1.59045
-3.07220458984375,1.5905
-2.9266357421875,1.59055
-2.91290283203125,1.5906
-3.212890625,1.59065
-3.35601806640625,1.5907
-3.1072998046875,1.5907499999999999
-3.289794921875,1.5908
-3.16009521484375,1.5908499999999999
-3.04412841796875,1.5909
-3.4161376953125,1.59095
-3.41064453125,1.591
-3.43231201171875,1.59105
-3.2366943359375,1.5911
-3.5211181640625,1.59115
-3.32977294921875,1.5912
-3.4588623046875,1.59125
-3.21044921875,1.5913
-3.6248779296875,1.59135
-3.14056396484375,1.5914
-3.20587158203125,1.59145
-3.37860107421875,1.5915
-3.4136962890625,1.59155
-3.07708740234375,1.5916
-3.282470703125,1.59165
-3.13507080078125,1.5917
-3.17138671875,1.59175
-3.3770751953125,1.5917999999999999
-3.35205078125,1.59185
-3.13934326171875,1.5919
-3.0633544921875,1.59195
-3.056640625,1.592
-3.01544189453125,1.59205
-3.2440185546875,1.5921
-3.04901123046875,1.59215
-2.939453125,1.5922
-2.80975341796875,1.59225
-3.41339111328125,1.5923
-3.0914306640625,1.59235
-3.0120849609375,1.5924
-3.07830810546875,1.59245
-3.26690673828125,1.5925
-3.0340576171875,1.59255
-2.861328125,1.5926
-3.04779052734375,1.59265
-2.906494140625,1.5927
-3.20770263671875,1.5927499999999999
-2.8826904296875,1.5928
-3.0255126953125,1.5928499999999999
-2.8717041015625,1.5929
-3.1683349609375,1.59295
-3.0712890625,1.593
-3.05755615234375,1.59305
-2.928466796875,1.5931
-3.18511962890625,1.59315
-3.0352783203125,1.5932
-3.12042236328125,1.59325
-3.12652587890625,1.5933
-2.9071044921875,1.59335
-2.94464111328125,1.5934
-2.93304443359375,1.59345
-3.26751708984375,1.5935
-2.94158935546875,1.59355
-2.80120849609375,1.5936
-3.08074951171875,1.59365
-3.2781982421875,1.5937
-3.01910400390625,1.59375
-3.4600830078125,1.5937999999999999
-3.4698486328125,1.59385
-3.31024169921875,1.5938999999999999
-3.226318359375,1.59395
-3.45367431640625,1.594
-3.201904296875,1.59405
-3.5345458984375,1.5941
-3.6444091796875,1.59415
-3.61328125,1.5942
-3.3709716796875,1.59425
-3.32733154296875,1.5943
-3.394775390625,1.59435
-3.49853515625,1.5944
-3.29437255859375,1.59445
-3.365478515625,1.5945
-3.21746826171875,1.59455
-3.114013671875,1.5946
-3.4539794921875,1.59465
-3.58734130859375,1.5947
-3.19427490234375,1.59475
-3.42132568359375,1.5948
-3.4112548828125,1.5948499999999999
-3.35662841796875,1.5949
-3.46343994140625,1.59495
-3.48846435546875,1.595
-3.3599853515625,1.59505
-3.07952880859375,1.5951
-3.4820556640625,1.59515
-3.52783203125,1.5952
-3.21929931640625,1.59525
-3.37493896484375,1.5953
-3.3831787109375,1.59535
-3.06365966796875,1.5954
-3.1298828125,1.59545
-3.24554443359375,1.5955
-3.23516845703125,1.59555
-3.16253662109375,1.5956
-3.3465576171875,1.59565
-3.0877685546875,1.5957
-2.95379638671875,1.59575
-3.07861328125,1.5957999999999999
-2.83599853515625,1.59585
-2.9248046875,1.5958999999999999
-2.22198486328125,1.59595
-2.4908447265625,1.596
-2.42828369140625,1.59605
-2.64617919921875,1.5961
-2.62237548828125,1.59615
-2.51495361328125,1.5962
-2.59063720703125,1.59625
-2.83966064453125,1.5963
-3.04168701171875,1.59635
-3.045654296875,1.5964
-3.02734375,1.59645
-3.153076171875,1.5965
-2.9425048828125,1.59655
-3.15338134765625,1.5966
-3.53118896484375,1.59665
-3.19793701171875,1.5967
-3.05206298828125,1.59675
-3.31634521484375,1.5968
-3.37615966796875,1.5968499999999999
-3.018798828125,1.5969
-3.1884765625,1.59695
-3.30322265625,1.597
-3.260498046875,1.59705
-3.05511474609375,1.5971
-3.35479736328125,1.59715
-3.0584716796875,1.5972
-3.26873779296875,1.59725
-3.24249267578125,1.5973
-3.184814453125,1.59735
-2.684326171875,1.5974
-2.6611328125,1.59745
-2.8759765625,1.5975
-3.0096435546875,1.59755
-2.4664306640625,1.5976
-2.56134033203125,1.59765
-2.7337646484375,1.5977
-2.62359619140625,1.59775
-2.72857666015625,1.5977999999999999
-2.63275146484375,1.59785
-2.64434814453125,1.5978999999999999
-2.51861572265625,1.59795
-2.635498046875,1.598
-2.6324462890625,1.59805
-2.59185791015625,1.5981
-2.6409912109375,1.59815
-2.70416259765625,1.5982
-2.3834228515625,1.59825
-2.724609375,1.5983
-2.70355224609375,1.59835
-2.7593994140625,1.5984
-2.60955810546875,1.59845
-2.684326171875,1.5985
-2.484130859375,1.59855
-2.49267578125,1.5986
-2.85858154296875,1.59865
-2.7728271484375,1.5987
-2.6446533203125,1.59875
-2.54608154296875,1.5988
-2.554931640625,1.5988499999999999
-2.6934814453125,1.5989
-2.8350830078125,1.59895
-2.48443603515625,1.599
-2.77496337890625,1.59905
-2.6641845703125,1.5991
-2.7313232421875,1.59915
-2.94158935546875,1.5992
-2.8570556640625,1.59925
-2.535400390625,1.5993
-2.72796630859375,1.59935
-2.5152587890625,1.5994
-2.58270263671875,1.59945
-3.00689697265625,1.5995
-2.532958984375,1.59955
-2.40875244140625,1.5996
-2.75848388671875,1.59965
-2.68707275390625,1.5997
-2.71636962890625,1.59975
-3.03924560546875,1.5997999999999999
-2.87200927734375,1.59985
-3.00262451171875,1.5998999999999999
-2.66998291015625,1.59995
-3.04931640625,1.6
-2.764892578125,1.6000500000000002
-3.13568115234375,1.6001
-3.17962646484375,1.6001500000000002
-3.44207763671875,1.6002
-3.06488037109375,1.6002500000000002
-3.33953857421875,1.6003
-3.36944580078125,1.6003500000000002
-3.3050537109375,1.6004
-3.18634033203125,1.6004500000000002
-3.06182861328125,1.6005
-2.99652099609375,1.6005500000000001
-3.32244873046875,1.6006
-3.20526123046875,1.6006500000000001
-3.11370849609375,1.6007
-3.33740234375,1.6007500000000001
-3.0755615234375,1.6008
-3.48480224609375,1.60085
-3.187255859375,1.6009
-3.16986083984375,1.60095
-3.2623291015625,1.601
-3.28582763671875,1.60105
-2.83843994140625,1.6011000000000002
-3.51348876953125,1.60115
-3.114013671875,1.6012000000000002
-3.16162109375,1.60125
-3.028564453125,1.6013000000000002
-3.0389404296875,1.60135
-2.84454345703125,1.6014000000000002
-2.806396484375,1.60145
-3.03192138671875,1.6015000000000001
-2.984619140625,1.60155
-2.9718017578125,1.6016000000000001
-2.8643798828125,1.60165
-2.945556640625,1.6017000000000001
-3.00506591796875,1.60175
-3.27728271484375,1.6018000000000001
-3.21990966796875,1.60185
-3.07647705078125,1.6019
-2.7264404296875,1.60195
-3.09417724609375,1.602
-3.1219482421875,1.6020500000000002
-2.97607421875,1.6021
-3.03131103515625,1.6021500000000002
-2.9071044921875,1.6022
-3.0633544921875,1.6022500000000002
-2.8155517578125,1.6023
-3.03070068359375,1.6023500000000002
-3.05419921875,1.6024
-2.9150390625,1.6024500000000002
-2.96417236328125,1.6025
-3.00506591796875,1.6025500000000001
-2.88604736328125,1.6026
-3.42071533203125,1.6026500000000001
-3.17230224609375,1.6027
-2.960205078125,1.6027500000000001
-3.09173583984375,1.6028
-2.85125732421875,1.60285
-3.21197509765625,1.6029
-3.23394775390625,1.60295
-3.36181640625,1.603
-3.14910888671875,1.60305
-2.76336669921875,1.6031000000000002
-3.392333984375,1.60315
-3.14910888671875,1.6032000000000002
-3.13812255859375,1.60325
-2.9296875,1.6033000000000002
-3.006591796875,1.60335
-2.95623779296875,1.6034000000000002
-3.19305419921875,1.60345
-3.06243896484375,1.6035000000000001
-2.926025390625,1.60355
-2.96661376953125,1.6036000000000001
-3.0108642578125,1.60365
-2.9925537109375,1.6037000000000001
-3.17291259765625,1.60375
-2.95684814453125,1.6038000000000001
-2.9376220703125,1.60385
-2.92144775390625,1.6039
-2.4505615234375,1.60395
-2.86865234375,1.604
-2.75115966796875,1.6040500000000002
-2.73284912109375,1.6041
-2.8350830078125,1.6041500000000002
-2.99468994140625,1.6042
-2.598876953125,1.6042500000000002
-3.06488037109375,1.6043
-3.12774658203125,1.6043500000000002
-3.07525634765625,1.6044
-2.9241943359375,1.6044500000000002
-3.13323974609375,1.6045
-3.05999755859375,1.6045500000000001
-2.97393798828125,1.6046
-3.44451904296875,1.6046500000000001
-3.28826904296875,1.6047
-3.04931640625,1.6047500000000001
-2.7362060546875,1.6048
-3.1597900390625,1.60485
-3.1060791015625,1.6049
-2.93182373046875,1.60495
-2.919921875,1.605
-3.1201171875,1.60505
-3.109130859375,1.6051000000000002
-3.24249267578125,1.60515
-3.10211181640625,1.6052000000000002
-3.2183837890625,1.60525
-3.17626953125,1.6053000000000002
-3.11859130859375,1.60535
-3.21258544921875,1.6054000000000002
-2.9803466796875,1.60545
-3.20037841796875,1.6055000000000001
-3.18267822265625,1.60555
-2.933349609375,1.6056000000000001
-3.0474853515625,1.60565
-3.02703857421875,1.6057000000000001
-3.01025390625,1.60575
-3.170166015625,1.6058000000000001
-3.2720947265625,1.60585
-3.00872802734375,1.6059
-2.9119873046875,1.60595
-3.14300537109375,1.606
-3.11187744140625,1.6060500000000002
-3.255615234375,1.6061
-3.262939453125,1.6061500000000002
-3.096923828125,1.6062
-3.14178466796875,1.6062500000000002
-3.277587890625,1.6063
-3.11126708984375,1.6063500000000002
-3.19915771484375,1.6064
-3.035888671875,1.6064500000000002
-2.94342041015625,1.6065
-3.1341552734375,1.6065500000000001
-3.046875,1.6066
-3.13232421875,1.6066500000000001
-2.86651611328125,1.6067
-3.0450439453125,1.6067500000000001
-2.80914306640625,1.6068
-2.91778564453125,1.6068500000000001
-2.8802490234375,1.6069
-2.8155517578125,1.60695
-2.7886962890625,1.607
-2.96875,1.60705
-2.86285400390625,1.6071000000000002
-3.153076171875,1.60715
-3.1005859375,1.6072000000000002
-3.13690185546875,1.60725
-2.68463134765625,1.6073000000000002
-2.99957275390625,1.60735
-2.76519775390625,1.6074000000000002
-2.73773193359375,1.60745
-2.99560546875,1.6075000000000002
-3.056640625,1.60755
-2.6947021484375,1.6076000000000001
-2.95379638671875,1.60765
-2.8656005859375,1.6077000000000001
-2.899169921875,1.60775
-3.04962158203125,1.6078000000000001
-3.02886962890625,1.60785
-2.899169921875,1.6079
-2.90283203125,1.60795
-3.14483642578125,1.608
-3.03192138671875,1.60805
-2.8485107421875,1.6081
-2.72491455078125,1.6081500000000002
-3.07708740234375,1.6082
-2.77099609375,1.6082500000000002
-2.911376953125,1.6083
-2.8643798828125,1.6083500000000002
-2.9052734375,1.6084
-2.71240234375,1.6084500000000002
-2.6922607421875,1.6085
-2.904052734375,1.6085500000000001
-2.7294921875,1.6086
-2.9766845703125,1.6086500000000001
-2.98828125,1.6087
-2.7459716796875,1.6087500000000001
-2.89642333984375,1.6088
-3.01177978515625,1.6088500000000001
-2.91168212890625,1.6089
-2.9779052734375,1.60895
-3.0731201171875,1.609
-2.82318115234375,1.60905
-2.811279296875,1.6091000000000002
-3.1622314453125,1.60915
-3.01116943359375,1.6092000000000002
-3.00140380859375,1.60925
-2.69683837890625,1.6093000000000002
-2.84149169921875,1.60935
-2.83172607421875,1.6094000000000002
-2.84332275390625,1.60945
-2.93426513671875,1.6095000000000002
-2.845458984375,1.60955
-3.01971435546875,1.6096000000000001
-2.78778076171875,1.60965
-3.1591796875,1.6097000000000001
-2.950439453125,1.60975
-2.95989990234375,1.6098000000000001
-2.94769287109375,1.60985
-2.80731201171875,1.6099
-2.64007568359375,1.60995
-2.923583984375,1.61
-2.66448974609375,1.61005
-2.65472412109375,1.6101
-2.9290771484375,1.6101500000000002
-2.611083984375,1.6102
-2.5555419921875,1.6102500000000002
-2.89276123046875,1.6103
-3.1121826171875,1.6103500000000002
-2.9541015625,1.6104
-2.63763427734375,1.6104500000000002
-2.95196533203125,1.6105
-2.76153564453125,1.6105500000000001
-2.85858154296875,1.6106
-3.03070068359375,1.6106500000000001
-2.84759521484375,1.6107
-2.52288818359375,1.6107500000000001
-2.633056640625,1.6108
-2.86346435546875,1.6108500000000001
-2.83843994140625,1.6109
-2.8076171875,1.61095
-2.87872314453125,1.611
-2.816162109375,1.61105
-2.8033447265625,1.6111000000000002
-2.8729248046875,1.61115
-2.7874755859375,1.6112000000000002
-3.0780029296875,1.61125
-2.64739990234375,1.6113000000000002
-2.965087890625,1.61135
-2.62939453125,1.6114000000000002
-2.6934814453125,1.61145
-2.84088134765625,1.6115000000000002
-3.1005859375,1.61155
-2.54730224609375,1.6116000000000001
-2.918701171875,1.61165
-3.038330078125,1.6117000000000001
-2.87109375,1.61175
-2.833251953125,1.6118000000000001
-3.02703857421875,1.61185
-2.6312255859375,1.6119
-2.5921630859375,1.61195
-2.9595947265625,1.612
-2.9437255859375,1.61205
-2.8778076171875,1.6121
-2.7716064453125,1.6121500000000002
-2.81341552734375,1.6122
-2.93670654296875,1.6122500000000002
-2.869873046875,1.6123
-2.88665771484375,1.6123500000000002
-2.75146484375,1.6124
-2.88970947265625,1.6124500000000002
-3.19244384765625,1.6125
-2.9193115234375,1.6125500000000001
-2.96905517578125,1.6126
-3.1610107421875,1.6126500000000001
-3.0059814453125,1.6127
-2.95928955078125,1.6127500000000001
-2.728271484375,1.6128
-3.0743408203125,1.6128500000000001
-2.860107421875,1.6129
-2.91168212890625,1.61295
-3.00323486328125,1.613
-2.9656982421875,1.61305
-2.7630615234375,1.6131000000000002
-3.3355712890625,1.61315
-3.2427978515625,1.6132000000000002
-2.96966552734375,1.61325
-2.92327880859375,1.6133000000000002
-3.2110595703125,1.61335
-2.8631591796875,1.6134000000000002
-3.42132568359375,1.61345
-3.45703125,1.6135000000000002
-3.26690673828125,1.61355
-2.94525146484375,1.6136000000000001
-3.03802490234375,1.61365
-3.12896728515625,1.6137000000000001
-3.08563232421875,1.61375
-3.03253173828125,1.6138000000000001
-3.1195068359375,1.61385
-2.91290283203125,1.6139000000000001
-3.0621337890625,1.61395
-3.26629638671875,1.614
-3.1146240234375,1.61405
-3.10028076171875,1.6141
-3.3343505859375,1.6141500000000002
-3.2965087890625,1.6142
-2.9949951171875,1.6142500000000002
-3.038330078125,1.6143
-3.1646728515625,1.6143500000000002
-3.228759765625,1.6144
-2.7593994140625,1.6144500000000002
-3.1365966796875,1.6145
-2.90069580078125,1.6145500000000002
-2.94586181640625,1.6146
-3.0364990234375,1.6146500000000001
-3.03497314453125,1.6147
-2.5238037109375,1.6147500000000001
-2.7239990234375,1.6148
-3.03314208984375,1.6148500000000001
-3.043212890625,1.6149
-2.86163330078125,1.61495
-3.17962646484375,1.615
-2.9046630859375,1.61505
-3.17047119140625,1.6151
-3.35540771484375,1.61515
-3.15093994140625,1.6152000000000002
-3.1060791015625,1.61525
-2.93243408203125,1.6153000000000002
-3.22662353515625,1.61535
-3.03192138671875,1.6154000000000002
-3.05419921875,1.61545
-3.1646728515625,1.6155000000000002
-2.9254150390625,1.61555
-3.0194091796875,1.6156000000000001
-3.1427001953125,1.61565
-2.91656494140625,1.6157000000000001
-3.08380126953125,1.61575
-3.1591796875,1.6158000000000001
-3.27484130859375,1.61585
-3.17779541015625,1.6159000000000001
-3.27301025390625,1.61595
-3.35052490234375,1.616
-3.40728759765625,1.61605
-3.16925048828125,1.6161
-3.0450439453125,1.6161500000000002
-3.06793212890625,1.6162
-2.9754638671875,1.6162500000000002
-3.2659912109375,1.6163
-3.1304931640625,1.6163500000000002
-2.9132080078125,1.6164
-2.90130615234375,1.6164500000000002
-3.07830810546875,1.6165
-2.78778076171875,1.6165500000000002
-3.01116943359375,1.6166
-3.18572998046875,1.6166500000000001
-3.04107666015625,1.6167
-2.85247802734375,1.6167500000000001
-2.98583984375,1.6168
-3.13720703125,1.6168500000000001
-2.90985107421875,1.6169
-2.982177734375,1.61695
-3.1512451171875,1.617
-3.0267333984375,1.61705
-3.17657470703125,1.6171
-3.0364990234375,1.61715
-3.1231689453125,1.6172000000000002
-3.15765380859375,1.61725
-3.15032958984375,1.6173000000000002
-3.1768798828125,1.61735
-2.9632568359375,1.6174000000000002
-3.20892333984375,1.61745
-3.23577880859375,1.6175000000000002
-3.03863525390625,1.61755
-3.00750732421875,1.6176000000000001
-3.29376220703125,1.61765
-3.19061279296875,1.6177000000000001
-3.20068359375,1.61775
-3.12713623046875,1.6178000000000001
-3.2354736328125,1.61785
-2.794189453125,1.6179000000000001
-2.938232421875,1.61795
-3.07464599609375,1.618
-3.06060791015625,1.61805
-2.72369384765625,1.6181
-2.8753662109375,1.61815
-2.9302978515625,1.6182
-2.71575927734375,1.6182500000000002
-2.919921875,1.6183
-2.89337158203125,1.6183500000000002
-2.79510498046875,1.6184
-3.03802490234375,1.6184500000000002
-3.0316162109375,1.6185
-2.87445068359375,1.6185500000000002
-3.04229736328125,1.6186
-3.177490234375,1.6186500000000001
-3.06365966796875,1.6187
-2.95684814453125,1.6187500000000001
-3.01483154296875,1.6188
-2.87139892578125,1.6188500000000001
-2.85888671875,1.6189
-2.85003662109375,1.6189500000000001
-2.994384765625,1.619
-2.77801513671875,1.61905
-2.830810546875,1.6191
-2.91229248046875,1.61915
-2.9339599609375,1.6192000000000002
-2.763671875,1.61925
-2.5970458984375,1.6193000000000002
-2.93701171875,1.61935
-2.85552978515625,1.6194000000000002
-3.0865478515625,1.61945
-3.30596923828125,1.6195000000000002
-3.21807861328125,1.61955
-3.01910400390625,1.6196000000000002
-3.30078125,1.61965
-3.2940673828125,1.6197000000000001
-3.22540283203125,1.61975
-3.56201171875,1.6198000000000001
-3.48541259765625,1.61985
-3.1805419921875,1.6199000000000001
-3.56658935546875,1.61995
-3.53607177734375,1.62
-3.48663330078125,1.62005
-3.42010498046875,1.6201
-3.66485595703125,1.6201500000000002
-3.5540771484375,1.6202
-3.49761962890625,1.6202500000000002
-3.78997802734375,1.6203
-4.0228271484375,1.6203500000000002
-3.90380859375,1.6204
-3.739013671875,1.6204500000000002
-4.073486328125,1.6205
-3.670654296875,1.6205500000000002
-3.7969970703125,1.6206
-3.83575439453125,1.6206500000000001
-3.41766357421875,1.6207
-3.27972412109375,1.6207500000000001
-3.47198486328125,1.6208
-3.3734130859375,1.6208500000000001
-3.60015869140625,1.6209
-3.31756591796875,1.6209500000000001
-3.11004638671875,1.621
-3.06182861328125,1.62105
-3.0084228515625,1.6211
-3.1231689453125,1.62115
-3.17901611328125,1.6212000000000002
-2.83050537109375,1.62125
-3.01116943359375,1.6213000000000002
-2.9254150390625,1.62135
-2.6629638671875,1.6214000000000002
-2.83935546875,1.62145
-2.71728515625,1.6215000000000002
-2.52716064453125,1.62155
-2.696533203125,1.6216000000000002
-2.431640625,1.62165
-2.4456787109375,1.6217000000000001
-2.8314208984375,1.62175
-2.85980224609375,1.6218000000000001
-2.8753662109375,1.62185
-2.6495361328125,1.6219000000000001
-2.95623779296875,1.62195
-3.11798095703125,1.622
-3.1304931640625,1.62205
-2.87811279296875,1.6221
-3.187255859375,1.62215
-2.801513671875,1.6222
-2.9046630859375,1.6222500000000002
-3.22479248046875,1.6223
-3.15887451171875,1.6223500000000002
-3.016357421875,1.6224
-3.34014892578125,1.6224500000000002
-2.83233642578125,1.6225
-3.16650390625,1.6225500000000002
-3.2183837890625,1.6226
-3.3270263671875,1.6226500000000001
-3.25958251953125,1.6227
-2.98065185546875,1.6227500000000001
-3.18695068359375,1.6228
-3.20526123046875,1.6228500000000001
-3.02581787109375,1.6229
-3.160400390625,1.6229500000000001
-3.28216552734375,1.623
-2.93701171875,1.62305
-2.9827880859375,1.6231
-3.04931640625,1.62315
-3.0877685546875,1.6232000000000002
-3.02703857421875,1.62325
-3.11981201171875,1.6233000000000002
-2.978515625,1.62335
-3.26812744140625,1.6234000000000002
-3.42620849609375,1.62345
-3.18878173828125,1.6235000000000002
-2.94830322265625,1.62355
-2.73193359375,1.6236000000000002
-3.12957763671875,1.62365
-2.84912109375,1.6237000000000001
-2.97943115234375,1.62375
-2.94830322265625,1.6238000000000001
-2.965087890625,1.62385
-2.9095458984375,1.6239000000000001
-3.10302734375,1.62395
-3.05908203125,1.624
-3.2952880859375,1.62405
-3.250732421875,1.6241
-3.38165283203125,1.62415
-3.26080322265625,1.6242
-3.52935791015625,1.6242500000000002
-3.40179443359375,1.6243
-3.56536865234375,1.6243500000000002
-3.43597412109375,1.6244
-3.4619140625,1.6244500000000002
-3.389892578125,1.6245
-3.26202392578125,1.6245500000000002
-3.5491943359375,1.6246
-3.4710693359375,1.6246500000000001
-3.0511474609375,1.6247
-3.32244873046875,1.6247500000000001
-3.6065673828125,1.6248
-3.1890869140625,1.6248500000000001
-3.62335205078125,1.6249
-3.5675048828125,1.6249500000000001
-3.56475830078125,1.625
-3.37860107421875,1.62505
-3.47381591796875,1.6251
-3.51348876953125,1.62515
-3.49609375,1.6252
-3.12225341796875,1.62525
-3.7030029296875,1.6253
-3.35418701171875,1.62535
-3.47015380859375,1.6254
-3.69720458984375,1.62545
-3.4527587890625,1.6255
-3.38348388671875,1.62555
-3.3099365234375,1.6256
-2.9327392578125,1.62565
-3.40118408203125,1.6257
-3.0462646484375,1.62575
-3.323974609375,1.6258000000000001
-3.35693359375,1.62585
-3.1268310546875,1.6259000000000001
-3.0224609375,1.62595
-3.154296875,1.6260000000000001
-3.35296630859375,1.62605
-3.3203125,1.6261
-3.3880615234375,1.62615
-3.12408447265625,1.6262
-3.3807373046875,1.62625
-3.65020751953125,1.6263
-3.39935302734375,1.62635
-3.26690673828125,1.6264
-3.497314453125,1.62645
-3.10699462890625,1.6265
-3.65509033203125,1.62655
-3.64990234375,1.6266
-3.40240478515625,1.62665
-3.3538818359375,1.6267
-3.58306884765625,1.62675
-3.41552734375,1.6268
-3.61297607421875,1.6268500000000001
-3.69293212890625,1.6269
-3.53668212890625,1.6269500000000001
-3.32550048828125,1.627
-3.23486328125,1.62705
-3.5296630859375,1.6271
-3.23211669921875,1.62715
-3.3782958984375,1.6272
-3.4747314453125,1.62725
-3.45458984375,1.6273
-3.1170654296875,1.62735
-3.35601806640625,1.6274
-3.2989501953125,1.62745
-3.41796875,1.6275
-3.2122802734375,1.62755
-3.39447021484375,1.6276
-3.2305908203125,1.62765
-3.3026123046875,1.6277
-3.5980224609375,1.62775
-3.37127685546875,1.6278000000000001
-3.18603515625,1.62785
-3.29925537109375,1.6279000000000001
-3.46435546875,1.62795
-3.15887451171875,1.6280000000000001
-3.42315673828125,1.62805
-3.44512939453125,1.6281
-3.17626953125,1.62815
-3.20068359375,1.6282
-3.4222412109375,1.62825
-3.15643310546875,1.6283
-3.3343505859375,1.62835
-3.08319091796875,1.6284
-3.13629150390625,1.62845
-2.83966064453125,1.6285
-3.11126708984375,1.62855
-3.0999755859375,1.6286
-3.2098388671875,1.62865
-3.05267333984375,1.6287
-3.20831298828125,1.62875
-2.9278564453125,1.6288
-3.18603515625,1.6288500000000001
-3.0517578125,1.6289
-3.2244873046875,1.6289500000000001
-2.8143310546875,1.629
-2.6751708984375,1.62905
-2.82806396484375,1.6291
-3.135986328125,1.62915
-2.94219970703125,1.6292
-2.8717041015625,1.62925
-3.0657958984375,1.6293
-2.80975341796875,1.62935
-2.94891357421875,1.6294
-3.0999755859375,1.62945
-3.09539794921875,1.6295
-2.87506103515625,1.62955
-2.81280517578125,1.6296
-2.68524169921875,1.62965
-3.04168701171875,1.6297
-2.978515625,1.62975
-2.9083251953125,1.6298
-2.628173828125,1.62985
-2.94464111328125,1.6299000000000001
-2.80975341796875,1.62995
-2.81494140625,1.6300000000000001
-2.93731689453125,1.63005
-2.852783203125,1.6301
-2.71392822265625,1.63015
-3.0096435546875,1.6302
-2.84088134765625,1.63025
-2.63275146484375,1.6303
-2.95196533203125,1.63035
-2.98004150390625,1.6304
-2.91351318359375,1.63045
-2.4615478515625,1.6305
-2.879638671875,1.63055
-3.048095703125,1.6306
-2.799072265625,1.63065
-2.7777099609375,1.6307
-2.945556640625,1.63075
-2.85736083984375,1.6308
-2.9937744140625,1.6308500000000001
-2.9144287109375,1.6309
-2.93975830078125,1.6309500000000001
-2.91839599609375,1.631
-2.7032470703125,1.63105
-2.99407958984375,1.6311
-2.579345703125,1.63115
-2.97607421875,1.6312
-2.8985595703125,1.63125
-2.72308349609375,1.6313
-2.7532958984375,1.63135
-2.99774169921875,1.6314
-3.065185546875,1.63145
-2.8839111328125,1.6315
-3.02032470703125,1.63155
-2.96905517578125,1.6316
-2.8326416015625,1.63165
-3.16070556640625,1.6317
-3.01483154296875,1.63175
-3.07525634765625,1.6318000000000001
-2.8509521484375,1.63185
-2.843017578125,1.6319000000000001
-3.095703125,1.63195
-3.22113037109375,1.6320000000000001
-2.99652099609375,1.63205
-3.09356689453125,1.6321
-2.9498291015625,1.63215
-2.86468505859375,1.6322
-3.29010009765625,1.63225
-3.22967529296875,1.6323
-2.96844482421875,1.63235
-2.94158935546875,1.6324
-3.13140869140625,1.63245
-2.764892578125,1.6325
-3.0487060546875,1.63255
-3.0731201171875,1.6326
-2.7911376953125,1.63265
-2.864990234375,1.6327
-3.0255126953125,1.63275
-2.90130615234375,1.6328
-3.23089599609375,1.6328500000000001
-3.013916015625,1.6329
-3.128662109375,1.6329500000000001
-2.59033203125,1.633
-3.0401611328125,1.6330500000000001
-2.7783203125,1.6331
-2.88726806640625,1.63315
-2.999267578125,1.6332
-3.13690185546875,1.63325
-2.783203125,1.6333
-2.66326904296875,1.63335
-3.0078125,1.6334
-2.89520263671875,1.63345
-2.8936767578125,1.6335
-2.71484375,1.63355
-2.7593994140625,1.6336
-2.75177001953125,1.63365
-2.77923583984375,1.6337
-2.76031494140625,1.63375
-2.87445068359375,1.6338
-2.830810546875,1.63385
-2.97332763671875,1.6339000000000001
-2.73590087890625,1.63395
-2.779541015625,1.6340000000000001
-2.86224365234375,1.63405
-2.9388427734375,1.6341
-2.52227783203125,1.63415
-2.8936767578125,1.6342
-2.9925537109375,1.63425
-2.8460693359375,1.6343
-2.89703369140625,1.63435
-2.92510986328125,1.6344
-2.8369140625,1.63445
-2.6885986328125,1.6345
-2.81768798828125,1.63455
-2.8826904296875,1.6346
-2.79510498046875,1.63465
-2.7783203125,1.6347
-2.81829833984375,1.63475
-2.747802734375,1.6348
-3.1939697265625,1.6348500000000001
-3.05267333984375,1.6349
-2.9107666015625,1.6349500000000001
-2.70751953125,1.635
-2.799072265625,1.6350500000000001
-3.056640625,1.6351
-3.0792236328125,1.63515
-2.8643798828125,1.6352
-2.8314208984375,1.63525
-3.02337646484375,1.6353
-2.799072265625,1.63535
-3.21807861328125,1.6354
-3.03314208984375,1.63545
-2.784423828125,1.6355
-3.18206787109375,1.63555
-3.06640625,1.6356
-2.84027099609375,1.63565
-3.4814453125,1.6357
-3.04901123046875,1.63575
-3.0145263671875,1.6358
-3.09600830078125,1.63585
-3.20587158203125,1.6359000000000001
-3.118896484375,1.63595
-3.4344482421875,1.6360000000000001
-3.35906982421875,1.63605
-3.3831787109375,1.6361
-2.96630859375,1.63615
-3.23089599609375,1.6362
-3.148193359375,1.63625
-3.09600830078125,1.6363
-3.15704345703125,1.63635
-3.2037353515625,1.6364
-2.95928955078125,1.63645
-3.1475830078125,1.6365
-3.245849609375,1.63655
-3.24310302734375,1.6366
-2.99072265625,1.63665
-3.148193359375,1.6367
-3.1536865234375,1.63675
-3.17657470703125,1.6368
-3.15948486328125,1.63685
-3.0206298828125,1.6369
-3.2855224609375,1.6369500000000001
-2.70477294921875,1.637
-2.98126220703125,1.6370500000000001
-3.03985595703125,1.6371
-2.53082275390625,1.63715
-2.70599365234375,1.6372
-3.0615234375,1.63725
-2.591552734375,1.6373
-3.10638427734375,1.63735
-3.16253662109375,1.6374
-3.07373046875,1.63745
-3.0047607421875,1.6375
-3.238525390625,1.63755
-3.0401611328125,1.6376
-3.0877685546875,1.63765
-2.94464111328125,1.6377
-3.1805419921875,1.63775
-3.0084228515625,1.6378
-2.64251708984375,1.63785
-2.95928955078125,1.6379000000000001
-2.7764892578125,1.63795
-3.12042236328125,1.6380000000000001
-3.170166015625,1.63805
-2.91656494140625,1.6381000000000001
-2.9229736328125,1.63815
-3.1982421875,1.6382
-3.1683349609375,1.63825
-3.21807861328125,1.6383
-3.12896728515625,1.63835
-2.777099609375,1.6384
-3.01544189453125,1.63845
-2.984619140625,1.6385
-3.4466552734375,1.63855
-3.0718994140625,1.6386
-2.77069091796875,1.63865
-2.9046630859375,1.6387
-3.07342529296875,1.63875
-2.80426025390625,1.6388
-3.16375732421875,1.63885
-3.27117919921875,1.6389
-3.1298828125,1.6389500000000001
-3.0377197265625,1.639
-3.29254150390625,1.6390500000000001
-2.9473876953125,1.6391
-3.2470703125,1.63915
-3.34320068359375,1.6392
-3.32794189453125,1.63925
-3.14361572265625,1.6393
-3.24066162109375,1.63935
-3.3203125,1.6394
-3.406982421875,1.63945
-3.12744140625,1.6395
-3.4027099609375,1.63955
-2.98614501953125,1.6396
-3.29925537109375,1.63965
-3.23486328125,1.6397
-3.24188232421875,1.63975
-3.01727294921875,1.6398
-3.02459716796875,1.63985
-3.07464599609375,1.6399000000000001
-3.05816650390625,1.63995
-2.9571533203125,1.6400000000000001
-3.17291259765625,1.64005
-3.001708984375,1.6401000000000001
-2.71636962890625,1.64015
-3.14056396484375,1.6402
-3.14422607421875,1.64025
-2.8570556640625,1.6403
-2.63916015625,1.64035
-3.08319091796875,1.6404
-2.67608642578125,1.64045
-3.0059814453125,1.6405
-3.26141357421875,1.64055
-3.131103515625,1.6406
-2.89886474609375,1.64065
-3.0615234375,1.6407
-2.95806884765625,1.64075
-2.91229248046875,1.6408
-2.91473388671875,1.64085
-2.9058837890625,1.6409
-2.97943115234375,1.6409500000000001
-2.8179931640625,1.641
-2.95135498046875,1.6410500000000001
-2.85614013671875,1.6411
-3.0133056640625,1.64115
-3.07708740234375,1.6412
-2.9852294921875,1.64125
-2.8802490234375,1.6413
-3.30474853515625,1.64135
-3.3233642578125,1.6414
-3.1707763671875,1.64145
-3.10150146484375,1.6415
-3.0657958984375,1.64155
-3.18115234375,1.6416
-3.05694580078125,1.64165
-3.271484375,1.6417
-3.2757568359375,1.64175
-3.070068359375,1.6418
-3.00933837890625,1.64185
-3.1219482421875,1.6419000000000001
-2.950439453125,1.64195
-3.275146484375,1.6420000000000001
-3.54583740234375,1.64205
-3.30047607421875,1.6421000000000001
-3.1866455078125,1.64215
-3.4478759765625,1.6422
-3.2403564453125,1.64225
-3.4130859375,1.6423
-3.587646484375,1.64235
-3.29132080078125,1.6424
-2.97698974609375,1.64245
-3.35845947265625,1.6425
-3.49578857421875,1.64255
-3.28460693359375,1.6426
-3.27301025390625,1.64265
-3.382568359375,1.6427
-3.0767822265625,1.64275
-3.0926513671875,1.6428
-3.06549072265625,1.64285
-3.19915771484375,1.6429
-2.91412353515625,1.6429500000000001
-2.85797119140625,1.643
-3.07708740234375,1.6430500000000001
-2.8570556640625,1.6431
-2.9559326171875,1.64315
-2.81585693359375,1.6432
-2.81524658203125,1.64325
-2.54791259765625,1.6433
-2.79754638671875,1.64335
-2.94952392578125,1.6434
-2.87384033203125,1.64345
-2.825927734375,1.6435
-2.97332763671875,1.64355
-2.55035400390625,1.6436
-2.66204833984375,1.64365
-3.01239013671875,1.6437
-2.89215087890625,1.64375
-2.50213623046875,1.6438
-2.7691650390625,1.64385
-2.828369140625,1.6439
-3.0078125,1.64395
-2.97515869140625,1.6440000000000001
-3.07403564453125,1.64405
-2.59307861328125,1.6441000000000001
-2.78228759765625,1.64415
-2.745361328125,1.6442
-2.80120849609375,1.64425
-2.89215087890625,1.6443
-2.6324462890625,1.64435
-2.8057861328125,1.6444
-2.5115966796875,1.64445
-2.6654052734375,1.6445
-2.73162841796875,1.64455
-2.6165771484375,1.6446
-2.5726318359375,1.64465
-3.1292724609375,1.6447
-2.72125244140625,1.64475
-3.07281494140625,1.6448
-3.16162109375,1.64485
-3.3880615234375,1.6449
-3.09600830078125,1.6449500000000001
-3.2794189453125,1.645
-3.56170654296875,1.6450500000000001
-3.359375,1.6451
-3.56719970703125,1.6451500000000001
-3.5430908203125,1.6452
-3.7200927734375,1.64525
-3.29559326171875,1.6453
-3.4686279296875,1.64535
-3.6761474609375,1.6454
-3.37249755859375,1.64545
-3.616943359375,1.6455
-3.65753173828125,1.64555
-3.3074951171875,1.6456
-3.712158203125,1.64565
-3.58642578125,1.6457
-3.3160400390625,1.64575
-3.468017578125,1.6458
-3.5931396484375,1.64585
-3.62823486328125,1.6459
-3.54339599609375,1.64595
-3.282470703125,1.6460000000000001
-3.5821533203125,1.64605
-3.277587890625,1.6461000000000001
-3.153076171875,1.64615
-3.31878662109375,1.6462
-3.19854736328125,1.64625
-3.37493896484375,1.6463
-3.1939697265625,1.64635
-2.95745849609375,1.6464
-3.03924560546875,1.64645
-3.07037353515625,1.6465
-3.30963134765625,1.64655
-3.29071044921875,1.6466
-3.04779052734375,1.64665
-2.9803466796875,1.6467
-3.06427001953125,1.64675
-2.958984375,1.6468
-2.9364013671875,1.64685
-3.045654296875,1.6469
-2.6519775390625,1.6469500000000001
-2.72247314453125,1.647
-2.66632080078125,1.6470500000000001
-2.87017822265625,1.6471
-2.82958984375,1.6471500000000001
-2.91412353515625,1.6472
-2.818603515625,1.64725
-3.028564453125,1.6473
-3.243408203125,1.64735
-3.35205078125,1.6474
-3.1591796875,1.64745
-2.9833984375,1.6475
-3.1817626953125,1.64755
-3.05023193359375,1.6476
-3.20068359375,1.64765
-2.88818359375,1.6477
-2.9150390625,1.64775
-2.83538818359375,1.6478
-3.114013671875,1.64785
-3.01544189453125,1.6479
-3.20587158203125,1.64795
-3.30078125,1.6480000000000001
-3.2330322265625,1.64805
-3.03314208984375,1.6481000000000001
-3.271484375,1.64815
-3.19610595703125,1.6482
-3.1768798828125,1.64825
-3.15582275390625,1.6483
-3.154296875,1.64835
-3.0926513671875,1.6484
-2.69195556640625,1.64845
-2.9071044921875,1.6485
-2.8521728515625,1.64855
-2.550048828125,1.6486
-2.72064208984375,1.64865
-2.64190673828125,1.6487
-2.3516845703125,1.64875
-2.80792236328125,1.6488
-2.74261474609375,1.64885
-2.691650390625,1.6489
-2.40814208984375,1.6489500000000001
-2.537841796875,1.649
-2.5665283203125,1.6490500000000001
-2.540283203125,1.6491
-2.35015869140625,1.6491500000000001
-2.667236328125,1.6492
-2.29095458984375,1.64925
-2.4456787109375,1.6493
-2.54791259765625,1.64935
-2.6446533203125,1.6494
-2.554931640625,1.64945
-2.70294189453125,1.6495
-2.2998046875,1.64955
-2.54913330078125,1.6496
-2.45758056640625,1.64965
-2.698974609375,1.6497
-2.91900634765625,1.64975
-2.86895751953125,1.6498
-2.61993408203125,1.64985
-2.92388916015625,1.6499
-3.08349609375,1.64995
-3.07708740234375,1.6500000000000001
-3.004150390625,1.6500500000000002
-2.71881103515625,1.6501000000000001
-2.89398193359375,1.6501500000000002
-2.9571533203125,1.6502000000000001
-2.6141357421875,1.6502500000000002
-2.677001953125,1.6503
-2.816162109375,1.6503500000000002
-2.72552490234375,1.6504
-3.02001953125,1.6504500000000002
-2.7886962890625,1.6505
-2.9473876953125,1.6505500000000002
-2.74932861328125,1.6506
-2.77557373046875,1.6506500000000002
-2.82745361328125,1.6507
-2.945556640625,1.6507500000000002
-2.95074462890625,1.6508
-2.974853515625,1.6508500000000002
-3.00048828125,1.6509
-2.7728271484375,1.6509500000000001
-2.84210205078125,1.651
-2.576904296875,1.6510500000000001
-2.90191650390625,1.6511000000000002
-2.81585693359375,1.6511500000000001
-2.94097900390625,1.6512000000000002
-2.8564453125,1.65125
-2.98736572265625,1.6513000000000002
-2.87445068359375,1.65135
-3.258056640625,1.6514000000000002
-2.967529296875,1.65145
-3.18572998046875,1.6515000000000002
-2.7838134765625,1.65155
-2.98553466796875,1.6516000000000002
-3.1884765625,1.65165
-3.23486328125,1.6517000000000002
-2.82958984375,1.65175
-3.01910400390625,1.6518000000000002
-3.17718505859375,1.65185
-2.76123046875,1.6519000000000001
-3.154296875,1.65195
-3.017578125,1.6520000000000001
-2.9296875,1.6520500000000002
-2.81341552734375,1.6521000000000001
-2.89031982421875,1.6521500000000002
-2.8076171875,1.6522000000000001
-3.074951171875,1.6522500000000002
-2.8143310546875,1.6523
-2.86102294921875,1.6523500000000002
-2.61932373046875,1.6524
-2.5921630859375,1.6524500000000002
-2.86285400390625,1.6525
-2.8826904296875,1.6525500000000002
-2.67059326171875,1.6526
-2.9498291015625,1.6526500000000002
-2.46368408203125,1.6527
-2.83599853515625,1.6527500000000002
-2.81768798828125,1.6528
-2.85369873046875,1.6528500000000002
-2.7874755859375,1.6529
-2.71148681640625,1.6529500000000001
-2.64068603515625,1.653
-2.80242919921875,1.6530500000000001
-2.9840087890625,1.6531000000000002
-2.78076171875,1.6531500000000001
-2.87384033203125,1.6532000000000002
-2.78350830078125,1.65325
-3.08380126953125,1.6533000000000002
-3.125,1.65335
-2.8948974609375,1.6534000000000002
-2.7801513671875,1.65345
-2.95379638671875,1.6535000000000002
-2.5970458984375,1.65355
-2.8240966796875,1.6536000000000002
-2.7947998046875,1.65365
-2.72552490234375,1.6537000000000002
-2.7362060546875,1.65375
-2.918701171875,1.6538000000000002
-2.69256591796875,1.65385
-2.88665771484375,1.6539000000000001
-3.0279541015625,1.65395
-3.03741455078125,1.6540000000000001
-3.0059814453125,1.6540500000000002
-3.13507080078125,1.6541000000000001
-3.182373046875,1.6541500000000002
-2.93212890625,1.6542000000000001
-3.3709716796875,1.6542500000000002
-3.3538818359375,1.6543
-3.23211669921875,1.6543500000000002
-2.71575927734375,1.6544
-3.1268310546875,1.6544500000000002
-3.13873291015625,1.6545
-3.018798828125,1.6545500000000002
-2.90496826171875,1.6546
-2.98736572265625,1.6546500000000002
-3.0389404296875,1.6547
-2.8228759765625,1.6547500000000002
-2.783203125,1.6548
-2.8594970703125,1.6548500000000002
-2.92938232421875,1.6549
-2.69989013671875,1.6549500000000001
-2.7874755859375,1.655
-2.596435546875,1.6550500000000001
-2.89398193359375,1.6551000000000002
-2.79266357421875,1.6551500000000001
-2.674560546875,1.6552000000000002
-2.6910400390625,1.65525
-2.816162109375,1.6553000000000002
-2.9742431640625,1.65535
-3.099365234375,1.6554000000000002
-3.1097412109375,1.65545
-2.80029296875,1.6555000000000002
-2.71759033203125,1.65555
-3.17108154296875,1.6556000000000002
-2.847900390625,1.65565
-3.11859130859375,1.6557000000000002
-3.22418212890625,1.65575
-3.11126708984375,1.6558000000000002
-3.16131591796875,1.65585
-3.23974609375,1.6559000000000001
-3.32275390625,1.65595
-3.30230712890625,1.6560000000000001
-2.95928955078125,1.6560500000000002
-3.04840087890625,1.6561000000000001
-3.3087158203125,1.6561500000000002
-3.40576171875,1.6562000000000001
-3.262939453125,1.6562500000000002
-2.98370361328125,1.6563
-3.0072021484375,1.6563500000000002
-2.70843505859375,1.6564
-3.004150390625,1.6564500000000002
-3.03253173828125,1.6565
-2.68402099609375,1.6565500000000002
-2.9119873046875,1.6566
-3.082275390625,1.6566500000000002
-2.7142333984375,1.6567
-3.1280517578125,1.6567500000000002
-3.05328369140625,1.6568
-2.9364013671875,1.6568500000000002
-2.61627197265625,1.6569
-3.08380126953125,1.6569500000000001
-2.79052734375,1.657
-2.90679931640625,1.6570500000000001
-3.170166015625,1.6571000000000002
-3.22021484375,1.6571500000000001
-3.00689697265625,1.6572000000000002
-3.10333251953125,1.6572500000000001
-2.86956787109375,1.6573000000000002
-3.0828857421875,1.65735
-3.15032958984375,1.6574000000000002
-3.04718017578125,1.65745
-3.15032958984375,1.6575000000000002
-2.87353515625,1.65755
-3.05999755859375,1.6576000000000002
-3.09600830078125,1.65765
-2.94769287109375,1.6577000000000002
-2.91534423828125,1.65775
-3.23211669921875,1.6578000000000002
-3.031005859375,1.65785
-3.03192138671875,1.6579000000000002
-3.1103515625,1.65795
-3.1707763671875,1.6580000000000001
-2.85125732421875,1.65805
-3.04229736328125,1.6581000000000001
-3.223876953125,1.6581500000000002
-3.01849365234375,1.6582000000000001
-3.2635498046875,1.6582500000000002
-3.05023193359375,1.6583
-3.00018310546875,1.6583500000000002
-2.8533935546875,1.6584
-2.93182373046875,1.6584500000000002
-2.99652099609375,1.6585
-3.0902099609375,1.6585500000000002
-3.24249267578125,1.6586
-3.021240234375,1.6586500000000002
-3.0755615234375,1.6587
-3.42559814453125,1.6587500000000002
-3.28826904296875,1.6588
-3.14910888671875,1.6588500000000002
-2.98187255859375,1.6589
-2.98675537109375,1.6589500000000001
-3.045654296875,1.659
-3.23516845703125,1.6590500000000001
-3.07525634765625,1.6591000000000002
-2.9534912109375,1.6591500000000001
-3.23333740234375,1.6592000000000002
-2.994384765625,1.6592500000000001
-3.16864013671875,1.6593000000000002
-3.09295654296875,1.65935
-3.17138671875,1.6594000000000002
-3.18206787109375,1.65945
-2.93182373046875,1.6595000000000002
-3.0078125,1.65955
-3.3135986328125,1.6596000000000002
-3.0133056640625,1.65965
-2.85491943359375,1.6597000000000002
-3.18756103515625,1.65975
-3.01849365234375,1.6598000000000002
-2.86285400390625,1.65985
-3.22235107421875,1.6599000000000002
-3.22235107421875,1.65995
-3.14239501953125,1.6600000000000001
-2.85400390625,1.66005
-3.2379150390625,1.6601000000000001
-2.886962890625,1.6601500000000002
-2.94921875,1.6602000000000001
-3.11767578125,1.6602500000000002
-3.26202392578125,1.6603
-2.97943115234375,1.6603500000000002
-2.94586181640625,1.6604
-3.05877685546875,1.6604500000000002
-3.304443359375,1.6605
-3.05633544921875,1.6605500000000002
-3.26324462890625,1.6606
-3.11370849609375,1.6606500000000002
-3.16558837890625,1.6607
-3.34075927734375,1.6607500000000002
-3.1768798828125,1.6608
-3.24005126953125,1.6608500000000002
-3.03375244140625,1.6609
-2.94952392578125,1.6609500000000001
-3.02490234375,1.661
-2.79296875,1.6610500000000001
-3.00750732421875,1.6611000000000002
-3.19488525390625,1.6611500000000001
-2.6715087890625,1.6612000000000002
-3.32855224609375,1.6612500000000001
-3.0029296875,1.6613000000000002
-3.1146240234375,1.66135
-3.2440185546875,1.6614000000000002
-3.310546875,1.66145
-3.004150390625,1.6615000000000002
-3.03253173828125,1.66155
-3.1622314453125,1.6616000000000002
-3.1524658203125,1.66165
-3.1231689453125,1.6617000000000002
-2.95562744140625,1.66175
-2.923583984375,1.6618000000000002
-2.763671875,1.66185
-3.12286376953125,1.6619000000000002
-3.045654296875,1.66195
-2.94036865234375,1.6620000000000001
-2.884521484375,1.66205
-3.2598876953125,1.6621000000000001
-3.199462890625,1.6621500000000002
-3.31390380859375,1.6622000000000001
-3.1298828125,1.6622500000000002
-2.8582763671875,1.6623
-3.12835693359375,1.6623500000000002
-3.04595947265625,1.6624
-3.1231689453125,1.6624500000000002
-3.07952880859375,1.6625
-2.72613525390625,1.6625500000000002
-3.101806640625,1.6626
-3.00201416015625,1.6626500000000002
-2.53753662109375,1.6627
-3.1085205078125,1.6627500000000002
-3.06610107421875,1.6628
-2.96173095703125,1.6628500000000002
-2.91656494140625,1.6629
-2.8948974609375,1.6629500000000002
-2.61749267578125,1.663
-3.14697265625,1.6630500000000001
-3.2470703125,1.6631
-3.187255859375,1.6631500000000001
-2.85675048828125,1.6632000000000002
-3.082275390625,1.6632500000000001
-3.14117431640625,1.6633000000000002
-3.16162109375,1.66335
-2.99102783203125,1.6634000000000002
-3.1158447265625,1.66345
-2.6812744140625,1.6635000000000002
-3.14483642578125,1.66355
-3.24310302734375,1.6636000000000002
-3.31878662109375,1.66365
-3.19244384765625,1.6637000000000002
-3.4075927734375,1.66375
-3.0718994140625,1.6638000000000002
-3.1982421875,1.66385
-3.3465576171875,1.6639000000000002
-3.1829833984375,1.66395
-3.316650390625,1.6640000000000001
-3.12255859375,1.66405
-3.492431640625,1.6641000000000001
-3.3245849609375,1.6641500000000002
-2.94830322265625,1.6642000000000001
-3.08837890625,1.6642500000000002
-3.54766845703125,1.6643000000000001
-2.80029296875,1.6643500000000002
-3.2470703125,1.6644
-3.31268310546875,1.6644500000000002
-3.2403564453125,1.6645
-3.32122802734375,1.6645500000000002
-3.58612060546875,1.6646
-3.221435546875,1.6646500000000002
-3.323974609375,1.6647
-3.526611328125,1.6647500000000002
-3.41705322265625,1.6648
-3.40118408203125,1.6648500000000002
-2.9541015625,1.6649
-3.157958984375,1.6649500000000002
-3.2757568359375,1.665
-3.3905029296875,1.6650500000000001
-3.40240478515625,1.6651
-3.06640625,1.6651500000000001
-3.10272216796875,1.6652000000000002
-3.4613037109375,1.6652500000000001
-3.25408935546875,1.6653000000000002
-3.20343017578125,1.66535
-3.0889892578125,1.6654000000000002
-3.06427001953125,1.66545
-3.15460205078125,1.6655000000000002
-2.9833984375,1.66555
-3.03863525390625,1.6656000000000002
-2.86865234375,1.66565
-2.69134521484375,1.6657000000000002
-2.8948974609375,1.66575
-2.71697998046875,1.6658000000000002
-2.5689697265625,1.66585
-3.07708740234375,1.6659000000000002
-3.1500244140625,1.66595
-2.91229248046875,1.6660000000000001
-2.94525146484375,1.66605
-3.01483154296875,1.6661000000000001
-2.72064208984375,1.6661500000000002
-3.22601318359375,1.6662000000000001
-3.1451416015625,1.6662500000000002
-2.94097900390625,1.6663000000000001
-2.8472900390625,1.6663500000000002
-2.82928466796875,1.6664
-2.98736572265625,1.6664500000000002
-3.00018310546875,1.6665
-2.9742431640625,1.6665500000000002
-3.17901611328125,1.6666
-2.93975830078125,1.6666500000000002
-3.06182861328125,1.6667
-3.1689453125,1.6667500000000002
-3.2318115234375,1.6668
-2.98248291015625,1.6668500000000002
-3.150634765625,1.6669
-3.07891845703125,1.6669500000000002
-3.22296142578125,1.667
-3.111572265625,1.6670500000000001
-3.20709228515625,1.6671
-3.21136474609375,1.6671500000000001
-2.91717529296875,1.6672000000000002
-3.2940673828125,1.6672500000000001
-3.409423828125,1.6673000000000002
-3.32305908203125,1.66735
-3.18328857421875,1.6674000000000002
-3.32794189453125,1.66745
-2.80853271484375,1.6675000000000002
-3.109130859375,1.66755
-3.2379150390625,1.6676000000000002
-3.14544677734375,1.66765
-2.7484130859375,1.6677000000000002
-3.07159423828125,1.66775
-2.86956787109375,1.6678000000000002
-3.10028076171875,1.66785
-2.96875,1.6679000000000002
-2.90252685546875,1.66795
-2.7520751953125,1.6680000000000001
-2.97821044921875,1.66805
-3.0096435546875,1.6681000000000001
-2.87139892578125,1.6681500000000002
-2.9571533203125,1.6682000000000001
-3.04473876953125,1.6682500000000002
-2.88421630859375,1.6683000000000001
-2.65380859375,1.6683500000000002
-3.15032958984375,1.6684
-3.04107666015625,1.6684500000000002
-2.730712890625,1.6685
-3.04534912109375,1.6685500000000002
-3.13507080078125,1.6686
-2.965087890625,1.6686500000000002
-3.0859375,1.6687
-3.0841064453125,1.6687500000000002
-3.2562255859375,1.6688
-2.92266845703125,1.6688500000000002
-2.88604736328125,1.6689
-3.16192626953125,1.6689500000000002
-2.79296875,1.669
-3.31024169921875,1.6690500000000001
-3.33526611328125,1.6691
-3.287353515625,1.6691500000000001
-3.02459716796875,1.6692000000000002
-3.18939208984375,1.6692500000000001
-3.12255859375,1.6693000000000002
-3.10882568359375,1.6693500000000001
-3.39599609375,1.6694000000000002
-3.00079345703125,1.66945
-2.87506103515625,1.6695000000000002
-3.28460693359375,1.66955
-3.3258056640625,1.6696000000000002
-2.96356201171875,1.66965
-3.1549072265625,1.6697000000000002
-3.10546875,1.66975
-3.08563232421875,1.6698000000000002
-3.060302734375,1.66985
-2.93182373046875,1.6699000000000002
-3.0474853515625,1.66995
-2.92877197265625,1.6700000000000002
-2.81646728515625,1.67005
-2.89642333984375,1.6701000000000001
-2.84881591796875,1.67015
-2.88970947265625,1.6702000000000001
-2.85675048828125,1.6702500000000002
-2.65869140625,1.6703000000000001
-2.672119140625,1.6703500000000002
-3.01025390625,1.6704
-3.0853271484375,1.6704500000000002
-2.95806884765625,1.6705
-2.90618896484375,1.6705500000000002
-3.0987548828125,1.6706
-2.78472900390625,1.6706500000000002
-2.92510986328125,1.6707
-3.00445556640625,1.6707500000000002
-2.9998779296875,1.6708
-2.6300048828125,1.6708500000000002
-2.7984619140625,1.6709
-2.99346923828125,1.6709500000000002
-3.09417724609375,1.671
-3.07464599609375,1.6710500000000001
-3.251953125,1.6711
-2.950439453125,1.6711500000000001
-3.46435546875,1.6712000000000002
-3.37432861328125,1.6712500000000001
-3.53668212890625,1.6713000000000002
-3.48236083984375,1.6713500000000001
-3.56475830078125,1.6714000000000002
-3.69049072265625,1.67145
-3.58795166015625,1.6715000000000002
-3.70513916015625,1.67155
-3.68072509765625,1.6716000000000002
-3.56689453125,1.67165
-3.59130859375,1.6717000000000002
-3.78631591796875,1.67175
-3.55072021484375,1.6718000000000002
-3.91876220703125,1.67185
-3.9434814453125,1.6719000000000002
-4.07135009765625,1.67195
-3.82537841796875,1.6720000000000002
-3.88885498046875,1.67205
-4.06524658203125,1.6721000000000001
-3.7274169921875,1.67215
-3.9373779296875,1.6722000000000001
-3.8543701171875,1.6722500000000002
-3.7750244140625,1.6723000000000001
-3.3001708984375,1.6723500000000002
-3.4063720703125,1.6724
-3.5162353515625,1.6724500000000002
-3.17291259765625,1.6725
-3.223876953125,1.6725500000000002
-3.2342529296875,1.6726
-2.81036376953125,1.6726500000000002
-3.25042724609375,1.6727
-2.99041748046875,1.6727500000000002
-2.77191162109375,1.6728
-2.66937255859375,1.6728500000000002
-2.91229248046875,1.6729
-2.85400390625,1.6729500000000002
-2.71392822265625,1.673
-2.5140380859375,1.6730500000000001
-2.774658203125,1.6731
-2.43408203125,1.6731500000000001
-2.4090576171875,1.6732000000000002
-2.6025390625,1.6732500000000001
-2.65838623046875,1.6733000000000002
-2.78533935546875,1.6733500000000001
-2.63824462890625,1.6734000000000002
-2.6690673828125,1.67345
-2.59857177734375,1.6735000000000002
-2.85797119140625,1.67355
-3.184814453125,1.6736000000000002
-3.24432373046875,1.67365
-3.24676513671875,1.6737000000000002
-3.170166015625,1.67375
-3.4063720703125,1.6738000000000002
-3.372802734375,1.67385
-3.35845947265625,1.6739000000000002
-3.41949462890625,1.67395
-2.880859375,1.6740000000000002
-3.2098388671875,1.67405
-3.15887451171875,1.6741000000000001
-3.15399169921875,1.67415
-3.06365966796875,1.6742000000000001
-3.27789306640625,1.6742500000000002
-2.940673828125,1.6743000000000001
-3.27301025390625,1.6743500000000002
-3.20648193359375,1.6744
-3.2159423828125,1.6744500000000002
-2.9022216796875,1.6745
-3.02001953125,1.6745500000000002
-3.0145263671875,1.6746
-2.97821044921875,1.6746500000000002
-2.9949951171875,1.6747
-2.764892578125,1.6747500000000002
-2.80120849609375,1.6748
-2.6556396484375,1.6748500000000002
-2.72430419921875,1.6749
-2.85125732421875,1.6749500000000002
-2.76397705078125,1.675
-3.011474609375,1.6750500000000001
-3.221435546875,1.6751
-2.92022705078125,1.6751500000000001
-3.0450439453125,1.6752
-3.10699462890625,1.6752500000000001
-3.116455078125,1.6753
-3.18511962890625,1.6753500000000001
-3.06640625,1.6754
-3.0694580078125,1.67545
-3.05938720703125,1.6755
-3.22662353515625,1.67555
-3.424072265625,1.6756
-2.8521728515625,1.67565
-3.1640625,1.6757
-3.0389404296875,1.67575
-2.96905517578125,1.6758000000000002
-3.23272705078125,1.67585
-3.162841796875,1.6759000000000002
-3.15673828125,1.67595
-3.09326171875,1.6760000000000002
-3.25958251953125,1.67605
-3.10028076171875,1.6761000000000001
-2.978515625,1.67615
-3.0670166015625,1.6762000000000001
-3.21502685546875,1.67625
-2.8717041015625,1.6763000000000001
-3.24737548828125,1.67635
-3.2769775390625,1.6764000000000001
-3.2684326171875,1.67645
-3.0926513671875,1.6765
-3.3428955078125,1.67655
-3.18878173828125,1.6766
-2.99346923828125,1.67665
-3.19915771484375,1.6767
-3.38104248046875,1.67675
-3.46343994140625,1.6768
-3.33160400390625,1.6768500000000002
-3.17291259765625,1.6769
-3.43994140625,1.6769500000000002
-3.590087890625,1.677
-3.533935546875,1.6770500000000002
-3.66790771484375,1.6771
-3.21441650390625,1.6771500000000001
-3.61541748046875,1.6772
-3.32916259765625,1.6772500000000001
-3.15673828125,1.6773
-3.21533203125,1.6773500000000001
-3.4185791015625,1.6774
-2.89825439453125,1.67745
-3.46038818359375,1.6775
-3.2440185546875,1.67755
-3.27423095703125,1.6776
-3.10760498046875,1.67765
-3.3319091796875,1.6777
-3.3245849609375,1.67775
-3.2666015625,1.6778000000000002
-3.32183837890625,1.67785
-3.34228515625,1.6779000000000002
-3.35479736328125,1.67795
-3.25592041015625,1.6780000000000002
-3.1683349609375,1.67805
-3.1634521484375,1.6781000000000001
-3.369140625,1.67815
-3.4027099609375,1.6782000000000001
-3.421630859375,1.67825
-3.2745361328125,1.6783000000000001
-3.55438232421875,1.67835
-3.3770751953125,1.6784000000000001
-3.56414794921875,1.67845
-3.492431640625,1.6785
-3.4539794921875,1.67855
-3.25531005859375,1.6786
-3.514404296875,1.67865
-3.372802734375,1.6787
-3.3563232421875,1.67875
-3.099365234375,1.6788
-3.25408935546875,1.6788500000000002
-3.30413818359375,1.6789
-2.93670654296875,1.6789500000000002
-3.2708740234375,1.679
-3.145751953125,1.6790500000000002
-3.03436279296875,1.6791
-2.99163818359375,1.6791500000000001
-3.23394775390625,1.6792
-3.1707763671875,1.6792500000000001
-3.32427978515625,1.6793
-3.140869140625,1.6793500000000001
-3.02337646484375,1.6794
-2.87567138671875,1.67945
-3.1048583984375,1.6795
-3.3935546875,1.67955
-3.47412109375,1.6796
-3.08990478515625,1.67965
-3.1707763671875,1.6797
-2.8424072265625,1.67975
-3.2080078125,1.6798000000000002
-3.0322265625,1.67985
-3.2525634765625,1.6799000000000002
-3.01025390625,1.67995
-2.87872314453125,1.6800000000000002
-2.97454833984375,1.68005
-2.9754638671875,1.6801000000000001
-2.821044921875,1.68015
-3.01605224609375,1.6802000000000001
-2.98126220703125,1.68025
-2.9803466796875,1.6803000000000001
-3.13690185546875,1.68035
-2.97637939453125,1.6804000000000001
-2.97943115234375,1.68045
-2.79815673828125,1.6805
-2.994384765625,1.68055
-2.4298095703125,1.6806
-2.72247314453125,1.68065
-2.6885986328125,1.6807
-2.7496337890625,1.68075
-2.55279541015625,1.6808
-2.57476806640625,1.6808500000000002
-2.67669677734375,1.6809
-2.9241943359375,1.6809500000000002
-2.85003662109375,1.681
-2.8570556640625,1.6810500000000002
-2.9742431640625,1.6811
-2.72125244140625,1.6811500000000001
-2.86651611328125,1.6812
-2.9547119140625,1.6812500000000001
-3.07891845703125,1.6813
-2.8485107421875,1.6813500000000001
-2.69195556640625,1.6814
-2.7056884765625,1.6814500000000001
-3.1658935546875,1.6815
-2.8839111328125,1.68155
-2.9705810546875,1.6816
-2.8192138671875,1.68165
-2.92205810546875,1.6817
-2.85614013671875,1.68175
-3.03680419921875,1.6818
-3.04473876953125,1.68185
-3.06488037109375,1.6819000000000002
-2.88543701171875,1.68195
-3.16375732421875,1.6820000000000002
-2.95654296875,1.68205
-2.9376220703125,1.6821000000000002
-3.0078125,1.68215
-3.0975341796875,1.6822000000000001
-2.8961181640625,1.68225
-2.80517578125,1.6823000000000001
-3.00140380859375,1.68235
-2.94921875,1.6824000000000001
-3.03619384765625,1.68245
-2.8857421875,1.6825
-2.73651123046875,1.68255
-2.77679443359375,1.6826
-2.97332763671875,1.68265
-3.04351806640625,1.6827
-2.9876708984375,1.68275
-2.91839599609375,1.6828
-3.1201171875,1.6828500000000002
-3.2427978515625,1.6829
-3.49090576171875,1.6829500000000002
-3.0902099609375,1.683
-3.34930419921875,1.6830500000000002
-2.796630859375,1.6831
-3.02154541015625,1.6831500000000001
-3.04779052734375,1.6832
-3.004150390625,1.6832500000000001
-2.82623291015625,1.6833
-3.0755615234375,1.6833500000000001
-3.193359375,1.6834
-2.90557861328125,1.6834500000000001
-3.13995361328125,1.6835
-3.2708740234375,1.68355
-3.21197509765625,1.6836
-3.26141357421875,1.68365
-3.29498291015625,1.6837
-3.1292724609375,1.68375
-3.24432373046875,1.6838
-3.1658935546875,1.68385
-3.19122314453125,1.6839000000000002
-2.86285400390625,1.68395
-2.88116455078125,1.6840000000000002
-2.9998779296875,1.68405
-2.94342041015625,1.6841000000000002
-3.13720703125,1.68415
-3.01544189453125,1.6842000000000001
-2.7093505859375,1.68425
-3.07952880859375,1.6843000000000001
-3.048095703125,1.68435
-3.238525390625,1.6844000000000001
-3.3624267578125,1.68445
-2.9345703125,1.6845
-2.96630859375,1.68455
-2.8765869140625,1.6846
-3.2476806640625,1.68465
-3.0242919921875,1.6847
-3.01422119140625,1.68475
-2.833251953125,1.6848
-3.09600830078125,1.6848500000000002
-3.15399169921875,1.6849
-3.06732177734375,1.6849500000000002
-2.9736328125,1.685
-3.218994140625,1.6850500000000002
-2.9510498046875,1.6851
-3.1591796875,1.6851500000000001
-3.0145263671875,1.6852
-3.046875,1.6852500000000001
-3.02764892578125,1.6853
-3.17291259765625,1.6853500000000001
-2.957763671875,1.6854
-3.0169677734375,1.6854500000000001
-3.1146240234375,1.6855
-3.16162109375,1.68555
-2.83416748046875,1.6856
-2.84423828125,1.68565
-2.74658203125,1.6857
-2.51190185546875,1.68575
-3.03741455078125,1.6858
-3.101806640625,1.68585
-2.8070068359375,1.6859000000000002
-2.850341796875,1.68595
-2.93853759765625,1.6860000000000002
-3.28948974609375,1.68605
-3.26995849609375,1.6861000000000002
-2.92327880859375,1.68615
-3.12835693359375,1.6862000000000001
-2.91259765625,1.68625
-3.0181884765625,1.6863000000000001
-3.0615234375,1.68635
-3.00872802734375,1.6864000000000001
-2.781982421875,1.68645
-3.05572509765625,1.6865
-2.93670654296875,1.68655
-2.8533935546875,1.6866
-2.87933349609375,1.68665
-2.8521728515625,1.6867
-2.71942138671875,1.68675
-2.79998779296875,1.6868
-2.87872314453125,1.6868500000000002
-2.9412841796875,1.6869
-3.15216064453125,1.6869500000000002
-2.99224853515625,1.687
-2.9595947265625,1.6870500000000002
-2.48992919921875,1.6871
-2.70263671875,1.6871500000000001
-2.81341552734375,1.6872
-2.93548583984375,1.6872500000000001
-2.99224853515625,1.6873
-2.8759765625,1.6873500000000001
-2.80792236328125,1.6874
-3.070068359375,1.6874500000000001
-2.92938232421875,1.6875
-2.89520263671875,1.68755
-2.86285400390625,1.6876
-2.66326904296875,1.68765
-2.9736328125,1.6877
-2.92144775390625,1.68775
-2.82257080078125,1.6878
-2.5946044921875,1.68785
-2.87750244140625,1.6879000000000002
-2.60772705078125,1.68795
-2.845458984375,1.6880000000000002
-2.97210693359375,1.68805
-2.87200927734375,1.6881000000000002
-2.95196533203125,1.68815
-2.95166015625,1.6882000000000001
-2.61016845703125,1.68825
-3.14727783203125,1.6883000000000001
-2.81036376953125,1.68835
-2.86346435546875,1.6884000000000001
-2.88360595703125,1.68845
-2.7337646484375,1.6885000000000001
-2.73193359375,1.68855
-3.05419921875,1.6886
-2.994384765625,1.68865
-2.977294921875,1.6887
-2.509765625,1.68875
-2.8228759765625,1.6888
-2.7301025390625,1.68885
-2.615966796875,1.6889
-2.79754638671875,1.6889500000000002
-2.8094482421875,1.689
-2.62908935546875,1.6890500000000002
-2.51495361328125,1.6891
-2.69287109375,1.6891500000000002
-2.73834228515625,1.6892
-2.6751708984375,1.6892500000000001
-2.65655517578125,1.6893
-2.747802734375,1.6893500000000001
-2.694091796875,1.6894
-2.97515869140625,1.6894500000000001
-2.78717041015625,1.6895
-2.98675537109375,1.68955
-2.7239990234375,1.6896
-2.8515625,1.68965
-2.87384033203125,1.6897
-2.572021484375,1.68975
-2.86895751953125,1.6898
-3.03680419921875,1.68985
-2.71453857421875,1.6899000000000002
-2.9913330078125,1.68995
-2.67425537109375,1.6900000000000002
-2.82073974609375,1.69005
-2.96783447265625,1.6901000000000002
-2.928466796875,1.69015
-2.8204345703125,1.6902000000000001
-2.79205322265625,1.69025
-2.98126220703125,1.6903000000000001
-3.037109375,1.69035
-2.9034423828125,1.6904000000000001
-2.83905029296875,1.69045
-2.93212890625,1.6905000000000001
-2.806396484375,1.69055
-3.0194091796875,1.6906
-3.009033203125,1.69065
-3.1048583984375,1.6907
-3.1378173828125,1.69075
-3.3514404296875,1.6908
-3.280029296875,1.69085
-3.36181640625,1.6909
-3.3782958984375,1.6909500000000002
-3.2122802734375,1.691
-3.35296630859375,1.6910500000000002
-2.98675537109375,1.6911
-3.189697265625,1.6911500000000002
-3.033447265625,1.6912
-2.95379638671875,1.6912500000000001
-3.04595947265625,1.6913
-3.02093505859375,1.6913500000000001
-2.74688720703125,1.6914
-3.29681396484375,1.6914500000000001
-3.04168701171875,1.6915
-2.91900634765625,1.69155
-2.90985107421875,1.6916
-2.9754638671875,1.69165
-2.78900146484375,1.6917
-3.2757568359375,1.69175
-3.341064453125,1.6918
-3.302001953125,1.69185
-2.95196533203125,1.6919000000000002
-3.3251953125,1.69195
-3.27392578125,1.6920000000000002
-3.04962158203125,1.69205
-3.12530517578125,1.6921000000000002
-3.20587158203125,1.69215
-2.9931640625,1.6922000000000001
-3.08563232421875,1.69225
-3.189697265625,1.6923000000000001
-3.1329345703125,1.69235
-3.29681396484375,1.6924000000000001
-3.2586669921875,1.69245
-3.23150634765625,1.6925000000000001
-3.1524658203125,1.69255
-3.17901611328125,1.6926
-3.17535400390625,1.69265
-3.355712890625,1.6927
-2.88970947265625,1.69275
-3.25347900390625,1.6928
-2.89764404296875,1.69285
-2.750244140625,1.6929
-2.92083740234375,1.6929500000000002
-2.9949951171875,1.693
-2.51495361328125,1.6930500000000002
-3.017578125,1.6931
-2.80059814453125,1.6931500000000002
-2.93426513671875,1.6932
-2.928466796875,1.6932500000000001
-2.96142578125,1.6933
-2.7056884765625,1.6933500000000001
-2.97882080078125,1.6934
-3.23638916015625,1.6934500000000001
-3.21441650390625,1.6935
-3.10821533203125,1.69355
-2.77801513671875,1.6936
-3.067626953125,1.69365
-2.8411865234375,1.6937
-2.9522705078125,1.69375
-3.17962646484375,1.6938
-2.9656982421875,1.69385
-2.96844482421875,1.6939
-3.25286865234375,1.69395
-3.06427001953125,1.6940000000000002
-3.2855224609375,1.69405
-3.42437744140625,1.6941000000000002
-3.04534912109375,1.69415
-3.25927734375,1.6942000000000002
-3.074951171875,1.69425
-3.35235595703125,1.6943000000000001
-3.27301025390625,1.69435
-3.1597900390625,1.6944000000000001
-3.24676513671875,1.69445
-3.07861328125,1.6945000000000001
-3.0511474609375,1.69455
-3.470458984375,1.6946
-3.3917236328125,1.69465
-2.96295166015625,1.6947
-3.01971435546875,1.69475
-3.3575439453125,1.6948
-3.0670166015625,1.69485
-3.4112548828125,1.6949
-3.45947265625,1.6949500000000002
-3.0645751953125,1.695
-3.048095703125,1.6950500000000002
-3.2623291015625,1.6951
-3.157958984375,1.6951500000000002
-2.98065185546875,1.6952
-3.30413818359375,1.6952500000000001
-3.316650390625,1.6953
-2.98431396484375,1.6953500000000001
-2.98126220703125,1.6954
-3.06488037109375,1.6954500000000001
-2.95074462890625,1.6955
-2.864990234375,1.6955500000000001
-3.03741455078125,1.6956
-2.91900634765625,1.69565
-2.69439697265625,1.6957
-2.79632568359375,1.69575
-3.02703857421875,1.6958
-2.91900634765625,1.69585
-2.83538818359375,1.6959
-3.067626953125,1.69595
-2.991943359375,1.6960000000000002
-2.96630859375,1.69605
-2.8363037109375,1.6961000000000002
-2.8851318359375,1.69615
-2.42401123046875,1.6962000000000002
-2.81219482421875,1.69625
-2.89886474609375,1.6963000000000001
-2.977294921875,1.69635
-2.7630615234375,1.6964000000000001
-2.908935546875,1.69645
-2.7117919921875,1.6965000000000001
-2.93609619140625,1.69655
-3.1658935546875,1.6966
-3.0908203125,1.69665
-2.77099609375,1.6967
-3.13873291015625,1.69675
-3.08258056640625,1.6968
-2.947998046875,1.69685
-2.9486083984375,1.6969
-3.07830810546875,1.6969500000000002
-2.9840087890625,1.697
-2.8094482421875,1.6970500000000002
-2.91290283203125,1.6971
-2.90313720703125,1.6971500000000002
-3.25775146484375,1.6972
-3.12103271484375,1.6972500000000001
-3.19091796875,1.6973
-3.10089111328125,1.6973500000000001
-3.45733642578125,1.6974
-3.543701171875,1.6974500000000001
-3.8897705078125,1.6975
-3.37432861328125,1.6975500000000001
-3.56353759765625,1.6976
-3.63983154296875,1.69765
-3.7432861328125,1.6977
-3.73992919921875,1.69775
-3.7646484375,1.6978
-3.487548828125,1.69785
-3.5308837890625,1.6979
-3.720703125,1.69795
-3.6181640625,1.6980000000000002
-3.682861328125,1.69805
-3.64013671875,1.6981000000000002
-3.5333251953125,1.69815
-3.5467529296875,1.6982000000000002
-3.78173828125,1.69825
-3.8238525390625,1.6983000000000001
-3.51409912109375,1.69835
-3.72283935546875,1.6984000000000001
-3.653564453125,1.69845
-3.485107421875,1.6985000000000001
-3.50982666015625,1.69855
-3.5064697265625,1.6986
-3.543701171875,1.69865
-3.30810546875,1.6987
-3.43994140625,1.69875
-3.2525634765625,1.6988
-3.29010009765625,1.69885
-3.43658447265625,1.6989
-3.427734375,1.6989500000000002
-2.9290771484375,1.699
-3.00262451171875,1.6990500000000002
-3.17138671875,1.6991
-3.1494140625,1.6991500000000002
-2.88726806640625,1.6992
-2.67852783203125,1.6992500000000001
-2.87261962890625,1.6993
-2.67486572265625,1.6993500000000001
-2.93121337890625,1.6994
-2.923583984375,1.6994500000000001
-2.8857421875,1.6995
-2.66387939453125,1.6995500000000001
-2.92388916015625,1.6996
-2.87841796875,1.69965
-2.9205322265625,1.6997
-3.10546875,1.69975
-3.3294677734375,1.6998
-3.08013916015625,1.69985
-3.46527099609375,1.6999
-3.27667236328125,1.69995
-3.28765869140625,1.7000000000000002
-3.30657958984375,1.7000500000000003
-3.43597412109375,1.7001000000000002
-3.33648681640625,1.7001500000000003
-3.0023193359375,1.7002000000000002
-3.28704833984375,1.7002500000000003
-3.372802734375,1.7003000000000001
-3.3660888671875,1.7003500000000003
-3.00537109375,1.7004000000000001
-3.3807373046875,1.7004500000000002
-3.10577392578125,1.7005000000000001
-3.336181640625,1.7005500000000002
-3.42071533203125,1.7006000000000001
-3.1939697265625,1.7006500000000002
-2.84942626953125,1.7007
-3.160400390625,1.7007500000000002
-3.06121826171875,1.7008
-3.2891845703125,1.7008500000000002
-3.0450439453125,1.7009
-3.0157470703125,1.7009500000000002
-2.90985107421875,1.701
-2.80059814453125,1.7010500000000002
-2.86834716796875,1.7011000000000003
-3.172607421875,1.7011500000000002
-2.7996826171875,1.7012000000000003
-2.9156494140625,1.7012500000000002
-2.930908203125,1.7013000000000003
-2.78533935546875,1.7013500000000001
-2.89459228515625,1.7014000000000002
-2.9632568359375,1.7014500000000001
-2.862548828125,1.7015000000000002
-2.8826904296875,1.7015500000000001
-2.65655517578125,1.7016000000000002
-2.68157958984375,1.70165
-3.0255126953125,1.7017000000000002
-2.9168701171875,1.70175
-2.95989990234375,1.7018000000000002
-2.6171875,1.70185
-2.91534423828125,1.7019000000000002
-2.8265380859375,1.70195
-2.813720703125,1.7020000000000002
-2.70355224609375,1.7020500000000003
-2.94097900390625,1.7021000000000002
-2.5823974609375,1.7021500000000003
-2.7630615234375,1.7022000000000002
-3.00933837890625,1.7022500000000003
-2.94036865234375,1.7023000000000001
-2.7117919921875,1.7023500000000003
-3.03253173828125,1.7024000000000001
-2.8411865234375,1.7024500000000002
-2.8594970703125,1.7025000000000001
-3.16253662109375,1.7025500000000002
-2.94342041015625,1.7026000000000001
-3.18267822265625,1.7026500000000002
-2.6947021484375,1.7027
-2.87994384765625,1.7027500000000002
-2.88818359375,1.7028
-2.5970458984375,1.7028500000000002
-2.80548095703125,1.7029
-3.00689697265625,1.7029500000000002
-2.674560546875,1.703
-2.7520751953125,1.7030500000000002
-2.755126953125,1.7031000000000003
-2.96966552734375,1.7031500000000002
-2.9461669921875,1.7032000000000003
-3.1304931640625,1.7032500000000002
-2.85247802734375,1.7033000000000003
-2.9449462890625,1.7033500000000001
-3.316650390625,1.7034000000000002
-3.11798095703125,1.7034500000000001
-2.996826171875,1.7035000000000002
-2.78778076171875,1.7035500000000001
-2.940673828125,1.7036000000000002
-2.74078369140625,1.70365
-2.978515625,1.7037000000000002
-2.84698486328125,1.70375
-2.9669189453125,1.7038000000000002
-2.8436279296875,1.70385
-3.21990966796875,1.7039000000000002
-2.99102783203125,1.70395
-3.37371826171875,1.7040000000000002
-3.179931640625,1.7040500000000003
-3.10638427734375,1.7041000000000002
-3.14117431640625,1.7041500000000003
-3.23944091796875,1.7042000000000002
-3.00933837890625,1.7042500000000003
-3.3306884765625,1.7043000000000001
-2.96234130859375,1.7043500000000003
-3.0853271484375,1.7044000000000001
-2.8369140625,1.7044500000000002
-2.6934814453125,1.7045000000000001
-3.0914306640625,1.7045500000000002
-3.089599609375,1.7046000000000001
-2.86346435546875,1.7046500000000002
-2.89215087890625,1.7047
-2.958984375,1.7047500000000002
-2.9290771484375,1.7048
-3.4088134765625,1.7048500000000002
-3.12225341796875,1.7049
-2.9583740234375,1.7049500000000002
-3.0426025390625,1.705
-3.214111328125,1.7050500000000002
-2.9742431640625,1.7051000000000003
-3.0096435546875,1.7051500000000002
-2.74322509765625,1.7052000000000003
-3.02581787109375,1.7052500000000002
-2.61016845703125,1.7053000000000003
-2.95318603515625,1.7053500000000001
-3.0499267578125,1.7054000000000002
-2.939453125,1.7054500000000001
-2.96173095703125,1.7055000000000002
-3.0914306640625,1.7055500000000001
-2.73284912109375,1.7056000000000002
-3.17779541015625,1.70565
-3.00750732421875,1.7057000000000002
-3.1341552734375,1.70575
-3.21380615234375,1.7058000000000002
-3.092041015625,1.70585
-3.1658935546875,1.7059000000000002
-3.1378173828125,1.70595
-3.02734375,1.7060000000000002
-3.115234375,1.7060500000000003
-3.20648193359375,1.7061000000000002
-2.7154541015625,1.7061500000000003
-2.9473876953125,1.7062000000000002
-3.067626953125,1.7062500000000003
-3.00506591796875,1.7063000000000001
-2.8289794921875,1.7063500000000003
-3.167724609375,1.7064000000000001
-2.74261474609375,1.7064500000000002
-2.91717529296875,1.7065000000000001
-3.04901123046875,1.7065500000000002
-2.96417236328125,1.7066000000000001
-2.95379638671875,1.7066500000000002
-2.694091796875,1.7067
-3.01849365234375,1.7067500000000002
-2.82135009765625,1.7068
-2.9364013671875,1.7068500000000002
-2.98675537109375,1.7069
-2.94830322265625,1.7069500000000002
-2.7276611328125,1.707
-3.2965087890625,1.7070500000000002
-3.09417724609375,1.7071000000000003
-3.39599609375,1.7071500000000002
-3.12957763671875,1.7072000000000003
-2.98248291015625,1.7072500000000002
-3.36578369140625,1.7073000000000003
-3.10821533203125,1.7073500000000001
-2.9302978515625,1.7074000000000003
-3.28460693359375,1.7074500000000001
-3.2330322265625,1.7075000000000002
-3.02215576171875,1.7075500000000001
-2.65716552734375,1.7076000000000002
-2.8973388671875,1.7076500000000001
-3.19305419921875,1.7077000000000002
-3.19122314453125,1.70775
-2.77130126953125,1.7078000000000002
-2.701416015625,1.70785
-3.07830810546875,1.7079000000000002
-2.87750244140625,1.70795
-3.006591796875,1.7080000000000002
-2.9522705078125,1.70805
-2.80517578125,1.7081000000000002
-2.74749755859375,1.7081500000000003
-3.062744140625,1.7082000000000002
-2.568359375,1.7082500000000003
-2.994384765625,1.7083000000000002
-2.92083740234375,1.7083500000000003
-3.1085205078125,1.7084000000000001
-3.06427001953125,1.7084500000000002
-3.13720703125,1.7085000000000001
-3.38714599609375,1.7085500000000002
-3.33648681640625,1.7086000000000001
-3.17596435546875,1.7086500000000002
-3.3306884765625,1.7087
-3.09112548828125,1.7087500000000002
-3.2269287109375,1.7088
-3.29254150390625,1.7088500000000002
-3.289794921875,1.7089
-3.23272705078125,1.7089500000000002
-2.91778564453125,1.709
-3.148193359375,1.7090500000000002
-3.24493408203125,1.7091000000000003
-3.1695556640625,1.7091500000000002
-3.22479248046875,1.7092000000000003
-3.30047607421875,1.7092500000000002
-2.97454833984375,1.7093000000000003
-3.32794189453125,1.7093500000000001
-3.338623046875,1.7094000000000003
-3.23028564453125,1.7094500000000001
-2.86163330078125,1.7095000000000002
-3.40484619140625,1.7095500000000001
-2.78839111328125,1.7096000000000002
-3.01666259765625,1.7096500000000001
-3.10211181640625,1.7097000000000002
-3.01788330078125,1.70975
-2.85186767578125,1.7098000000000002
-3.118896484375,1.70985
-2.98919677734375,1.7099000000000002
-3.31756591796875,1.70995
-3.24127197265625,1.7100000000000002
-3.1561279296875,1.71005
-2.962646484375,1.7101000000000002
-2.7679443359375,1.7101500000000003
-3.111572265625,1.7102000000000002
-3.21197509765625,1.7102500000000003
-3.25439453125,1.7103000000000002
-3.133544921875,1.7103500000000003
-2.9949951171875,1.7104000000000001
-3.277587890625,1.7104500000000002
-3.41644287109375,1.7105000000000001
-3.33831787109375,1.7105500000000002
-3.4051513671875,1.7106000000000001
-3.09326171875,1.7106500000000002
-3.21533203125,1.7107
-3.0792236328125,1.7107500000000002
-3.328857421875,1.7108
-3.1500244140625,1.7108500000000002
-3.36883544921875,1.7109
-3.12957763671875,1.7109500000000002
-3.0230712890625,1.711
-3.16650390625,1.7110500000000002
-3.08380126953125,1.7111000000000003
-3.0316162109375,1.7111500000000002
-3.33648681640625,1.7112000000000003
-2.96539306640625,1.7112500000000002
-3.0096435546875,1.7113000000000003
-3.3673095703125,1.7113500000000001
-2.95989990234375,1.7114000000000003
-3.18145751953125,1.7114500000000001
-3.189697265625,1.7115000000000002
-2.940673828125,1.7115500000000001
-3.126220703125,1.7116000000000002
-3.2757568359375,1.7116500000000001
-3.16436767578125,1.7117000000000002
-3.06671142578125,1.71175
-3.203125,1.7118000000000002
-2.95166015625,1.71185
-2.79266357421875,1.7119000000000002
-3.18115234375,1.71195
-3.050537109375,1.7120000000000002
-3.123779296875,1.71205
-2.9833984375,1.7121000000000002
-2.906494140625,1.7121500000000003
-3.2073974609375,1.7122000000000002
-3.087158203125,1.7122500000000003
-2.9913330078125,1.7123000000000002
-3.18756103515625,1.7123500000000003
-3.27972412109375,1.7124000000000001
-3.2275390625,1.7124500000000002
-3.150634765625,1.7125000000000001
-3.14056396484375,1.7125500000000002
-3.27239990234375,1.7126000000000001
-2.9364013671875,1.7126500000000002
-3.17352294921875,1.7127000000000001
-2.8289794921875,1.7127500000000002
-2.99560546875,1.7128
-3.11370849609375,1.7128500000000002
-3.12225341796875,1.7129
-2.9315185546875,1.7129500000000002
-3.02093505859375,1.713
-3.1561279296875,1.7130500000000002
-3.372802734375,1.7131000000000003
-3.411865234375,1.7131500000000002
-3.16925048828125,1.7132000000000003
-2.906494140625,1.7132500000000002
-3.0609130859375,1.7133000000000003
-3.06182861328125,1.7133500000000002
-3.03131103515625,1.7134000000000003
-3.23333740234375,1.7134500000000001
-2.9168701171875,1.7135000000000002
-2.91778564453125,1.7135500000000001
-2.9669189453125,1.7136000000000002
-2.9779052734375,1.7136500000000001
-2.86529541015625,1.7137000000000002
-2.94921875,1.71375
-2.97607421875,1.7138000000000002
-3.35052490234375,1.71385
-2.99560546875,1.7139000000000002
-3.2080078125,1.71395
-2.97027587890625,1.7140000000000002
-3.31878662109375,1.71405
-2.95562744140625,1.7141000000000002
-2.78106689453125,1.7141500000000003
-3.02337646484375,1.7142000000000002
-2.76275634765625,1.7142500000000003
-2.72369384765625,1.7143000000000002
-2.8790283203125,1.7143500000000003
-2.8253173828125,1.7144000000000001
-2.86285400390625,1.7144500000000003
-3.00506591796875,1.7145000000000001
-3.0322265625,1.7145500000000002
-2.9058837890625,1.7146000000000001
-2.890625,1.7146500000000002
-2.8765869140625,1.7147000000000001
-2.97271728515625,1.7147500000000002
-3.253173828125,1.7148
-2.9742431640625,1.7148500000000002
-2.78778076171875,1.7149
-3.0218505859375,1.7149500000000002
-2.91839599609375,1.715
-2.7862548828125,1.7150500000000002
-3.00323486328125,1.7151
-2.69744873046875,1.7151500000000002
-2.884521484375,1.7152000000000003
-2.67578125,1.7152500000000002
-2.7996826171875,1.7153000000000003
-2.7850341796875,1.7153500000000002
-2.684326171875,1.7154000000000003
-2.850341796875,1.7154500000000001
-3.0560302734375,1.7155000000000002
-2.64739990234375,1.7155500000000001
-2.73468017578125,1.7156000000000002
-2.78900146484375,1.7156500000000001
-3.153076171875,1.7157000000000002
-2.9071044921875,1.71575
-2.54364013671875,1.7158000000000002
-2.94647216796875,1.71585
-2.606201171875,1.7159000000000002
-2.94464111328125,1.71595
-2.82196044921875,1.7160000000000002
-2.6495361328125,1.71605
-2.59124755859375,1.7161000000000002
-2.72369384765625,1.7161500000000003
-2.7655029296875,1.7162000000000002
-2.8155517578125,1.7162500000000003
-3.00750732421875,1.7163000000000002
-2.681884765625,1.7163500000000003
-2.5567626953125,1.7164000000000001
-3.03009033203125,1.7164500000000003
-3.05267333984375,1.7165000000000001
-3.06243896484375,1.7165500000000002
-3.21136474609375,1.7166000000000001
-2.84332275390625,1.7166500000000002
-3.06304931640625,1.7167000000000001
-2.96112060546875,1.7167500000000002
-2.76092529296875,1.7168
-2.896728515625,1.7168500000000002
-3.1732177734375,1.7169
-2.6910400390625,1.7169500000000002
-3.0804443359375,1.717
-2.89337158203125,1.7170500000000002
-3.0401611328125,1.7171
-2.95440673828125,1.7171500000000002
-2.99774169921875,1.7172000000000003
-2.85430908203125,1.7172500000000002
-2.90313720703125,1.7173000000000003
-3.14239501953125,1.7173500000000002
-3.0194091796875,1.7174000000000003
-2.8759765625,1.7174500000000001
-2.95654296875,1.7175000000000002
-3.16131591796875,1.7175500000000001
-3.08685302734375,1.7176000000000002
-3.34197998046875,1.7176500000000001
-3.3477783203125,1.7177000000000002
-2.9443359375,1.71775
-3.1829833984375,1.7178000000000002
-3.04290771484375,1.71785
-2.85125732421875,1.7179000000000002
-3.359375,1.71795
-2.972412109375,1.7180000000000002
-2.91015625,1.71805
-3.11309814453125,1.7181000000000002
-2.989501953125,1.71815
-2.92022705078125,1.7182000000000002
-3.1121826171875,1.7182500000000003
-3.150634765625,1.7183000000000002
-3.17138671875,1.7183500000000003
-2.88726806640625,1.7184000000000001
-3.045654296875,1.7184500000000003
-3.11492919921875,1.7185000000000001
-3.1951904296875,1.7185500000000002
-2.7862548828125,1.7186000000000001
-3.01788330078125,1.7186500000000002
-2.7362060546875,1.7187000000000001
-2.85125732421875,1.7187500000000002
-2.9400634765625,1.7188
-2.98095703125,1.7188500000000002
-2.91107177734375,1.7189
-2.73162841796875,1.7189500000000002
-2.8662109375,1.719
-2.85308837890625,1.7190500000000002
-3.1036376953125,1.7191
-2.8924560546875,1.7191500000000002
-2.90191650390625,1.7192000000000003
-2.77862548828125,1.7192500000000002
-3.133544921875,1.7193000000000003
-3.0755615234375,1.7193500000000002
-3.05633544921875,1.7194000000000003
-2.98309326171875,1.7194500000000001
-3.04656982421875,1.7195000000000003
-2.581787109375,1.7195500000000001
-3.060302734375,1.7196000000000002
-2.9022216796875,1.7196500000000001
-3.03802490234375,1.7197000000000002
-2.88543701171875,1.7197500000000001
-2.8814697265625,1.7198000000000002
-2.9254150390625,1.71985
-2.90191650390625,1.7199000000000002
-3.0279541015625,1.71995
-3.10760498046875,1.7200000000000002
-3.045654296875,1.72005
-2.67913818359375,1.7201000000000002
-3.07952880859375,1.7201500000000003
-3.36456298828125,1.7202000000000002
-3.1494140625,1.7202500000000003
-2.92724609375,1.7203000000000002
-3.446044921875,1.7203500000000003
-2.9010009765625,1.7204000000000002
-3.37982177734375,1.7204500000000003
-3.38226318359375,1.7205000000000001
-3.17779541015625,1.7205500000000002
-3.2733154296875,1.7206000000000001
-3.21044921875,1.7206500000000002
-3.11370849609375,1.7207000000000001
-3.22357177734375,1.7207500000000002
-3.39599609375,1.7208
-3.14300537109375,1.7208500000000002
-2.9241943359375,1.7209
-3.08929443359375,1.7209500000000002
-3.15887451171875,1.721
-3.289794921875,1.7210500000000002
-3.4039306640625,1.7211
-3.3905029296875,1.7211500000000002
-3.060302734375,1.7212000000000003
-3.2769775390625,1.7212500000000002
-3.1060791015625,1.7213000000000003
-3.1915283203125,1.7213500000000002
-3.30596923828125,1.7214000000000003
-3.12042236328125,1.7214500000000001
-3.19000244140625,1.7215000000000003
-2.75604248046875,1.7215500000000001
-2.98980712890625,1.7216000000000002
-3.19976806640625,1.7216500000000001
-3.10943603515625,1.7217000000000002
-2.666015625,1.7217500000000001
-2.81158447265625,1.7218000000000002
-2.93731689453125,1.72185
-3.00750732421875,1.7219000000000002
-2.85888671875,1.72195
-3.316650390625,1.7220000000000002
-2.835693359375,1.72205
-3.09234619140625,1.7221000000000002
-3.43841552734375,1.72215
-2.97271728515625,1.7222000000000002
-3.28369140625,1.7222500000000003
-3.2647705078125,1.7223000000000002
-3.12347412109375,1.7223500000000003
-3.19305419921875,1.7224000000000002
-3.38104248046875,1.7224500000000003
-3.24554443359375,1.7225000000000001
-3.19610595703125,1.7225500000000002
-3.03314208984375,1.7226000000000001
-3.2208251953125,1.7226500000000002
-2.93853759765625,1.7227000000000001
-3.06793212890625,1.7227500000000002
-3.1219482421875,1.7228
-3.15704345703125,1.7228500000000002
-2.90924072265625,1.7229
-2.89642333984375,1.7229500000000002
-3.0267333984375,1.723
-3.08441162109375,1.7230500000000002
-2.85919189453125,1.7231
-2.93182373046875,1.7231500000000002
-2.7777099609375,1.7232000000000003
-2.65167236328125,1.7232500000000002
-2.86376953125,1.7233000000000003
-2.7716064453125,1.7233500000000002
-2.85919189453125,1.7234000000000003
-2.6318359375,1.7234500000000001
-2.89398193359375,1.7235000000000003
-2.55218505859375,1.7235500000000001
-2.79541015625,1.7236000000000002
-2.93853759765625,1.7236500000000001
-2.67578125,1.7237000000000002
-2.713623046875,1.7237500000000001
-3.03314208984375,1.7238000000000002
-2.84576416015625,1.72385
-3.12286376953125,1.7239000000000002
-2.99102783203125,1.72395
-2.9876708984375,1.7240000000000002
-2.68341064453125,1.72405
-2.9156494140625,1.7241000000000002
-2.8045654296875,1.72415
-2.852783203125,1.7242000000000002
-3.1640625,1.7242500000000003
-3.03802490234375,1.7243000000000002
-2.8173828125,1.7243500000000003
-3.05328369140625,1.7244000000000002
-3.28887939453125,1.7244500000000003
-3.23150634765625,1.7245000000000001
-3.2781982421875,1.7245500000000002
-3.01300048828125,1.7246000000000001
-3.2940673828125,1.7246500000000002
-3.5955810546875,1.7247000000000001
-3.6541748046875,1.7247500000000002
-3.30718994140625,1.7248
-3.64959716796875,1.7248500000000002
-3.49151611328125,1.7249
-3.51776123046875,1.7249500000000002
-3.68743896484375,1.725
-3.54156494140625,1.7250500000000002
-3.38714599609375,1.7251
-3.63372802734375,1.7251500000000002
-3.32061767578125,1.7252
-3.40484619140625,1.7252500000000002
-3.7261962890625,1.7253
-3.53607177734375,1.7253500000000002
-3.3465576171875,1.7254
-3.69415283203125,1.7254500000000002
-3.31939697265625,1.7255
-3.870849609375,1.7255500000000001
-3.87847900390625,1.7256
-3.71490478515625,1.7256500000000001
-3.4844970703125,1.7257
-3.5015869140625,1.7257500000000001
-3.428955078125,1.7258000000000002
-3.1695556640625,1.72585
-3.328857421875,1.7259000000000002
-3.16253662109375,1.72595
-3.1024169921875,1.7260000000000002
-2.6446533203125,1.72605
-2.899169921875,1.7261000000000002
-2.86895751953125,1.72615
-2.80517578125,1.7262000000000002
-2.706298828125,1.72625
-2.79510498046875,1.7263000000000002
-2.7239990234375,1.72635
-2.783203125,1.7264000000000002
-2.7703857421875,1.72645
-2.64373779296875,1.7265000000000001
-2.513427734375,1.72655
-2.23052978515625,1.7266000000000001
-2.48748779296875,1.72665
-2.0367431640625,1.7267000000000001
-2.37274169921875,1.72675
-2.3291015625,1.7268000000000001
-2.29827880859375,1.7268500000000002
-2.408447265625,1.7269
-2.626953125,1.7269500000000002
-2.62969970703125,1.727
-2.8485107421875,1.7270500000000002
-2.98583984375,1.7271
-3.0218505859375,1.7271500000000002
-3.08319091796875,1.7272
-3.10333251953125,1.7272500000000002
-3.1585693359375,1.7273
-3.3160400390625,1.7273500000000002
-3.38897705078125,1.7274
-3.018798828125,1.7274500000000002
-3.04840087890625,1.7275
-3.135986328125,1.7275500000000001
-3.03375244140625,1.7276
-3.115234375,1.7276500000000001
-3.1036376953125,1.7277
-2.74993896484375,1.7277500000000001
-3.10302734375,1.7278000000000002
-2.9888916015625,1.72785
-3.017578125,1.7279000000000002
-2.67181396484375,1.72795
-2.9913330078125,1.7280000000000002
-2.789306640625,1.72805
-3.0072021484375,1.7281000000000002
-3.12469482421875,1.72815
-3.03436279296875,1.7282000000000002
-2.70965576171875,1.72825
-3.10699462890625,1.7283000000000002
-2.8387451171875,1.72835
-3.00872802734375,1.7284000000000002
-2.90924072265625,1.72845
-3.1744384765625,1.7285000000000001
-2.6361083984375,1.72855
-3.05023193359375,1.7286000000000001
-2.6434326171875,1.72865
-2.79052734375,1.7287000000000001
-3.1854248046875,1.72875
-2.99102783203125,1.7288000000000001
-2.61688232421875,1.7288500000000002
-2.9315185546875,1.7289
-2.9437255859375,1.7289500000000002
-2.88116455078125,1.729
-2.87811279296875,1.7290500000000002
-2.76580810546875,1.7291
-2.7508544921875,1.7291500000000002
-2.728271484375,1.7292
-2.71453857421875,1.7292500000000002
-2.8546142578125,1.7293
-2.828369140625,1.7293500000000002
-2.92877197265625,1.7294
-3.11859130859375,1.7294500000000002
-2.8204345703125,1.7295
-3.04595947265625,1.7295500000000001
-3.08502197265625,1.7296
-3.236083984375,1.7296500000000001
-3.02978515625,1.7297
-3.028564453125,1.7297500000000001
-3.23394775390625,1.7298
-3.02825927734375,1.72985
-3.18511962890625,1.7299000000000002
-3.23455810546875,1.72995
-3.00018310546875,1.7300000000000002
-2.77679443359375,1.73005
-3.36395263671875,1.7301000000000002
-3.2861328125,1.73015
-3.21533203125,1.7302000000000002
-3.44512939453125,1.73025
-3.1500244140625,1.7303000000000002
-2.8240966796875,1.73035
-3.44268798828125,1.7304000000000002
-3.28643798828125,1.73045
-3.32000732421875,1.7305000000000001
-3.13934326171875,1.73055
-3.04290771484375,1.7306000000000001
-3.2330322265625,1.73065
-3.27392578125,1.7307000000000001
-2.9437255859375,1.73075
-3.14453125,1.7308000000000001
-3.216552734375,1.7308500000000002
-3.03466796875,1.7309
-3.33984375,1.7309500000000002
-3.14666748046875,1.731
-3.21136474609375,1.7310500000000002
-3.06243896484375,1.7311
-3.03680419921875,1.7311500000000002
-2.7630615234375,1.7312
-3.076171875,1.7312500000000002
-2.98187255859375,1.7313
-3.03680419921875,1.7313500000000002
-3.00506591796875,1.7314
-2.823486328125,1.7314500000000002
-2.81646728515625,1.7315
-3.1494140625,1.7315500000000001
-3.21624755859375,1.7316
-3.29620361328125,1.7316500000000001
-2.73162841796875,1.7317
-3.28765869140625,1.7317500000000001
-3.109130859375,1.7318000000000002
-3.18572998046875,1.7318500000000001
-3.47625732421875,1.7319000000000002
-3.14971923828125,1.73195
-2.90985107421875,1.7320000000000002
-3.16558837890625,1.73205
-3.309326171875,1.7321000000000002
-3.19610595703125,1.73215
-3.22662353515625,1.7322000000000002
-3.20953369140625,1.73225
-3.21380615234375,1.7323000000000002
-3.2403564453125,1.73235
-3.34564208984375,1.7324000000000002
-3.19244384765625,1.73245
-3.37799072265625,1.7325000000000002
-3.03863525390625,1.73255
-3.44818115234375,1.7326000000000001
-2.96905517578125,1.73265
-3.1634521484375,1.7327000000000001
-3.16986083984375,1.73275
-3.43597412109375,1.7328000000000001
-2.8033447265625,1.7328500000000002
-3.22174072265625,1.7329
-3.135986328125,1.7329500000000002
-3.07830810546875,1.733
-3.13232421875,1.7330500000000002
-3.074951171875,1.7331
-2.9693603515625,1.7331500000000002
-2.845458984375,1.7332
-3.3929443359375,1.7332500000000002
-3.40484619140625,1.7333
-3.21533203125,1.7333500000000002
-3.08441162109375,1.7334
-3.4283447265625,1.7334500000000002
-3.09967041015625,1.7335
-3.30657958984375,1.7335500000000001
-3.3343505859375,1.7336
-3.2696533203125,1.7336500000000001
-3.187255859375,1.7337
-3.23760986328125,1.7337500000000001
-3.11126708984375,1.7338
-3.15093994140625,1.7338500000000001
-3.32427978515625,1.7339000000000002
-3.165283203125,1.73395
-3.06365966796875,1.7340000000000002
-2.7850341796875,1.73405
-3.0682373046875,1.7341000000000002
-3.1134033203125,1.73415
-2.913818359375,1.7342000000000002
-2.7825927734375,1.73425
-2.96478271484375,1.7343000000000002
-2.73193359375,1.73435
-3.2806396484375,1.7344000000000002
-3.1451416015625,1.73445
-2.68524169921875,1.7345000000000002
-2.60223388671875,1.73455
-2.91961669921875,1.7346000000000001
-2.6702880859375,1.73465
-2.94769287109375,1.7347000000000001
-3.128662109375,1.73475
-2.860107421875,1.7348000000000001
-2.56866455078125,1.7348500000000002
-2.96539306640625,1.7349
-2.85797119140625,1.7349500000000002
-2.90771484375,1.735
-2.92999267578125,1.7350500000000002
-3.0206298828125,1.7351
-2.95166015625,1.7351500000000002
-3.0230712890625,1.7352
-3.00689697265625,1.7352500000000002
-2.96051025390625,1.7353
-3.03985595703125,1.7353500000000002
-3.04595947265625,1.7354
-2.96844482421875,1.7354500000000002
-2.98095703125,1.7355
-3.04595947265625,1.7355500000000001
-3.12042236328125,1.7356
-2.92449951171875,1.7356500000000001
-2.801513671875,1.7357
-2.92999267578125,1.7357500000000001
-2.79754638671875,1.7358
-3.01788330078125,1.7358500000000001
-3.0267333984375,1.7359000000000002
-3.016357421875,1.73595
-2.7410888671875,1.7360000000000002
-3.03375244140625,1.73605
-3.17626953125,1.7361000000000002
-2.91168212890625,1.73615
-2.684326171875,1.7362000000000002
-3.148193359375,1.73625
-2.86651611328125,1.7363000000000002
-2.91351318359375,1.73635
-3.3184814453125,1.7364000000000002
-3.1439208984375,1.73645
-2.92999267578125,1.7365000000000002
-2.85858154296875,1.73655
-3.1243896484375,1.7366000000000001
-2.83477783203125,1.73665
-2.955322265625,1.7367000000000001
-3.05450439453125,1.73675
-3.05419921875,1.7368000000000001
-2.9736328125,1.73685
-3.01361083984375,1.7369
-2.9522705078125,1.7369500000000002
-3.2257080078125,1.737
-3.12042236328125,1.7370500000000002
-3.03497314453125,1.7371
-2.889404296875,1.7371500000000002
-3.0633544921875,1.7372
-3.291015625,1.7372500000000002
-3.34716796875,1.7373
-3.0780029296875,1.7373500000000002
-3.1201171875,1.7374
-3.21868896484375,1.7374500000000002
-3.1414794921875,1.7375
-3.34442138671875,1.7375500000000001
-3.203125,1.7376
-3.04534912109375,1.7376500000000001
-3.009033203125,1.7377
-3.3660888671875,1.7377500000000001
-3.3367919921875,1.7378
-3.497314453125,1.7378500000000001
-3.62823486328125,1.7379000000000002
-3.51837158203125,1.73795
-3.4381103515625,1.7380000000000002
-3.6456298828125,1.73805
-3.27880859375,1.7381000000000002
-3.4490966796875,1.73815
-3.7261962890625,1.7382000000000002
-3.57940673828125,1.73825
-3.32672119140625,1.7383000000000002
-3.54705810546875,1.73835
-3.636474609375,1.7384000000000002
-3.52386474609375,1.73845
-3.38775634765625,1.7385000000000002
-3.4136962890625,1.73855
-3.29864501953125,1.7386000000000001
-3.36456298828125,1.73865
-3.52935791015625,1.7387000000000001
-3.54095458984375,1.73875
-3.2293701171875,1.7388000000000001
-3.54644775390625,1.73885
-3.6767578125,1.7389000000000001
-3.5986328125,1.7389500000000002
-3.5009765625,1.739
-3.2708740234375,1.7390500000000002
-3.44482421875,1.7391
-2.9583740234375,1.7391500000000002
-3.07281494140625,1.7392
-3.0548095703125,1.7392500000000002
-3.08868408203125,1.7393
-2.85308837890625,1.7393500000000002
-3.2244873046875,1.7394
-2.9022216796875,1.7394500000000002
-2.97332763671875,1.7395
-3.3807373046875,1.7395500000000002
-3.33221435546875,1.7396
-3.07952880859375,1.7396500000000001
-3.099365234375,1.7397
-3.29803466796875,1.7397500000000001
-3.25653076171875,1.7398
-3.47137451171875,1.7398500000000001
-3.3697509765625,1.7399000000000002
-3.30963134765625,1.73995
-2.96051025390625,1.7400000000000002
-3.07830810546875,1.74005
-3.18267822265625,1.7401000000000002
-3.25927734375,1.74015
-3.118896484375,1.7402000000000002
-3.11187744140625,1.74025
-2.75421142578125,1.7403000000000002
-2.999267578125,1.74035
-3.27789306640625,1.7404000000000002
-2.9541015625,1.74045
-2.783203125,1.7405000000000002
-2.99468994140625,1.74055
-2.9534912109375,1.7406000000000001
-2.89764404296875,1.74065
-3.0682373046875,1.7407000000000001
-2.89764404296875,1.74075
-2.752685546875,1.7408000000000001
-2.77587890625,1.74085
-3.12835693359375,1.7409000000000001
-2.939453125,1.7409500000000002
-3.05389404296875,1.741
-3.0792236328125,1.7410500000000002
-3.02459716796875,1.7411
-2.73162841796875,1.7411500000000002
-2.93701171875,1.7412
-2.8973388671875,1.7412500000000002
-2.83905029296875,1.7413
-3.02581787109375,1.7413500000000002
-2.95166015625,1.7414
-2.77740478515625,1.7414500000000002
-2.933349609375,1.7415
-2.93426513671875,1.7415500000000002
-2.840576171875,1.7416
-2.8802490234375,1.7416500000000001
-2.93304443359375,1.7417
-3.094482421875,1.7417500000000001
-2.93731689453125,1.7418
-2.890625,1.7418500000000001
-3.20220947265625,1.7419000000000002
-2.80059814453125,1.74195
-2.752685546875,1.7420000000000002
-3.02978515625,1.74205
-2.63458251953125,1.7421000000000002
-2.84912109375,1.74215
-2.6611328125,1.7422000000000002
-2.77679443359375,1.74225
-2.54547119140625,1.7423000000000002
-2.59429931640625,1.74235
-3.0450439453125,1.7424000000000002
-3.021240234375,1.74245
-2.77191162109375,1.7425000000000002
-3.00689697265625,1.74255
-2.64251708984375,1.7426000000000001
-2.75421142578125,1.74265
-3.07525634765625,1.7427000000000001
-3.1146240234375,1.74275
-2.50213623046875,1.7428000000000001
-2.8167724609375,1.74285
-2.923583984375,1.7429000000000001
-2.81402587890625,1.7429500000000002
-2.86865234375,1.743
-2.90679931640625,1.7430500000000002
-2.80548095703125,1.7431
-2.6513671875,1.7431500000000002
-2.767333984375,1.7432
-2.9681396484375,1.7432500000000002
-2.95806884765625,1.7433
-2.7880859375,1.7433500000000002
-3.09112548828125,1.7434
-2.66021728515625,1.7434500000000002
-2.76580810546875,1.7435
-2.91351318359375,1.7435500000000002
-2.98004150390625,1.7436
-2.5677490234375,1.7436500000000001
-2.9241943359375,1.7437
-2.6885986328125,1.7437500000000001
-2.91290283203125,1.7438
-2.921142578125,1.7438500000000001
-3.08746337890625,1.7439
-2.847900390625,1.7439500000000001
-2.65838623046875,1.7440000000000002
-3.076171875,1.74405
-2.98431396484375,1.7441000000000002
-3.01361083984375,1.74415
-2.7288818359375,1.7442000000000002
-3.1585693359375,1.74425
-2.89276123046875,1.7443000000000002
-3.1597900390625,1.74435
-3.05267333984375,1.7444000000000002
-2.84454345703125,1.74445
-3.1134033203125,1.7445000000000002
-3.1683349609375,1.74455
-2.9986572265625,1.7446000000000002
-3.12469482421875,1.74465
-2.89947509765625,1.7447000000000001
-3.0322265625,1.74475
-2.96234130859375,1.7448000000000001
-2.8570556640625,1.74485
-3.19854736328125,1.7449000000000001
-2.88604736328125,1.7449500000000002
-2.977294921875,1.745
-3.148193359375,1.7450500000000002
-3.08807373046875,1.7451
-2.957763671875,1.7451500000000002
-3.4234619140625,1.7452
-3.02276611328125,1.7452500000000002
-3.2684326171875,1.7453
-3.25653076171875,1.7453500000000002
-3.226318359375,1.7454
-2.926025390625,1.7454500000000002
-3.37066650390625,1.7455
-3.499755859375,1.7455500000000002
-3.3843994140625,1.7456
-3.2159423828125,1.7456500000000001
-3.0889892578125,1.7457
-3.2403564453125,1.7457500000000001
-3.15032958984375,1.7458
-3.35601806640625,1.7458500000000001
-3.4246826171875,1.7459
-2.972412109375,1.7459500000000001
-3.24798583984375,1.7460000000000002
-3.33740234375,1.74605
-3.17535400390625,1.7461000000000002
-3.30413818359375,1.74615
-3.31268310546875,1.7462000000000002
-3.31756591796875,1.74625
-3.34197998046875,1.7463000000000002
-3.1365966796875,1.74635
-3.37799072265625,1.7464000000000002
-3.39599609375,1.74645
-3.21929931640625,1.7465000000000002
-3.4234619140625,1.74655
-3.08197021484375,1.7466000000000002
-3.25897216796875,1.74665
-3.16192626953125,1.7467000000000001
-3.187255859375,1.74675
-2.83935546875,1.7468000000000001
-3.0023193359375,1.74685
-3.1256103515625,1.7469000000000001
-3.26019287109375,1.7469500000000002
-3.284912109375,1.747
-3.416748046875,1.7470500000000002
-3.04931640625,1.7471
-3.416748046875,1.7471500000000002
-3.4515380859375,1.7472
-3.51409912109375,1.7472500000000002
-3.39111328125,1.7473
-3.2147216796875,1.7473500000000002
-3.40240478515625,1.7474
-2.9888916015625,1.7474500000000002
-3.25958251953125,1.7475
-3.1744384765625,1.7475500000000002
-2.80731201171875,1.7476
-3.1005859375,1.7476500000000001
-3.1158447265625,1.7477
-2.9278564453125,1.7477500000000001
-3.126220703125,1.7478
-3.2098388671875,1.7478500000000001
-3.28948974609375,1.7479
-3.1646728515625,1.7479500000000001
-3.2598876953125,1.7480000000000002
-3.1414794921875,1.74805
-3.082275390625,1.7481000000000002
-3.12652587890625,1.74815
-3.14483642578125,1.7482000000000002
-2.835693359375,1.74825
-2.93914794921875,1.7483000000000002
-3.2928466796875,1.74835
-3.13934326171875,1.7484000000000002
-3.15185546875,1.74845
-3.22235107421875,1.7485000000000002
-3.1597900390625,1.74855
-3.16925048828125,1.7486000000000002
-3.46282958984375,1.74865
-3.62030029296875,1.7487000000000001
-3.6798095703125,1.74875
-3.50433349609375,1.7488000000000001
-3.482666015625,1.74885
-3.64837646484375,1.7489000000000001
-3.3233642578125,1.7489500000000002
-3.697509765625,1.749
-3.58917236328125,1.7490500000000002
-3.10546875,1.7491
-3.3709716796875,1.7491500000000002
-3.18603515625,1.7492
-3.18603515625,1.7492500000000002
-3.2208251953125,1.7493
-3.31024169921875,1.7493500000000002
-3.14605712890625,1.7494
-3.05389404296875,1.7494500000000002
-3.2861328125,1.7495
-3.326416015625,1.7495500000000002
-3.24310302734375,1.7496
-3.14056396484375,1.7496500000000001
-3.4222412109375,1.7497
-3.00445556640625,1.7497500000000001
-3.15673828125,1.7498
-3.10028076171875,1.7498500000000001
-3.0413818359375,1.7499
-2.6483154296875,1.7499500000000001
-2.74749755859375,1.75
-2.7325439453125,1.75005
-2.908935546875,1.7501
-2.88177490234375,1.75015
-2.81494140625,1.7502
-2.7862548828125,1.75025
-3.067626953125,1.7503
-3.02459716796875,1.75035
-3.23577880859375,1.7504
-2.8912353515625,1.75045
-3.1671142578125,1.7505
-3.1201171875,1.75055
-2.9498291015625,1.7506
-3.115234375,1.75065
-2.9083251953125,1.7507
-2.869873046875,1.75075
-2.90283203125,1.7508
-2.77587890625,1.75085
-2.640380859375,1.7509
-2.86773681640625,1.75095
-2.9730224609375,1.751
-2.930908203125,1.75105
-2.698974609375,1.7511
-3.08197021484375,1.75115
-2.94097900390625,1.7512
-3.0511474609375,1.75125
-2.88726806640625,1.7513
-2.94891357421875,1.75135
-2.6275634765625,1.7514
-2.76702880859375,1.75145
-3.05267333984375,1.7515
-3.0267333984375,1.75155
-2.847900390625,1.7516
-2.83355712890625,1.75165
-2.77984619140625,1.7517
-3.0499267578125,1.75175
-3.0902099609375,1.7518
-3.2281494140625,1.75185
-3.2208251953125,1.7519
-3.2061767578125,1.75195
-3.43231201171875,1.752
-3.4967041015625,1.75205
-3.37310791015625,1.7521
-3.78753662109375,1.75215
-3.82843017578125,1.7522
-3.590087890625,1.75225
-3.760986328125,1.7523
-3.870849609375,1.75235
-4.0045166015625,1.7524
-3.687744140625,1.75245
-3.7152099609375,1.7525
-3.62640380859375,1.75255
-3.53851318359375,1.7526
-3.751220703125,1.75265
-3.52935791015625,1.7527
-3.1842041015625,1.75275
-3.10821533203125,1.7528
-3.57208251953125,1.75285
-3.45611572265625,1.7529
-3.4344482421875,1.75295
-3.32489013671875,1.753
-3.37127685546875,1.75305
-3.2879638671875,1.7531
-3.64410400390625,1.75315
-3.7298583984375,1.7532
-3.779296875,1.75325
-3.2989501953125,1.7533
-3.53057861328125,1.75335
-3.32733154296875,1.7534
-3.41583251953125,1.75345
-3.126220703125,1.7535
-3.236083984375,1.75355
-2.8692626953125,1.7536
-2.99072265625,1.75365
-2.77557373046875,1.7537
-2.82470703125,1.75375
-3.02093505859375,1.7538
-3.0389404296875,1.75385
-2.764892578125,1.7539
-2.76123046875,1.75395
-2.87017822265625,1.754
-2.8863525390625,1.75405
-3.10546875,1.7541
-2.76336669921875,1.75415
-3.017578125,1.7542
-2.6715087890625,1.75425
-2.94525146484375,1.7543
-2.923583984375,1.75435
-2.95379638671875,1.7544
-2.78656005859375,1.75445
-2.847900390625,1.7545
-2.69805908203125,1.75455
-2.98309326171875,1.7546
-3.14117431640625,1.75465
-3.13995361328125,1.7547
-3.20648193359375,1.75475
-3.1085205078125,1.7548
-3.238525390625,1.75485
-3.3514404296875,1.7549
-3.104248046875,1.75495
-3.3831787109375,1.755
-3.3624267578125,1.75505
-3.07098388671875,1.7551
-3.25225830078125,1.75515
-3.14697265625,1.7552
-3.1072998046875,1.75525
-3.30413818359375,1.7553
-3.24371337890625,1.75535
-2.7667236328125,1.7554
-2.91015625,1.75545
-3.18267822265625,1.7555
-3.07281494140625,1.75555
-2.64434814453125,1.7556
-2.75482177734375,1.75565
-3.0706787109375,1.7557
-2.867431640625,1.75575
-2.98065185546875,1.7558
-2.96539306640625,1.75585
-2.5018310546875,1.7559
-2.43377685546875,1.75595
-2.93731689453125,1.756
-2.74627685546875,1.75605
-2.5726318359375,1.7561
-2.73193359375,1.75615
-2.39166259765625,1.7562
-2.64068603515625,1.75625
-2.5274658203125,1.7563
-2.48748779296875,1.75635
-2.79571533203125,1.7564
-2.6068115234375,1.75645
-2.84576416015625,1.7565
-2.8131103515625,1.75655
-2.60528564453125,1.7566
-2.8326416015625,1.75665
-2.900390625,1.7567
-2.60467529296875,1.75675
-2.65350341796875,1.7568
-2.47314453125,1.75685
-2.59185791015625,1.7569
-2.8753662109375,1.75695
-2.67730712890625,1.757
-2.684326171875,1.75705
-2.7252197265625,1.7571
-2.76702880859375,1.75715
-2.8289794921875,1.7572
-2.70111083984375,1.75725
-2.5396728515625,1.7573
-2.9547119140625,1.75735
-2.6983642578125,1.7574
-3.013916015625,1.75745
-2.69287109375,1.7575
-2.7874755859375,1.75755
-2.5531005859375,1.7576
-2.91961669921875,1.75765
-2.50030517578125,1.7577
-2.9345703125,1.75775
-2.90557861328125,1.7578
-2.6690673828125,1.75785
-2.85614013671875,1.7579
-2.83538818359375,1.75795
-2.74444580078125,1.758
-3.001708984375,1.75805
-2.72430419921875,1.7581
-2.82470703125,1.75815
-2.7886962890625,1.7582
-2.47802734375,1.75825
-2.9010009765625,1.7583
-3.1634521484375,1.75835
-2.70782470703125,1.7584
-2.97332763671875,1.75845
-3.2269287109375,1.7585
-2.7337646484375,1.75855
-3.21258544921875,1.7586
-3.03436279296875,1.75865
-3.04901123046875,1.7587
-2.89886474609375,1.75875
-2.9132080078125,1.7588
-2.91290283203125,1.75885
-3.00323486328125,1.7589
-2.90374755859375,1.75895
-3.07220458984375,1.759
-2.81890869140625,1.75905
-2.89398193359375,1.7591
-3.24920654296875,1.75915
-3.26019287109375,1.7592
-2.9669189453125,1.75925
-3.22723388671875,1.7593
-2.69500732421875,1.75935
-3.1744384765625,1.7594
-2.88787841796875,1.75945
-3.06976318359375,1.7595
-3.13873291015625,1.75955
-3.14544677734375,1.7596
-2.88543701171875,1.75965
-2.78778076171875,1.7597
-3.02459716796875,1.75975
-2.89825439453125,1.7598
-3.16070556640625,1.75985
-2.68341064453125,1.7599
-2.830810546875,1.75995
-3.0267333984375,1.76
-2.850341796875,1.76005
-2.8472900390625,1.7601
-2.987060546875,1.76015
-2.8448486328125,1.7602
-2.79449462890625,1.76025
-3.033447265625,1.7603
-2.78350830078125,1.76035
-2.91595458984375,1.7604
-2.889404296875,1.76045
-2.76763916015625,1.7605
-2.69775390625,1.76055
-3.02154541015625,1.7606
-2.90283203125,1.76065
-3.0010986328125,1.7607
-2.71148681640625,1.76075
-2.938232421875,1.7608
-2.7496337890625,1.76085
-2.86163330078125,1.7609
-2.90679931640625,1.76095
-2.94219970703125,1.761
-2.79876708984375,1.76105
-2.9107666015625,1.7611
-2.96478271484375,1.76115
-3.05450439453125,1.7612
-2.83172607421875,1.76125
-2.85614013671875,1.7613
-2.78472900390625,1.76135
-2.57415771484375,1.7614
-3.0633544921875,1.76145
-2.82470703125,1.7615
-2.8558349609375,1.76155
-2.7716064453125,1.7616
-2.9925537109375,1.76165
-2.70233154296875,1.7617
-3.00140380859375,1.76175
-3.023681640625,1.7618
-3.01239013671875,1.76185
-2.80303955078125,1.7619
-3.27728271484375,1.76195
-3.05419921875,1.762
-3.3148193359375,1.76205
-3.14605712890625,1.7621
-3.09295654296875,1.76215
-2.75970458984375,1.7622
-3.02093505859375,1.76225
-3.05816650390625,1.7623
-2.9962158203125,1.76235
-3.189697265625,1.7624
-2.8802490234375,1.76245
-2.7130126953125,1.7625
-3.00048828125,1.76255
-3.05572509765625,1.7626
-2.9852294921875,1.76265
-2.9931640625,1.7627
-2.76458740234375,1.76275
-2.9779052734375,1.7628
-3.1707763671875,1.76285
-3.0706787109375,1.7629
-2.82012939453125,1.76295
-3.17291259765625,1.763
-2.74383544921875,1.76305
-2.90069580078125,1.7631000000000001
-3.01055908203125,1.76315
-2.799072265625,1.7632
-2.838134765625,1.76325
-2.80059814453125,1.7633
-2.61871337890625,1.76335
-2.71881103515625,1.7634
-2.95654296875,1.76345
-2.85919189453125,1.7635
-2.73468017578125,1.76355
-2.98614501953125,1.7636
-2.85003662109375,1.76365
-3.23760986328125,1.7637
-3.2769775390625,1.76375
-3.20098876953125,1.7638
-3.08349609375,1.76385
-3.19183349609375,1.7639
-3.0902099609375,1.76395
-2.9315185546875,1.764
-3.28216552734375,1.76405
-2.977294921875,1.7641
-2.99957275390625,1.76415
-2.61505126953125,1.7642
-3.03497314453125,1.76425
-3.13507080078125,1.7643
-2.9425048828125,1.76435
-2.7374267578125,1.7644
-3.00323486328125,1.76445
-3.05023193359375,1.7645
-3.050537109375,1.76455
-3.0517578125,1.7646
-3.0621337890625,1.76465
-3.03314208984375,1.7647
-2.87200927734375,1.76475
-3.13323974609375,1.7648
-2.7239990234375,1.76485
-3.07769775390625,1.7649
-2.91015625,1.76495
-2.93731689453125,1.765
-2.6885986328125,1.76505
-2.8173828125,1.7651
-2.9486083984375,1.76515
-2.99896240234375,1.7652
-3.1378173828125,1.76525
-3.00811767578125,1.7653
-2.91595458984375,1.76535
-3.13690185546875,1.7654
-3.17657470703125,1.76545
-3.363037109375,1.7655
-3.3184814453125,1.76555
-3.070068359375,1.7656
-3.20343017578125,1.76565
-3.22967529296875,1.7657
-3.135986328125,1.76575
-3.2037353515625,1.7658
-3.262939453125,1.76585
-2.8472900390625,1.7659
-3.2696533203125,1.76595
-3.0902099609375,1.766
-3.10699462890625,1.76605
-2.969970703125,1.7661
-3.06610107421875,1.76615
-2.879638671875,1.7662
-2.98675537109375,1.76625
-3.07830810546875,1.7663
-2.95654296875,1.76635
-2.811279296875,1.7664
-3.0126953125,1.76645
-3.01666259765625,1.7665
-3.0157470703125,1.76655
-2.977294921875,1.7666
-3.1024169921875,1.76665
-2.68402099609375,1.7667
-3.1390380859375,1.76675
-2.88055419921875,1.7668
-2.82135009765625,1.76685
-3.27728271484375,1.7669
-3.16070556640625,1.76695
-3.0035400390625,1.767
-3.1170654296875,1.76705
-3.16986083984375,1.7671
-3.11004638671875,1.76715
-3.07159423828125,1.7672
-2.97271728515625,1.76725
-2.9998779296875,1.7673
-2.89276123046875,1.76735
-3.065185546875,1.7674
-2.93121337890625,1.76745
-2.9248046875,1.7675
-2.85675048828125,1.76755
-3.04840087890625,1.7676
-2.8369140625,1.76765
-2.85491943359375,1.7677
-2.8704833984375,1.76775
-2.9443359375,1.7678
-2.69317626953125,1.76785
-2.8411865234375,1.7679
-2.92816162109375,1.76795
-2.926025390625,1.768
-2.93243408203125,1.76805
-2.97637939453125,1.7681
-3.01177978515625,1.7681499999999999
-2.92724609375,1.7682
-3.16192626953125,1.76825
-3.1463623046875,1.7683
-3.0804443359375,1.76835
-3.34014892578125,1.7684
-3.11431884765625,1.76845
-2.96783447265625,1.7685
-3.350830078125,1.76855
-3.1768798828125,1.7686
-3.26690673828125,1.76865
-2.8009033203125,1.7687
-3.03955078125,1.76875
-3.2647705078125,1.7688
-3.277587890625,1.76885
-3.22479248046875,1.7689
-3.2647705078125,1.76895
-3.2891845703125,1.769
-3.00872802734375,1.76905
-3.18572998046875,1.7691
-3.12591552734375,1.76915
-3.017578125,1.7692
-2.9119873046875,1.76925
-3.01910400390625,1.7693
-2.7899169921875,1.76935
-3.25469970703125,1.7694
-3.0963134765625,1.76945
-3.0853271484375,1.7695
-3.10882568359375,1.76955
-2.9083251953125,1.7696
-3.02490234375,1.76965
-3.23211669921875,1.7697
-3.3355712890625,1.76975
-3.16680908203125,1.7698
-2.72674560546875,1.76985
-3.11981201171875,1.7699
-2.98004150390625,1.76995
-2.78167724609375,1.77
-2.9107666015625,1.77005
-2.7069091796875,1.7701
-2.723388671875,1.7701500000000001
-2.76275634765625,1.7702
-2.83721923828125,1.77025
-2.7392578125,1.7703
-2.930908203125,1.77035
-3.03466796875,1.7704
-3.07769775390625,1.77045
-2.91473388671875,1.7705
-3.0560302734375,1.77055
-3.00537109375,1.7706
-3.2568359375,1.77065
-2.601318359375,1.7707
-2.8192138671875,1.77075
-2.652587890625,1.7708
-2.70111083984375,1.77085
-2.89031982421875,1.7709
-2.84454345703125,1.77095
-2.4884033203125,1.771
-2.80364990234375,1.77105
-2.93182373046875,1.7711
-2.78106689453125,1.77115
-2.76214599609375,1.7712
-2.89031982421875,1.77125
-2.66510009765625,1.7713
-2.66357421875,1.77135
-3.20343017578125,1.7714
-3.1103515625,1.77145
-2.87353515625,1.7715
-2.745361328125,1.77155
-3.08441162109375,1.7716
-2.803955078125,1.77165
-2.68035888671875,1.7717
-2.92816162109375,1.77175
-2.8448486328125,1.7718
-2.97607421875,1.77185
-3.06671142578125,1.7719
-2.94342041015625,1.77195
-2.97027587890625,1.772
-3.2745361328125,1.77205
-3.00994873046875,1.7721
-2.9571533203125,1.77215
-2.6983642578125,1.7722
-3.0194091796875,1.77225
-3.14971923828125,1.7723
-2.86102294921875,1.77235
-3.03466796875,1.7724
-2.9425048828125,1.77245
-2.95013427734375,1.7725
-3.11370849609375,1.77255
-3.209228515625,1.7726
-2.79754638671875,1.77265
-2.83721923828125,1.7727
-3.14453125,1.77275
-2.96142578125,1.7728
-3.2879638671875,1.77285
-3.4271240234375,1.7729
-3.0865478515625,1.77295
-3.01971435546875,1.773
-3.26690673828125,1.77305
-3.0999755859375,1.7731
-3.262939453125,1.77315
-3.18084716796875,1.7732
-3.18145751953125,1.77325
-3.0242919921875,1.7733
-3.26629638671875,1.77335
-3.3819580078125,1.7734
-2.938232421875,1.77345
-3.052978515625,1.7735
-3.1890869140625,1.77355
-3.2489013671875,1.7736
-2.9766845703125,1.77365
-3.0615234375,1.7737
-3.209228515625,1.77375
-3.2281494140625,1.7738
-2.9571533203125,1.77385
-3.309326171875,1.7739
-3.2708740234375,1.77395
-3.20526123046875,1.774
-3.00140380859375,1.77405
-3.0517578125,1.7741
-2.80181884765625,1.77415
-2.81219482421875,1.7742
-3.0157470703125,1.77425
-2.978515625,1.7743
-2.7142333984375,1.77435
-3.057861328125,1.7744
-2.95867919921875,1.77445
-3.0279541015625,1.7745
-3.23272705078125,1.77455
-3.20526123046875,1.7746
-2.977294921875,1.77465
-3.06182861328125,1.7747
-3.17901611328125,1.77475
-3.1201171875,1.7748
-2.8662109375,1.77485
-3.0767822265625,1.7749
-3.0694580078125,1.77495
-2.97515869140625,1.775
-3.10699462890625,1.77505
-2.92388916015625,1.7751
-3.07464599609375,1.77515
-3.01239013671875,1.7752
-2.989501953125,1.77525
-2.8900146484375,1.7752999999999999
-3.0877685546875,1.77535
-3.2073974609375,1.7753999999999999
-3.33709716796875,1.77545
-2.940673828125,1.7754999999999999
-3.04840087890625,1.77555
-3.2965087890625,1.7755999999999998
-3.17291259765625,1.77565
-3.228759765625,1.7756999999999998
-3.41094970703125,1.77575
-2.99774169921875,1.7758
-3.09906005859375,1.77585
-3.4375,1.7759
-3.21990966796875,1.77595
-3.515625,1.776
-3.4942626953125,1.77605
-3.58428955078125,1.7761
-3.221435546875,1.77615
-3.3935546875,1.7762
-3.53057861328125,1.7762499999999999
-3.35357666015625,1.7763
-3.5931396484375,1.7763499999999999
-3.59405517578125,1.7764
-3.50067138671875,1.7764499999999999
-3.621826171875,1.7765
-3.5760498046875,1.7765499999999999
-3.60382080078125,1.7766
-3.14727783203125,1.7766499999999998
-3.3819580078125,1.7767
-3.2672119140625,1.7767499999999998
-3.16925048828125,1.7768
-3.23822021484375,1.77685
-3.502197265625,1.7769
-3.08380126953125,1.77695
-3.17413330078125,1.777
-3.28338623046875,1.77705
-3.27484130859375,1.7771
-3.29559326171875,1.77715
-3.05145263671875,1.7772
-3.43017578125,1.77725
-2.96112060546875,1.7772999999999999
-3.3404541015625,1.77735
-3.5784912109375,1.7773999999999999
-3.24859619140625,1.77745
-3.02154541015625,1.7774999999999999
-3.3428955078125,1.77755
-3.2208251953125,1.7775999999999998
-3.33984375,1.77765
-3.4246826171875,1.7776999999999998
-3.53759765625,1.77775
-3.182373046875,1.7778
-3.4942626953125,1.77785
-3.61663818359375,1.7779
-3.32061767578125,1.77795
-3.619384765625,1.778
-3.5565185546875,1.77805
-3.69110107421875,1.7781
-3.25042724609375,1.77815
-3.3660888671875,1.7782
-3.32916259765625,1.7782499999999999
-3.44329833984375,1.7783
-3.2269287109375,1.7783499999999999
-3.428955078125,1.7784
-3.11553955078125,1.7784499999999999
-3.455810546875,1.7785
-3.3062744140625,1.7785499999999999
-3.30657958984375,1.7786
-3.0523681640625,1.7786499999999998
-3.07037353515625,1.7787
-3.13873291015625,1.7787499999999998
-3.3837890625,1.7788
-2.93243408203125,1.77885
-3.3123779296875,1.7789
-2.94097900390625,1.77895
-3.1298828125,1.779
-3.25469970703125,1.77905
-3.11370849609375,1.7791
-3.06243896484375,1.77915
-3.11859130859375,1.7792
-3.15673828125,1.77925
-2.7642822265625,1.7792999999999999
-2.794189453125,1.77935
-3.0670166015625,1.7793999999999999
-2.7923583984375,1.77945
-2.867431640625,1.7794999999999999
-2.76885986328125,1.77955
-2.55828857421875,1.7795999999999998
-2.88909912109375,1.77965
-3.099365234375,1.7796999999999998
-3.04931640625,1.77975
-2.76214599609375,1.7797999999999998
-2.97576904296875,1.77985
-2.94219970703125,1.7799
-2.967529296875,1.77995
-2.962646484375,1.78
-3.13323974609375,1.78005
-2.78076171875,1.7801
-2.90008544921875,1.78015
-3.01025390625,1.7802
-2.97821044921875,1.7802499999999999
-2.93853759765625,1.7803
-2.745361328125,1.7803499999999999
-3.1500244140625,1.7804
-2.969970703125,1.7804499999999999
-3.126220703125,1.7805
-3.4375,1.7805499999999999
-3.36029052734375,1.7806
-3.14300537109375,1.7806499999999998
-3.3087158203125,1.7807
-3.23486328125,1.7807499999999998
-3.30413818359375,1.7808
-3.66241455078125,1.78085
-3.73992919921875,1.7809
-3.284912109375,1.78095
-3.72650146484375,1.781
-3.4564208984375,1.78105
-3.49945068359375,1.7811
-3.52630615234375,1.78115
-3.602294921875,1.7812
-3.37982177734375,1.78125
-3.2476806640625,1.7812999999999999
-3.63861083984375,1.78135
-3.6151123046875,1.7813999999999999
-3.54034423828125,1.78145
-3.270263671875,1.7814999999999999
-3.5369873046875,1.78155
-3.15216064453125,1.7815999999999999
-3.411865234375,1.78165
-3.29986572265625,1.7816999999999998
-3.11370849609375,1.78175
-2.99774169921875,1.7818
-3.09051513671875,1.78185
-3.06304931640625,1.7819
-3.34014892578125,1.78195
-3.0450439453125,1.782
-3.03009033203125,1.78205
-2.857666015625,1.7821
-2.72064208984375,1.78215
-2.94464111328125,1.7822
-2.86712646484375,1.78225
-2.70660400390625,1.7823
-2.7264404296875,1.7823499999999999
-2.6873779296875,1.7824
-2.38250732421875,1.7824499999999999
-2.5531005859375,1.7825
-2.54730224609375,1.7825499999999999
-2.3736572265625,1.7826
-2.50091552734375,1.7826499999999998
-2.27203369140625,1.7827
-2.3089599609375,1.7827499999999998
-2.84881591796875,1.7828
-2.7655029296875,1.78285
-2.83721923828125,1.7829
-2.53692626953125,1.78295
-2.8662109375,1.783
-3.035888671875,1.78305
-2.99468994140625,1.7831
-2.733154296875,1.78315
-3.193359375,1.7832
-2.49908447265625,1.78325
-2.945556640625,1.7832999999999999
-3.2171630859375,1.78335
-3.1121826171875,1.7833999999999999
-2.9913330078125,1.78345
-3.25958251953125,1.7834999999999999
-3.07098388671875,1.78355
-3.192138671875,1.7835999999999999
-3.24676513671875,1.78365
-3.3746337890625,1.7836999999999998
-3.46954345703125,1.78375
-3.12255859375,1.7837999999999998
-3.1536865234375,1.78385
-3.15093994140625,1.7839
-3.031005859375,1.78395
-3.11553955078125,1.784
-3.3892822265625,1.78405
-2.79571533203125,1.7841
-2.95684814453125,1.78415
-2.926025390625,1.7842
-2.93548583984375,1.78425
-2.92724609375,1.7843
-3.08349609375,1.7843499999999999
-2.77801513671875,1.7844
-2.8875732421875,1.7844499999999999
-2.9168701171875,1.7845
-2.94708251953125,1.7845499999999999
-2.76123046875,1.7846
-2.5701904296875,1.7846499999999998
-2.90496826171875,1.7847
-2.6458740234375,1.7847499999999998
-2.7978515625,1.7848
-2.67486572265625,1.78485
-2.74322509765625,1.7849
-2.64984130859375,1.78495
-3.013916015625,1.785
-3.03070068359375,1.78505
-3.29071044921875,1.7851
-3.20281982421875,1.78515
-3.033447265625,1.7852
-3.22601318359375,1.78525
-2.9815673828125,1.7852999999999999
-3.2818603515625,1.78535
-3.35479736328125,1.7853999999999999
-3.232421875,1.78545
-3.26934814453125,1.7854999999999999
-3.27880859375,1.78555
-3.084716796875,1.7855999999999999
-3.5400390625,1.78565
-3.53607177734375,1.7856999999999998
-3.19580078125,1.78575
-3.18206787109375,1.7857999999999998
-3.56689453125,1.78585
-3.515625,1.7859
-3.68865966796875,1.78595
-3.4381103515625,1.786
-3.34625244140625,1.78605
-3.280029296875,1.7861
-3.30718994140625,1.78615
-3.2470703125,1.7862
-3.1298828125,1.78625
-3.09295654296875,1.7863
-3.18878173828125,1.7863499999999999
-3.0120849609375,1.7864
-3.33251953125,1.7864499999999999
-3.4539794921875,1.7865
-3.2830810546875,1.7865499999999999
-3.10028076171875,1.7866
-3.411865234375,1.7866499999999998
-3.2568359375,1.7867
-3.4759521484375,1.7867499999999998
-3.4033203125,1.7868
-3.57330322265625,1.7868499999999998
-3.48846435546875,1.7869
-3.155517578125,1.78695
-3.328857421875,1.787
-3.34228515625,1.78705
-3.26324462890625,1.7871
-3.311767578125,1.78715
-3.1597900390625,1.7872
-2.755126953125,1.78725
-3.06915283203125,1.7872999999999999
-3.18115234375,1.78735
-3.09844970703125,1.7873999999999999
-2.860107421875,1.78745
-3.44757080078125,1.7874999999999999
-2.96600341796875,1.78755
-3.29498291015625,1.7875999999999999
-3.34320068359375,1.78765
-3.36883544921875,1.7876999999999998
-3.011474609375,1.78775
-3.2586669921875,1.7877999999999998
-3.2659912109375,1.78785
-3.26324462890625,1.7879
-3.27392578125,1.78795
-3.37799072265625,1.788
-3.28094482421875,1.78805
-3.13018798828125,1.7881
-3.2330322265625,1.78815
-3.3892822265625,1.7882
-3.428955078125,1.78825
-3.40484619140625,1.7883
-3.2696533203125,1.7883499999999999
-3.29864501953125,1.7884
-3.4478759765625,1.7884499999999999
-3.47320556640625,1.7885
-3.4991455078125,1.7885499999999999
-2.921142578125,1.7886
-3.0224609375,1.7886499999999999
-2.91168212890625,1.7887
-2.940673828125,1.7887499999999998
-2.9669189453125,1.7888
-2.89215087890625,1.7888499999999998
-2.84210205078125,1.7889
-2.88482666015625,1.78895
-3.16558837890625,1.789
-3.01544189453125,1.78905
-2.9736328125,1.7891
-3.1671142578125,1.78915
-3.11065673828125,1.7892
-3.1134033203125,1.78925
-3.22509765625,1.7893
-3.1201171875,1.78935
-3.2598876953125,1.7893999999999999
-3.2080078125,1.78945
-2.97698974609375,1.7894999999999999
-3.197021484375,1.78955
-3.48541259765625,1.7895999999999999
-3.22113037109375,1.78965
-3.27728271484375,1.7896999999999998
-3.15582275390625,1.78975
-3.31298828125,1.7897999999999998
-3.14300537109375,1.78985
-3.18939208984375,1.7899
-3.1866455078125,1.78995
-3.153076171875,1.79
-3.15460205078125,1.79005
-3.1427001953125,1.7901
-3.32794189453125,1.79015
-3.13018798828125,1.7902
-2.889404296875,1.79025
-3.01055908203125,1.7903
-3.06427001953125,1.7903499999999999
-2.8826904296875,1.7904
-3.02825927734375,1.7904499999999999
-2.74383544921875,1.7905
-3.1341552734375,1.7905499999999999
-2.75970458984375,1.7906
-2.95989990234375,1.7906499999999999
-2.58087158203125,1.7907
-2.76336669921875,1.7907499999999998
-2.90069580078125,1.7908
-3.03955078125,1.7908499999999998
-2.620849609375,1.7909
-3.0084228515625,1.79095
-3.09112548828125,1.791
-3.0767822265625,1.79105
-3.0792236328125,1.7911
-3.03680419921875,1.79115
-2.7740478515625,1.7912
-3.09326171875,1.79125
-2.88848876953125,1.7913
-3.0023193359375,1.79135
-3.2879638671875,1.7913999999999999
-2.93487548828125,1.79145
-2.93701171875,1.7914999999999999
-2.85614013671875,1.79155
-3.0474853515625,1.7915999999999999
-3.13232421875,1.79165
-3.1268310546875,1.7916999999999998
-2.89520263671875,1.79175
-3.22235107421875,1.7917999999999998
-3.09906005859375,1.79185
-3.057861328125,1.7919
-2.8692626953125,1.79195
-3.1719970703125,1.792
-2.95989990234375,1.79205
-2.70599365234375,1.7921
-2.9302978515625,1.79215
-2.9034423828125,1.7922
-2.818603515625,1.79225
-2.82806396484375,1.7923
-2.9254150390625,1.7923499999999999
-2.69744873046875,1.7924
-2.91168212890625,1.7924499999999999
-3.07861328125,1.7925
-2.9486083984375,1.7925499999999999
-2.7142333984375,1.7926
-2.8155517578125,1.7926499999999999
-3.09600830078125,1.7927
-3.2476806640625,1.7927499999999998
-3.16131591796875,1.7928
-2.906494140625,1.7928499999999998
-2.9742431640625,1.7929
-3.12469482421875,1.79295
-3.143310546875,1.793
-3.31573486328125,1.79305
-2.9150390625,1.7931
-3.11431884765625,1.79315
-2.77435302734375,1.7932
-3.0096435546875,1.79325
-3.13201904296875,1.7933
-2.9046630859375,1.79335
-2.900390625,1.7933999999999999
-3.0535888671875,1.79345
-3.0523681640625,1.7934999999999999
-3.04229736328125,1.79355
-3.10791015625,1.7935999999999999
-3.21319580078125,1.79365
-3.49639892578125,1.7936999999999999
-2.85308837890625,1.79375
-3.29376220703125,1.7937999999999998
-3.06365966796875,1.79385
-3.21044921875,1.7938999999999998
-3.19610595703125,1.79395
-3.177490234375,1.794
-2.94830322265625,1.79405
-3.04718017578125,1.7941
-3.23028564453125,1.79415
-3.14910888671875,1.7942
-3.18115234375,1.79425
-3.1243896484375,1.7943
-2.94219970703125,1.79435
-3.1634521484375,1.7944
-3.35113525390625,1.7944499999999999
-3.487548828125,1.7945
-3.6322021484375,1.7945499999999999
-3.0255126953125,1.7946
-3.427734375,1.7946499999999999
-3.24127197265625,1.7947
-3.02490234375,1.7947499999999998
-3.3367919921875,1.7948
-3.316650390625,1.7948499999999998
-2.79998779296875,1.7949
-3.22357177734375,1.79495
-3.125,1.795
-3.30169677734375,1.79505
-3.157958984375,1.7951
-3.0999755859375,1.79515
-3.09844970703125,1.7952
-2.9278564453125,1.79525
-3.1829833984375,1.7953
-3.1341552734375,1.79535
-2.90008544921875,1.7953999999999999
-2.69012451171875,1.79545
-3.1365966796875,1.7954999999999999
-2.8411865234375,1.79555
-2.94036865234375,1.7955999999999999
-3.216552734375,1.79565
-2.77862548828125,1.7956999999999999
-3.07708740234375,1.79575
-3.10333251953125,1.7957999999999998
-2.8271484375,1.79585
-3.22174072265625,1.7958999999999998
-3.15399169921875,1.79595
-2.900390625,1.796
-2.9437255859375,1.79605
-2.85430908203125,1.7961
-2.95745849609375,1.79615
-3.0810546875,1.7962
-2.77923583984375,1.79625
-2.96966552734375,1.7963
-2.95501708984375,1.79635
-2.8985595703125,1.7964
-3.17108154296875,1.7964499999999999
-2.989501953125,1.7965
-2.85369873046875,1.7965499999999999
-2.9193115234375,1.7966
-2.84423828125,1.7966499999999999
-2.6068115234375,1.7967
-2.78045654296875,1.7967499999999998
-2.857666015625,1.7968
-2.7581787109375,1.7968499999999998
-2.54730224609375,1.7969
-2.80670166015625,1.79695
-3.00201416015625,1.797
-2.97332763671875,1.79705
-2.89459228515625,1.7971
-2.996826171875,1.79715
-2.769775390625,1.7972
-3.038330078125,1.79725
-3.1182861328125,1.7973
-2.9095458984375,1.79735
-2.91778564453125,1.7973999999999999
-3.0792236328125,1.79745
-2.8753662109375,1.7974999999999999
-3.23089599609375,1.79755
-3.02337646484375,1.7975999999999999
-3.2379150390625,1.79765
-3.07281494140625,1.7976999999999999
-2.919921875,1.79775
-3.06304931640625,1.7977999999999998
-2.9296875,1.79785
-3.023681640625,1.7978999999999998
-3.00079345703125,1.79795
-3.2366943359375,1.798
-2.69012451171875,1.79805
-2.8765869140625,1.7981
-3.24249267578125,1.79815
-3.1585693359375,1.7982
-2.88360595703125,1.79825
-3.25408935546875,1.7983
-3.057861328125,1.79835
-3.22601318359375,1.7984
-3.385009765625,1.7984499999999999
-3.128662109375,1.7985
-2.91839599609375,1.7985499999999999
-2.7001953125,1.7986
-3.0499267578125,1.7986499999999999
-2.8662109375,1.7987
-2.79571533203125,1.7987499999999998
-2.806396484375,1.7988
-2.6544189453125,1.7988499999999998
-2.96722412109375,1.7989
-2.95501708984375,1.79895
-2.8460693359375,1.799
-3.30169677734375,1.79905
-3.1427001953125,1.7991
-3.12255859375,1.79915
-3.0157470703125,1.7992
-3.0224609375,1.79925
-3.07373046875,1.7993
-3.10821533203125,1.79935
-2.87017822265625,1.7993999999999999
-2.90313720703125,1.79945
-2.730712890625,1.7994999999999999
-2.81463623046875,1.79955
-2.930908203125,1.7995999999999999
-2.82440185546875,1.79965
-2.62969970703125,1.7996999999999999
-2.62725830078125,1.79975
-2.85736083984375,1.7997999999999998
-2.93426513671875,1.79985
-2.872314453125,1.7998999999999998
-3.02276611328125,1.79995
-2.9022216796875,1.8
-2.76702880859375,1.8000500000000001
-3.1402587890625,1.8001
-2.9840087890625,1.8001500000000001
-2.95440673828125,1.8002
-2.6806640625,1.8002500000000001
-2.8680419921875,1.8003
-2.696533203125,1.8003500000000001
-2.889404296875,1.8004
-2.92510986328125,1.80045
-2.64678955078125,1.8005
-2.8070068359375,1.80055
-2.92449951171875,1.8006
-2.821044921875,1.80065
-3.07647705078125,1.8007
-2.8912353515625,1.80075
-3.037109375,1.8008
-3.0133056640625,1.80085
-2.9302978515625,1.8009
-3.017578125,1.80095
-3.0792236328125,1.801
-3.08380126953125,1.80105
-2.9345703125,1.8011000000000001
-3.10638427734375,1.80115
-2.70416259765625,1.8012000000000001
-2.98065185546875,1.80125
-3.07861328125,1.8013000000000001
-2.999267578125,1.80135
-2.67425537109375,1.8014000000000001
-2.95074462890625,1.80145
-2.940673828125,1.8015
-3.310546875,1.80155
-3.33404541015625,1.8016
-3.2562255859375,1.80165
-2.96173095703125,1.8017
-3.03436279296875,1.80175
-3.25164794921875,1.8018
-3.14483642578125,1.80185
-3.35296630859375,1.8019
-2.960205078125,1.80195
-3.045654296875,1.802
-3.2171630859375,1.8020500000000002
-3.0877685546875,1.8021
-2.9559326171875,1.8021500000000001
-3.14422607421875,1.8022
-3.1378173828125,1.8022500000000001
-3.20556640625,1.8023
-2.93609619140625,1.8023500000000001
-3.1207275390625,1.8024
-3.07403564453125,1.80245
-3.41156005859375,1.8025
-3.12347412109375,1.80255
-2.8790283203125,1.8026
-3.13385009765625,1.80265
-2.9766845703125,1.8027
-3.177490234375,1.80275
-3.01483154296875,1.8028
-2.9010009765625,1.80285
-2.799072265625,1.8029
-2.97821044921875,1.80295
-3.028564453125,1.803
-2.90374755859375,1.80305
-2.9290771484375,1.8031000000000001
-2.93731689453125,1.80315
-2.91778564453125,1.8032000000000001
-3.2537841796875,1.80325
-2.9296875,1.8033000000000001
-2.830810546875,1.80335
-2.82928466796875,1.8034000000000001
-2.9547119140625,1.80345
-2.811279296875,1.8035
-3.1103515625,1.80355
-2.83111572265625,1.8036
-2.9071044921875,1.80365
-2.6678466796875,1.8037
-2.9132080078125,1.80375
-2.6348876953125,1.8038
-2.71820068359375,1.80385
-2.76031494140625,1.8039
-2.87567138671875,1.80395
-2.69378662109375,1.804
-2.6580810546875,1.8040500000000002
-2.86651611328125,1.8041
-3.0926513671875,1.8041500000000001
-2.9144287109375,1.8042
-2.7880859375,1.8042500000000001
-3.104248046875,1.8043
-2.86651611328125,1.8043500000000001
-3.1597900390625,1.8044
-3.0926513671875,1.80445
-3.0584716796875,1.8045
-2.822265625,1.80455
-3.0560302734375,1.8046
-2.9193115234375,1.80465
-3.05755615234375,1.8047
-3.048095703125,1.80475
-3.001708984375,1.8048
-2.7117919921875,1.80485
-3.03466796875,1.8049
-3.1219482421875,1.80495
-3.070068359375,1.805
-3.2171630859375,1.80505
-3.08013916015625,1.8051000000000001
-3.17901611328125,1.80515
-3.19091796875,1.8052000000000001
-3.01483154296875,1.80525
-3.0548095703125,1.8053000000000001
-3.3087158203125,1.80535
-2.9925537109375,1.8054000000000001
-3.00506591796875,1.80545
-3.13751220703125,1.8055
-3.23455810546875,1.80555
-3.1732177734375,1.8056
-3.22479248046875,1.80565
-3.04718017578125,1.8057
-3.1793212890625,1.80575
-3.2647705078125,1.8058
-3.233642578125,1.80585
-3.12042236328125,1.8059
-3.12225341796875,1.80595
-3.32977294921875,1.806
-3.27117919921875,1.8060500000000002
-3.59283447265625,1.8061
-3.48663330078125,1.8061500000000001
-3.00750732421875,1.8062
-3.18756103515625,1.8062500000000001
-3.0804443359375,1.8063
-2.83294677734375,1.8063500000000001
-3.1195068359375,1.8064
-2.9833984375,1.8064500000000001
-2.6995849609375,1.8065
-2.91107177734375,1.80655
-2.76763916015625,1.8066
-2.51190185546875,1.80665
-2.94677734375,1.8067
-3.006591796875,1.80675
-2.97393798828125,1.8068
-2.7532958984375,1.80685
-3.05877685546875,1.8069
-2.9949951171875,1.80695
-3.21319580078125,1.807
-2.83050537109375,1.80705
-3.17474365234375,1.8071000000000002
-2.80303955078125,1.80715
-2.83447265625,1.8072000000000001
-3.221435546875,1.80725
-3.13995361328125,1.8073000000000001
-2.9180908203125,1.80735
-3.05267333984375,1.8074000000000001
-2.95989990234375,1.80745
-3.03802490234375,1.8075
-3.23272705078125,1.80755
-3.17535400390625,1.8076
-3.05267333984375,1.80765
-2.91259765625,1.8077
-3.24981689453125,1.80775
-3.04046630859375,1.8078
-3.165283203125,1.80785
-3.0804443359375,1.8079
-3.0517578125,1.80795
-2.7423095703125,1.808
-3.2073974609375,1.80805
-3.06427001953125,1.8081
-3.06610107421875,1.8081500000000001
-3.0267333984375,1.8082
-3.221435546875,1.8082500000000001
-3.01910400390625,1.8083
-2.98248291015625,1.8083500000000001
-3.4185791015625,1.8084
-3.297119140625,1.8084500000000001
-3.51715087890625,1.8085
-3.1103515625,1.80855
-3.31573486328125,1.8086
-3.51165771484375,1.80865
-3.4228515625,1.8087
-3.255615234375,1.80875
-3.52630615234375,1.8088
-3.1390380859375,1.80885
-3.658447265625,1.8089
-3.68896484375,1.80895
-3.48052978515625,1.809
-3.7359619140625,1.80905
-3.45550537109375,1.8091000000000002
-3.43109130859375,1.80915
-3.37890625,1.8092000000000001
-3.5693359375,1.80925
-3.33404541015625,1.8093000000000001
-3.140869140625,1.80935
-3.3782958984375,1.8094000000000001
-3.36334228515625,1.80945
-3.31268310546875,1.8095
-3.7188720703125,1.80955
-3.668212890625,1.8096
-3.31298828125,1.80965
-3.470458984375,1.8097
-3.42193603515625,1.80975
-3.22998046875,1.8098
-3.5986328125,1.80985
-3.5107421875,1.8099
-3.45123291015625,1.80995
-3.0426025390625,1.81
-3.2415771484375,1.81005
-3.4381103515625,1.8101
-3.30474853515625,1.8101500000000001
-2.96478271484375,1.8102
-3.15032958984375,1.8102500000000001
-2.95440673828125,1.8103
-2.91534423828125,1.8103500000000001
-2.9998779296875,1.8104
-3.12042236328125,1.8104500000000001
-2.6239013671875,1.8105
-2.84332275390625,1.81055
-2.9534912109375,1.8106
-2.68341064453125,1.81065
-2.730712890625,1.8107
-2.8106689453125,1.81075
-2.66693115234375,1.8108
-2.572021484375,1.81085
-2.92572021484375,1.8109
-2.90130615234375,1.81095
-2.8778076171875,1.811
-3.1121826171875,1.81105
-3.20648193359375,1.8111000000000002
-2.87017822265625,1.81115
-3.08746337890625,1.8112000000000001
-3.1756591796875,1.81125
-3.2135009765625,1.8113000000000001
-2.88421630859375,1.81135
-3.16253662109375,1.8114000000000001
-3.154296875,1.81145
-3.5272216796875,1.8115
-3.53271484375,1.81155
-3.4295654296875,1.8116
-3.36029052734375,1.81165
-3.22509765625,1.8117
-3.4222412109375,1.81175
-3.3502197265625,1.8118
-3.21319580078125,1.81185
-3.04443359375,1.8119
-3.14788818359375,1.81195
-2.769775390625,1.812
-3.16986083984375,1.81205
-2.98095703125,1.8121
-2.82379150390625,1.8121500000000001
-2.78717041015625,1.8122
-3.0059814453125,1.8122500000000001
-2.74322509765625,1.8123
-3.07830810546875,1.8123500000000001
-2.82958984375,1.8124
-2.7227783203125,1.8124500000000001
-2.41973876953125,1.8125
-2.655029296875,1.81255
-2.4346923828125,1.8126
-2.44842529296875,1.81265
-2.6239013671875,1.8127
-2.537841796875,1.81275
-2.44354248046875,1.8128
-2.23846435546875,1.81285
-2.6214599609375,1.8129
-2.57415771484375,1.81295
-2.71392822265625,1.813
-2.7203369140625,1.81305
-2.6708984375,1.8131
-2.68096923828125,1.81315
-2.803955078125,1.8132000000000001
-2.7203369140625,1.81325
-2.77069091796875,1.8133000000000001
-2.5848388671875,1.81335
-2.64984130859375,1.8134000000000001
-2.7984619140625,1.81345
-2.63092041015625,1.8135000000000001
-2.73651123046875,1.81355
-2.75238037109375,1.8136
-2.55462646484375,1.81365
-2.63427734375,1.8137
-2.82745361328125,1.81375
-2.677001953125,1.8138
-2.59979248046875,1.81385
-2.8765869140625,1.8139
-2.68218994140625,1.81395
-2.97332763671875,1.814
-3.07220458984375,1.81405
-3.08746337890625,1.8141
-3.03253173828125,1.8141500000000002
-3.21624755859375,1.8142
-3.0340576171875,1.8142500000000001
-3.0059814453125,1.8143
-2.89642333984375,1.8143500000000001
-2.97393798828125,1.8144
-3.07647705078125,1.8144500000000001
-2.80975341796875,1.8145
-2.92938232421875,1.81455
-2.88909912109375,1.8146
-3.021240234375,1.81465
-3.04656982421875,1.8147
-2.87017822265625,1.81475
-2.99407958984375,1.8148
-3.04107666015625,1.81485
-3.270263671875,1.8149
-3.2000732421875,1.81495
-3.16802978515625,1.815
-2.9052734375,1.81505
-3.32305908203125,1.8151
-2.94830322265625,1.81515
-3.3551025390625,1.8152000000000001
-3.07830810546875,1.81525
-3.1640625,1.8153000000000001
-2.72674560546875,1.81535
-3.10333251953125,1.8154000000000001
-2.9730224609375,1.81545
-3.19366455078125,1.8155000000000001
-3.44879150390625,1.81555
-3.23272705078125,1.8156
-3.03924560546875,1.81565
-3.41705322265625,1.8157
-3.22540283203125,1.81575
-3.38470458984375,1.8158
-3.426513671875,1.81585
-3.08746337890625,1.8159
-3.2611083984375,1.81595
-3.3819580078125,1.816
-3.43414306640625,1.81605
-3.25927734375,1.8161
-3.21197509765625,1.8161500000000002
-3.3343505859375,1.8162
-3.306884765625,1.8162500000000001
-3.328857421875,1.8163
-3.25042724609375,1.8163500000000001
-3.330078125,1.8164
-3.27362060546875,1.8164500000000001
-2.97210693359375,1.8165
-3.11614990234375,1.81655
-3.017578125,1.8166
-2.9595947265625,1.81665
-2.97882080078125,1.8167
-3.1854248046875,1.81675
-2.79205322265625,1.8168
-3.1170654296875,1.81685
-3.2696533203125,1.8169
-3.1903076171875,1.81695
-2.79296875,1.817
-3.2763671875,1.81705
-2.72613525390625,1.8171
-2.8045654296875,1.81715
-3.19732666015625,1.8172000000000001
-3.23455810546875,1.81725
-2.890625,1.8173000000000001
-2.71453857421875,1.81735
-2.90283203125,1.8174000000000001
-2.88543701171875,1.81745
-2.91534423828125,1.8175000000000001
-2.84576416015625,1.81755
-2.9791259765625,1.8176
-2.86834716796875,1.81765
-3.04473876953125,1.8177
-3.0572509765625,1.81775
-2.9400634765625,1.8178
-2.87445068359375,1.81785
-3.0181884765625,1.8179
-2.65625,1.81795
-2.703857421875,1.818
-3.043212890625,1.81805
-2.95806884765625,1.8181
-2.68463134765625,1.8181500000000002
-3.006591796875,1.8182
-2.92755126953125,1.8182500000000001
-2.8924560546875,1.8183
-3.0010986328125,1.8183500000000001
-3.1988525390625,1.8184
-3.02001953125,1.8184500000000001
-2.7630615234375,1.8185
-3.0889892578125,1.81855
-3.00872802734375,1.8186
-3.1707763671875,1.81865
-3.34869384765625,1.8187
-2.90740966796875,1.81875
-2.88482666015625,1.8188
-3.25592041015625,1.81885
-3.0792236328125,1.8189
-3.1103515625,1.81895
-2.9449462890625,1.819
-2.9443359375,1.81905
-2.8070068359375,1.8191
-3.09722900390625,1.81915
-3.12591552734375,1.8192000000000002
-2.762451171875,1.81925
-2.8570556640625,1.8193000000000001
-2.72796630859375,1.81935
-3.1439208984375,1.8194000000000001
-2.8521728515625,1.81945
-2.77618408203125,1.8195000000000001
-2.950439453125,1.81955
-2.89703369140625,1.8196
-2.62115478515625,1.81965
-3.19488525390625,1.8197
-2.78778076171875,1.81975
-2.85308837890625,1.8198
-2.7667236328125,1.81985
-2.8546142578125,1.8199
-2.6007080078125,1.81995
-2.5994873046875,1.82
-3.13385009765625,1.82005
-3.0755615234375,1.8201
-2.74810791015625,1.82015
-3.07464599609375,1.8202
-2.88421630859375,1.8202500000000001
-2.97119140625,1.8203
-3.16864013671875,1.8203500000000001
-3.2623291015625,1.8204
-2.75054931640625,1.8204500000000001
-3.0584716796875,1.8205
-3.1317138671875,1.8205500000000001
-3.1201171875,1.8206
-2.90771484375,1.82065
-3.20892333984375,1.8207
-3.0218505859375,1.82075
-2.899169921875,1.8208
-3.0316162109375,1.82085
-3.1134033203125,1.8209
-2.96478271484375,1.82095
-2.843017578125,1.821
-2.962646484375,1.82105
-2.8057861328125,1.8211
-2.75848388671875,1.82115
-3.00933837890625,1.8212000000000002
-3.07464599609375,1.82125
-2.48626708984375,1.8213000000000001
-2.95562744140625,1.82135
-2.9937744140625,1.8214000000000001
-2.86285400390625,1.82145
-2.99560546875,1.8215000000000001
-3.2177734375,1.82155
-2.92449951171875,1.8216
-2.7410888671875,1.82165
-3.1689453125,1.8217
-2.99835205078125,1.82175
-3.0810546875,1.8218
-2.82745361328125,1.82185
-3.07647705078125,1.8219
-2.82562255859375,1.82195
-3.08685302734375,1.822
-2.9071044921875,1.82205
-2.9803466796875,1.8221
-2.9693603515625,1.82215
-3.29132080078125,1.8222
-3.08258056640625,1.8222500000000001
-3.2696533203125,1.8223
-3.2330322265625,1.8223500000000001
-3.16986083984375,1.8224
-2.97332763671875,1.8224500000000001
-2.89703369140625,1.8225
-3.206787109375,1.8225500000000001
-2.92877197265625,1.8226
-2.93182373046875,1.82265
-3.037109375,1.8227
-2.90283203125,1.82275
-2.82958984375,1.8228
-3.15093994140625,1.82285
-3.05938720703125,1.8229
-2.9071044921875,1.82295
-2.88726806640625,1.823
-3.0535888671875,1.82305
-2.65350341796875,1.8231
-3.03131103515625,1.82315
-3.2525634765625,1.8232000000000002
-3.1304931640625,1.82325
-2.7783203125,1.8233000000000001
-2.81707763671875,1.82335
-3.160400390625,1.8234000000000001
-2.9461669921875,1.82345
-3.1121826171875,1.8235000000000001
-3.08868408203125,1.82355
-2.78717041015625,1.8236
-2.96722412109375,1.82365
-3.0615234375,1.8237
-2.9193115234375,1.82375
-3.09600830078125,1.8238
-3.12408447265625,1.82385
-3.1268310546875,1.8239
-2.9913330078125,1.82395
-3.09539794921875,1.824
-3.2177734375,1.82405
-3.2965087890625,1.8241
-2.9522705078125,1.82415
-3.17108154296875,1.8242
-3.1488037109375,1.8242500000000001
-3.1134033203125,1.8243
-2.98309326171875,1.8243500000000001
-3.045654296875,1.8244
-2.57354736328125,1.8244500000000001
-2.7008056640625,1.8245
-3.11248779296875,1.8245500000000001
-3.03558349609375,1.8246
-3.087158203125,1.82465
-3.35205078125,1.8247
-3.16375732421875,1.82475
-3.416748046875,1.8248
-3.5565185546875,1.82485
-3.38287353515625,1.8249
-3.21380615234375,1.82495
-3.2818603515625,1.825
-3.4368896484375,1.82505
-3.2525634765625,1.8251
-3.16802978515625,1.82515
-3.15704345703125,1.8252
-3.0999755859375,1.82525
-3.0712890625,1.8253
-3.1280517578125,1.82535
-2.9034423828125,1.8254
-2.95989990234375,1.82545
-3.0572509765625,1.8255
-3.27423095703125,1.82555
-3.04443359375,1.8256
-3.2342529296875,1.82565
-3.2635498046875,1.8256999999999999
-3.22052001953125,1.82575
-3.18511962890625,1.8258
-3.038330078125,1.82585
-3.02032470703125,1.8259
-2.8558349609375,1.82595
-3.2952880859375,1.826
-3.0889892578125,1.82605
-3.03131103515625,1.8261
-2.94830322265625,1.82615
-3.0804443359375,1.8262
-2.841796875,1.82625
-3.037109375,1.8263
-3.1597900390625,1.82635
-3.11492919921875,1.8264
-2.89825439453125,1.82645
-3.11767578125,1.8265
-3.267822265625,1.82655
-3.0291748046875,1.8266
-3.21868896484375,1.8266499999999999
-3.19793701171875,1.8267
-3.0731201171875,1.8267499999999999
-3.14910888671875,1.8268
-2.99713134765625,1.82685
-3.11431884765625,1.8269
-3.02276611328125,1.82695
-3.0377197265625,1.827
-3.02490234375,1.82705
-2.83172607421875,1.8271
-3.0206298828125,1.82715
-3.0889892578125,1.8272
-2.7850341796875,1.82725
-2.657470703125,1.8273
-2.98187255859375,1.82735
-2.861328125,1.8274
-2.801513671875,1.82745
-2.835693359375,1.8275
-2.84759521484375,1.82755
-2.4609375,1.8276
-2.76824951171875,1.82765
-3.0108642578125,1.8276999999999999
-2.939453125,1.82775
-2.69256591796875,1.8278
-2.79449462890625,1.82785
-2.686767578125,1.8279
-2.7734375,1.82795
-2.89581298828125,1.828
-2.8173828125,1.82805
-2.64068603515625,1.8281
-3.01300048828125,1.82815
-2.969970703125,1.8282
-2.68798828125,1.82825
-2.94921875,1.8283
-2.982177734375,1.82835
-2.92816162109375,1.8284
-3.028564453125,1.82845
-2.99774169921875,1.8285
-2.862548828125,1.82855
-2.991943359375,1.8286
-2.933349609375,1.8286499999999999
-3.179931640625,1.8287
-2.82958984375,1.8287499999999999
-3.0352783203125,1.8288
-3.150634765625,1.82885
-3.09661865234375,1.8289
-2.95196533203125,1.82895
-2.85125732421875,1.829
-2.9608154296875,1.82905
-2.9180908203125,1.8291
-3.1243896484375,1.82915
-3.206787109375,1.8292
-3.05908203125,1.82925
-2.8887939453125,1.8293
-3.10455322265625,1.82935
-3.07342529296875,1.8294
-2.95867919921875,1.82945
-3.19793701171875,1.8295
-3.271484375,1.82955
-2.9608154296875,1.8296
-3.35601806640625,1.82965
-3.49822998046875,1.8296999999999999
-3.173828125,1.82975
-3.17230224609375,1.8298
-3.1610107421875,1.82985
-2.91778564453125,1.8299
-3.0108642578125,1.82995
-2.95196533203125,1.83
-3.121337890625,1.83005
-3.131103515625,1.8301
-2.88177490234375,1.83015
-3.3013916015625,1.8302
-3.07861328125,1.83025
-3.12347412109375,1.8303
-3.23089599609375,1.83035
-2.8955078125,1.8304
-2.89947509765625,1.83045
-3.36181640625,1.8305
-3.3416748046875,1.83055
-3.3892822265625,1.8306
-3.26751708984375,1.8306499999999999
-3.3013916015625,1.8307
-3.114013671875,1.8307499999999999
-3.15582275390625,1.8308
-3.2769775390625,1.83085
-3.37738037109375,1.8309
-3.00201416015625,1.83095
-3.13323974609375,1.831
-3.26080322265625,1.83105
-3.14788818359375,1.8311
-3.31695556640625,1.83115
-3.26995849609375,1.8312
-2.9449462890625,1.83125
-3.07708740234375,1.8313
-2.99163818359375,1.83135
-2.9864501953125,1.8314
-3.12835693359375,1.83145
-3.1170654296875,1.8315
-3.0816650390625,1.83155
-2.98828125,1.8316
-3.101806640625,1.83165
-3.2537841796875,1.8316999999999999
-3.1903076171875,1.83175
-2.7447509765625,1.8317999999999999
-3.13995361328125,1.83185
-2.8607177734375,1.8319
-2.88909912109375,1.83195
-3.21502685546875,1.832
-3.09234619140625,1.83205
-2.95440673828125,1.8321
-3.28277587890625,1.83215
-3.1500244140625,1.8322
-3.17047119140625,1.83225
-3.2647705078125,1.8323
-3.07830810546875,1.83235
-3.05511474609375,1.8324
-2.8900146484375,1.83245
-3.09234619140625,1.8325
-3.1982421875,1.83255
-2.9510498046875,1.8326
-3.10699462890625,1.83265
-3.28369140625,1.8327
-2.872314453125,1.8327499999999999
-3.15582275390625,1.8328
-3.05450439453125,1.83285
-3.08074951171875,1.8329
-2.95013427734375,1.83295
-3.33831787109375,1.833
-3.05908203125,1.83305
-3.377685546875,1.8331
-3.453369140625,1.83315
-3.4332275390625,1.8332
-2.95013427734375,1.83325
-2.8936767578125,1.8333
-3.37799072265625,1.83335
-3.30902099609375,1.8334
-3.21136474609375,1.83345
-3.00079345703125,1.8335
-3.06732177734375,1.83355
-2.838134765625,1.8336
-3.1488037109375,1.83365
-3.104248046875,1.8336999999999999
-3.12469482421875,1.83375
-3.00079345703125,1.8337999999999999
-2.93914794921875,1.83385
-2.884521484375,1.8339
-3.1817626953125,1.83395
-3.0035400390625,1.834
-3.30322265625,1.83405
-2.92877197265625,1.8341
-3.1292724609375,1.83415
-3.30352783203125,1.8342
-3.07098388671875,1.83425
-3.187255859375,1.8343
-3.1317138671875,1.83435
-2.7899169921875,1.8344
-3.16131591796875,1.83445
-3.0377197265625,1.8345
-3.0194091796875,1.83455
-3.24737548828125,1.8346
-3.134765625,1.83465
-3.16925048828125,1.8347
-3.260498046875,1.8347499999999999
-3.39752197265625,1.8348
-3.5089111328125,1.83485
-3.43170166015625,1.8349
-3.135986328125,1.83495
-3.560791015625,1.835
-3.2861328125,1.83505
-3.34442138671875,1.8351
-3.4423828125,1.83515
-3.41552734375,1.8352
-2.73193359375,1.83525
-3.1365966796875,1.8353
-2.99468994140625,1.83535
-3.0206298828125,1.8354
-2.97119140625,1.83545
-3.28125,1.8355
-3.1561279296875,1.83555
-3.2177734375,1.8356
-3.22967529296875,1.83565
-3.26171875,1.8356999999999999
-3.21014404296875,1.83575
-3.0120849609375,1.8357999999999999
-3.3978271484375,1.83585
-2.91961669921875,1.8359
-2.918701171875,1.83595
-2.97760009765625,1.836
-2.87750244140625,1.83605
-2.72491455078125,1.8361
-2.9168701171875,1.83615
-2.91290283203125,1.8362
-3.197021484375,1.83625
-3.08013916015625,1.8363
-2.89794921875,1.83635
-2.94097900390625,1.8364
-2.66021728515625,1.83645
-3.0450439453125,1.8365
-3.21044921875,1.83655
-2.98797607421875,1.8366
-2.88330078125,1.83665
-2.84759521484375,1.8367
-2.8155517578125,1.8367499999999999
-3.24981689453125,1.8368
-3.287353515625,1.83685
-2.84423828125,1.8369
-2.93975830078125,1.83695
-3.310546875,1.837
-3.1097412109375,1.83705
-3.25164794921875,1.8371
-3.1744384765625,1.83715
-3.4466552734375,1.8372
-3.0999755859375,1.83725
-3.319091796875,1.8373
-3.1854248046875,1.83735
-3.2464599609375,1.8374
-3.60504150390625,1.83745
-3.56170654296875,1.8375
-3.44024658203125,1.83755
-3.653564453125,1.8376
-3.78753662109375,1.83765
-3.65447998046875,1.8377
-3.53546142578125,1.83775
-3.69049072265625,1.8377999999999999
-3.50738525390625,1.83785
-3.64166259765625,1.8379
-3.83758544921875,1.83795
-3.72467041015625,1.838
-3.875732421875,1.83805
-3.57330322265625,1.8381
-3.74725341796875,1.83815
-3.80279541015625,1.8382
-3.7188720703125,1.83825
-3.7640380859375,1.8383
-3.72528076171875,1.83835
-3.30780029296875,1.8384
-3.6053466796875,1.83845
-3.60107421875,1.8385
-3.55224609375,1.83855
-3.02978515625,1.8386
-3.65264892578125,1.83865
-3.18756103515625,1.8387
-3.26995849609375,1.8387499999999999
-3.36944580078125,1.8388
-3.426513671875,1.8388499999999999
-3.03192138671875,1.8389
-3.3563232421875,1.83895
-3.20220947265625,1.839
-3.1201171875,1.83905
-3.0841064453125,1.8391
-2.93701171875,1.83915
-2.90924072265625,1.8392
-2.6806640625,1.83925
-2.67608642578125,1.8393
-2.80181884765625,1.83935
-2.7471923828125,1.8394
-2.91473388671875,1.83945
-2.750244140625,1.8395
-2.6922607421875,1.83955
-2.813720703125,1.8396
-2.91473388671875,1.83965
-2.969970703125,1.8397
-2.493896484375,1.83975
-2.60528564453125,1.8397999999999999
-2.65533447265625,1.83985
-2.81585693359375,1.8399
-2.9229736328125,1.83995
-3.02337646484375,1.84
-3.056640625,1.84005
-3.04473876953125,1.8401
-3.3074951171875,1.84015
-3.226318359375,1.8402
-3.24310302734375,1.84025
-3.343505859375,1.8403
-3.3734130859375,1.84035
-3.11981201171875,1.8404
-3.3233642578125,1.84045
-3.37493896484375,1.8405
-3.33099365234375,1.84055
-3.18695068359375,1.8406
-2.9498291015625,1.84065
-3.16680908203125,1.8407
-3.3331298828125,1.8407499999999999
-3.0987548828125,1.8408
-3.10028076171875,1.8408499999999999
-3.02947998046875,1.8409
-3.1072998046875,1.84095
-3.10089111328125,1.841
-3.10791015625,1.84105
-3.1256103515625,1.8411
-3.02215576171875,1.84115
-2.8643798828125,1.8412
-2.86346435546875,1.84125
-3.0517578125,1.8413
-2.799072265625,1.84135
-2.78167724609375,1.8414
-2.77496337890625,1.84145
-2.97393798828125,1.8415
-2.77923583984375,1.84155
-2.75054931640625,1.8416
-2.655029296875,1.84165
-3.10302734375,1.8417
-2.48016357421875,1.84175
-2.90008544921875,1.8417999999999999
-2.5677490234375,1.84185
-2.60101318359375,1.8419
-2.81280517578125,1.84195
-3.0902099609375,1.842
-2.63824462890625,1.84205
-2.82440185546875,1.8421
-3.23333740234375,1.84215
-3.07098388671875,1.8422
-3.05694580078125,1.84225
-2.83355712890625,1.8423
-2.7557373046875,1.84235
-2.9888916015625,1.8424
-2.77587890625,1.84245
-2.98095703125,1.8425
-3.21929931640625,1.84255
-3.02459716796875,1.8426
-3.0322265625,1.84265
-2.84454345703125,1.8427
-3.0780029296875,1.8427499999999999
-3.1353759765625,1.8428
-3.16986083984375,1.8428499999999999
-2.84027099609375,1.8429
-3.26446533203125,1.84295
-3.1817626953125,1.843
-3.1805419921875,1.84305
-2.9656982421875,1.8431
-3.06182861328125,1.84315
-3.01849365234375,1.8432
-2.7154541015625,1.84325
-3.07830810546875,1.8433
-3.048095703125,1.84335
-3.0462646484375,1.8434
-3.02764892578125,1.84345
-3.3062744140625,1.8435
-3.00506591796875,1.84355
-3.40728759765625,1.8436
-3.5400390625,1.84365
-3.260498046875,1.8437
-3.09295654296875,1.84375
-3.30780029296875,1.8437999999999999
-3.26751708984375,1.84385
-3.24371337890625,1.8438999999999999
-3.3453369140625,1.84395
-3.0780029296875,1.844
-3.03924560546875,1.84405
-2.98736572265625,1.8441
-3.17657470703125,1.84415
-3.1597900390625,1.8442
-2.86651611328125,1.84425
-2.89703369140625,1.8443
-3.011474609375,1.84435
-2.891845703125,1.8444
-3.2354736328125,1.84445
-2.962646484375,1.8445
-3.03955078125,1.84455
-3.23028564453125,1.8446
-3.2073974609375,1.84465
-3.00384521484375,1.8447
-3.2232666015625,1.84475
-3.32244873046875,1.8448
-3.40423583984375,1.8448499999999999
-2.984619140625,1.8449
-3.39202880859375,1.84495
-3.48968505859375,1.845
-3.3380126953125,1.84505
-3.48846435546875,1.8451
-3.43658447265625,1.84515
-3.05450439453125,1.8452
-3.32000732421875,1.84525
-3.3734130859375,1.8453
-3.291015625,1.84535
-3.24066162109375,1.8454
-3.15093994140625,1.84545
-3.0731201171875,1.8455
-3.23577880859375,1.84555
-3.1610107421875,1.8456
-3.2659912109375,1.84565
-3.16070556640625,1.8457
-2.7410888671875,1.84575
-2.95074462890625,1.8457999999999999
-2.8814697265625,1.84585
-2.90771484375,1.8458999999999999
-2.904052734375,1.84595
-3.16558837890625,1.846
-2.72003173828125,1.84605
-2.90496826171875,1.8461
-3.1451416015625,1.84615
-3.1768798828125,1.8462
-3.17840576171875,1.84625
-3.15826416015625,1.8463
-3.19244384765625,1.84635
-3.05511474609375,1.8464
-3.26324462890625,1.84645
-3.448486328125,1.8465
-3.1854248046875,1.84655
-2.87841796875,1.8466
-3.448486328125,1.84665
-3.13446044921875,1.8467
-3.3270263671875,1.84675
-3.302001953125,1.8468
-2.99957275390625,1.8468499999999999
-3.28948974609375,1.8469
-3.15643310546875,1.84695
-2.98004150390625,1.847
-3.49578857421875,1.84705
-3.28033447265625,1.8471
-3.08837890625,1.84715
-2.74932861328125,1.8472
-3.0230712890625,1.84725
-3.09295654296875,1.8473
-3.03497314453125,1.84735
-2.70965576171875,1.8474
-2.90435791015625,1.84745
-2.93182373046875,1.8475
-2.8863525390625,1.84755
-2.82806396484375,1.8476
-2.9095458984375,1.84765
-2.82257080078125,1.8477
-2.84515380859375,1.84775
-3.00872802734375,1.8477999999999999
-2.79052734375,1.84785
-2.93243408203125,1.8478999999999999
-3.09539794921875,1.84795
-2.9730224609375,1.848
-2.74505615234375,1.84805
-3.06427001953125,1.8481
-3.087158203125,1.84815
-2.97821044921875,1.8482
-2.899169921875,1.84825
-2.984619140625,1.8483
-2.71759033203125,1.84835
-2.791748046875,1.8484
-3.02947998046875,1.84845
-2.74200439453125,1.8485
-2.90252685546875,1.84855
-2.78564453125,1.8486
-2.9852294921875,1.84865
-3.11920166015625,1.8487
-3.06243896484375,1.84875
-3.1390380859375,1.8488
-3.1097412109375,1.8488499999999999
-2.899169921875,1.8489
-3.17535400390625,1.84895
-3.128662109375,1.849
-3.07098388671875,1.84905
-2.877197265625,1.8491
-3.15582275390625,1.84915
-2.55859375,1.8492
-2.8033447265625,1.84925
-2.90496826171875,1.8493
-2.8948974609375,1.84935
-2.647705078125,1.8494
-2.99774169921875,1.84945
-2.989501953125,1.8495
-3.11737060546875,1.84955
-3.251953125,1.8496
-3.1695556640625,1.84965
-2.8887939453125,1.8497
-2.81585693359375,1.84975
-3.09326171875,1.8497999999999999
-2.9632568359375,1.84985
-3.08197021484375,1.8498999999999999
-2.8515625,1.84995
-2.75848388671875,1.85
-2.8314208984375,1.8500500000000002
-2.87200927734375,1.8501
-2.64007568359375,1.8501500000000002
-2.82379150390625,1.8502
-2.87689208984375,1.8502500000000002
-3.14697265625,1.8503
-2.85308837890625,1.8503500000000002
-3.2513427734375,1.8504
-3.09600830078125,1.8504500000000002
-3.3917236328125,1.8505
-3.16131591796875,1.8505500000000001
-2.97821044921875,1.8506
-3.14239501953125,1.8506500000000001
-2.91412353515625,1.8507
-3.18572998046875,1.8507500000000001
-3.20526123046875,1.8508
-2.9449462890625,1.85085
-2.9931640625,1.8509
-3.23333740234375,1.85095
-3.30230712890625,1.851
-3.2611083984375,1.85105
-3.13720703125,1.8511000000000002
-3.067626953125,1.85115
-3.0499267578125,1.8512000000000002
-3.21533203125,1.85125
-2.93914794921875,1.8513000000000002
-3.00933837890625,1.85135
-3.03863525390625,1.8514000000000002
-3.17962646484375,1.85145
-3.1134033203125,1.8515000000000001
-3.45672607421875,1.85155
-3.17413330078125,1.8516000000000001
-3.4112548828125,1.85165
-3.06243896484375,1.8517000000000001
-3.23760986328125,1.85175
-3.14697265625,1.8518000000000001
-2.96295166015625,1.85185
-3.29345703125,1.8519
-3.2489013671875,1.85195
-3.04595947265625,1.852
-3.006591796875,1.8520500000000002
-3.08135986328125,1.8521
-3.3935546875,1.8521500000000002
-3.39996337890625,1.8522
-2.95135498046875,1.8522500000000002
-3.4307861328125,1.8523
-2.93304443359375,1.8523500000000002
-3.32794189453125,1.8524
-3.27178955078125,1.8524500000000002
-3.27880859375,1.8525
-3.03009033203125,1.8525500000000001
-3.1646728515625,1.8526
-3.1689453125,1.8526500000000001
-3.27178955078125,1.8527
-3.4075927734375,1.8527500000000001
-3.056640625,1.8528
-2.83538818359375,1.85285
-3.1231689453125,1.8529
-3.250732421875,1.85295
-3.24432373046875,1.853
-3.3612060546875,1.85305
-2.95379638671875,1.8531000000000002
-3.1134033203125,1.85315
-3.05938720703125,1.8532000000000002
-2.9132080078125,1.85325
-2.96783447265625,1.8533000000000002
-3.1854248046875,1.85335
-3.01788330078125,1.8534000000000002
-3.29681396484375,1.85345
-2.97393798828125,1.8535000000000001
-3.2647705078125,1.85355
-3.15826416015625,1.8536000000000001
-3.25347900390625,1.85365
-3.03863525390625,1.8537000000000001
-2.96539306640625,1.85375
-3.1634521484375,1.8538000000000001
-3.22540283203125,1.85385
-3.013916015625,1.8539
-3.12469482421875,1.85395
-3.111572265625,1.854
-3.10089111328125,1.8540500000000002
-3.4063720703125,1.8541
-3.4222412109375,1.8541500000000002
-2.97821044921875,1.8542
-3.1793212890625,1.8542500000000002
-2.9705810546875,1.8543
-2.74810791015625,1.8543500000000002
-3.27117919921875,1.8544
-2.96600341796875,1.8544500000000002
-2.811279296875,1.8545
-3.18817138671875,1.8545500000000001
-3.0572509765625,1.8546
-2.9962158203125,1.8546500000000001
-3.1658935546875,1.8547
-3.2098388671875,1.8547500000000001
-3.2354736328125,1.8548
-2.98736572265625,1.85485
-3.19000244140625,1.8549
-3.0780029296875,1.85495
-3.12347412109375,1.855
-3.05511474609375,1.85505
-3.2330322265625,1.8551000000000002
-2.96966552734375,1.85515
-3.07830810546875,1.8552000000000002
-3.1005859375,1.85525
-3.22784423828125,1.8553000000000002
-2.99713134765625,1.85535
-3.0035400390625,1.8554000000000002
-3.1610107421875,1.85545
-3.16680908203125,1.8555000000000001
-3.37982177734375,1.85555
-3.2366943359375,1.8556000000000001
-3.17474365234375,1.85565
-2.96905517578125,1.8557000000000001
-3.34136962890625,1.85575
-3.24462890625,1.8558000000000001
-3.16070556640625,1.85585
-3.29498291015625,1.8559
-3.14971923828125,1.85595
-2.769775390625,1.856
-3.34228515625,1.8560500000000002
-3.0517578125,1.8561
-3.09417724609375,1.8561500000000002
-2.86529541015625,1.8562
-2.99957275390625,1.8562500000000002
-3.07647705078125,1.8563
-2.92236328125,1.8563500000000002
-3.03253173828125,1.8564
-3.03558349609375,1.8564500000000002
-3.12103271484375,1.8565
-2.8680419921875,1.8565500000000001
-3.00811767578125,1.8566
-3.12530517578125,1.8566500000000001
-3.01116943359375,1.8567
-2.82073974609375,1.8567500000000001
-3.0047607421875,1.8568
-2.5146484375,1.8568500000000001
-3.01971435546875,1.8569
-2.92022705078125,1.85695
-2.88177490234375,1.857
-3.0853271484375,1.85705
-2.7423095703125,1.8571000000000002
-2.8411865234375,1.85715
-2.9852294921875,1.8572000000000002
-3.08502197265625,1.85725
-3.03680419921875,1.8573000000000002
-2.63519287109375,1.85735
-3.056640625,1.8574000000000002
-3.03924560546875,1.85745
-2.9345703125,1.8575000000000002
-3.25347900390625,1.85755
-2.92724609375,1.8576000000000001
-2.723388671875,1.85765
-2.90313720703125,1.8577000000000001
-2.9547119140625,1.85775
-2.833251953125,1.8578000000000001
-3.10028076171875,1.85785
-3.08258056640625,1.8579
-3.12896728515625,1.85795
-2.97271728515625,1.858
-3.23089599609375,1.85805
-3.21533203125,1.8581
-3.37890625,1.8581500000000002
-2.86590576171875,1.8582
-3.05938720703125,1.8582500000000002
-2.8961181640625,1.8583
-3.01605224609375,1.8583500000000002
-3.10333251953125,1.8584
-3.25225830078125,1.8584500000000002
-2.70233154296875,1.8585
-3.0487060546875,1.8585500000000001
-3.2440185546875,1.8586
-2.99102783203125,1.8586500000000001
-3.00933837890625,1.8587
-3.11126708984375,1.8587500000000001
-3.03924560546875,1.8588
-2.95257568359375,1.8588500000000001
-3.5235595703125,1.8589
-3.31512451171875,1.85895
-3.07525634765625,1.859
-3.0999755859375,1.85905
-3.45489501953125,1.8591000000000002
-3.09326171875,1.85915
-3.04107666015625,1.8592000000000002
-3.189697265625,1.85925
-3.1512451171875,1.8593000000000002
-3.1671142578125,1.85935
-3.143310546875,1.8594000000000002
-3.062744140625,1.85945
-3.2037353515625,1.8595000000000002
-3.37738037109375,1.85955
-3.27117919921875,1.8596000000000001
-3.05755615234375,1.85965
-2.862548828125,1.8597000000000001
-3.12408447265625,1.85975
-3.3740234375,1.8598000000000001
-2.8765869140625,1.85985
-2.88818359375,1.8599
-2.9803466796875,1.85995
-2.76458740234375,1.86
-3.10791015625,1.86005
-3.00384521484375,1.8601
-2.611083984375,1.8601500000000002
-2.69622802734375,1.8602
-2.96875,1.8602500000000002
-2.8387451171875,1.8603
-3.1134033203125,1.8603500000000002
-3.0902099609375,1.8604
-2.87506103515625,1.8604500000000002
-2.67974853515625,1.8605
-3.1793212890625,1.8605500000000001
-2.90252685546875,1.8606
-2.9547119140625,1.8606500000000001
-2.79632568359375,1.8607
-2.9376220703125,1.8607500000000001
-2.725830078125,1.8608
-2.80609130859375,1.8608500000000001
-2.9132080078125,1.8609
-2.70233154296875,1.86095
-2.9901123046875,1.861
-2.87384033203125,1.86105
-3.06365966796875,1.8611000000000002
-2.94158935546875,1.86115
-3.21502685546875,1.8612000000000002
-3.11737060546875,1.86125
-3.08013916015625,1.8613000000000002
-2.85308837890625,1.86135
-3.13934326171875,1.8614000000000002
-2.97607421875,1.86145
-3.0828857421875,1.8615000000000002
-2.87506103515625,1.86155
-2.9083251953125,1.8616000000000001
-2.7984619140625,1.86165
-2.943115234375,1.8617000000000001
-3.30718994140625,1.86175
-3.10302734375,1.8618000000000001
-2.91839599609375,1.86185
-3.39569091796875,1.8619
-3.16802978515625,1.86195
-3.38897705078125,1.862
-3.70391845703125,1.86205
-3.47076416015625,1.8621
-3.140869140625,1.8621500000000002
-3.01544189453125,1.8622
-3.29315185546875,1.8622500000000002
-3.1427001953125,1.8623
-3.27484130859375,1.8623500000000002
-3.13140869140625,1.8624
-3.20770263671875,1.8624500000000002
-3.16314697265625,1.8625
-3.21624755859375,1.8625500000000001
-3.1488037109375,1.8626
-3.4027099609375,1.8626500000000001
-3.27117919921875,1.8627
-3.36700439453125,1.8627500000000001
-2.97454833984375,1.8628
-3.15216064453125,1.8628500000000001
-3.31787109375,1.8629
-3.4893798828125,1.86295
-2.9132080078125,1.863
-2.96356201171875,1.86305
-3.34564208984375,1.8631000000000002
-3.0230712890625,1.86315
-3.0743408203125,1.8632000000000002
-3.16162109375,1.86325
-2.83905029296875,1.8633000000000002
-2.66143798828125,1.86335
-3.3111572265625,1.8634000000000002
-3.19732666015625,1.86345
-3.22723388671875,1.8635000000000002
-3.08197021484375,1.86355
-3.1500244140625,1.8636000000000001
-3.2012939453125,1.86365
-3.3843994140625,1.8637000000000001
-3.1640625,1.86375
-3.1622314453125,1.8638000000000001
-3.2623291015625,1.86385
-3.31634521484375,1.8639000000000001
-3.14300537109375,1.86395
-3.14422607421875,1.864
-3.05908203125,1.86405
-3.0889892578125,1.8641
-2.90985107421875,1.8641500000000002
-2.9412841796875,1.8642
-3.060302734375,1.8642500000000002
-2.94952392578125,1.8643
-3.10821533203125,1.8643500000000002
-3.14910888671875,1.8644
-2.8497314453125,1.8644500000000002
-3.009033203125,1.8645
-3.07647705078125,1.8645500000000002
-3.1243896484375,1.8646
-2.75848388671875,1.8646500000000001
-2.412109375,1.8647
-2.8155517578125,1.8647500000000001
-2.63824462890625,1.8648
-2.6873779296875,1.8648500000000001
-2.779541015625,1.8649
-2.87384033203125,1.86495
-2.735595703125,1.865
-2.8521728515625,1.86505
-2.720947265625,1.8651
-2.97698974609375,1.86515
-3.23272705078125,1.8652000000000002
-3.2421875,1.86525
-3.14910888671875,1.8653000000000002
-3.333740234375,1.86535
-3.59527587890625,1.8654000000000002
-3.2061767578125,1.86545
-3.45306396484375,1.8655000000000002
-3.25531005859375,1.86555
-3.5052490234375,1.8656000000000001
-3.42041015625,1.86565
-3.47015380859375,1.8657000000000001
-3.695068359375,1.86575
-3.75274658203125,1.8658000000000001
-3.6712646484375,1.86585
-4.012451171875,1.8659000000000001
-3.58673095703125,1.86595
-3.83056640625,1.866
-3.89312744140625,1.86605
-3.67218017578125,1.8661
-3.56170654296875,1.8661500000000002
-3.6322021484375,1.8662
-3.74969482421875,1.8662500000000002
-3.81866455078125,1.8663
-3.399658203125,1.8663500000000002
-3.6846923828125,1.8664
-3.45123291015625,1.8664500000000002
-3.16375732421875,1.8665
-3.5272216796875,1.8665500000000002
-3.5247802734375,1.8666
-3.34075927734375,1.8666500000000001
-3.38043212890625,1.8667
-3.438720703125,1.8667500000000001
-3.21624755859375,1.8668
-3.41156005859375,1.8668500000000001
-3.3685302734375,1.8669
-3.3929443359375,1.86695
-3.4130859375,1.867
-3.101806640625,1.86705
-3.2733154296875,1.8671
-3.3880615234375,1.86715
-3.206787109375,1.8672000000000002
-3.28521728515625,1.86725
-2.87261962890625,1.8673000000000002
-2.95196533203125,1.86735
-3.2049560546875,1.8674000000000002
-3.050537109375,1.86745
-2.7239990234375,1.8675000000000002
-2.93365478515625,1.86755
-2.64251708984375,1.8676000000000001
-2.72796630859375,1.86765
-3.07830810546875,1.8677000000000001
-2.8338623046875,1.86775
-2.64373779296875,1.8678000000000001
-2.7825927734375,1.86785
-3.17657470703125,1.8679000000000001
-2.93182373046875,1.86795
-2.96295166015625,1.868
-2.96478271484375,1.86805
-3.21563720703125,1.8681
-2.8533935546875,1.86815
-3.01300048828125,1.8682
-3.03985595703125,1.8682500000000002
-2.852783203125,1.8683
-3.30596923828125,1.8683500000000002
-3.27850341796875,1.8684
-2.94769287109375,1.8684500000000002
-3.16986083984375,1.8685
-3.15216064453125,1.8685500000000002
-3.3392333984375,1.8686
-3.1427001953125,1.8686500000000001
-3.1622314453125,1.8687
-3.306884765625,1.8687500000000001
-2.9901123046875,1.8688
-3.253173828125,1.8688500000000001
-3.24432373046875,1.8689
-3.0535888671875,1.8689500000000001
-2.8350830078125,1.869
-2.9779052734375,1.86905
-2.85552978515625,1.8691
-2.91961669921875,1.86915
-2.6263427734375,1.8692000000000002
-2.90191650390625,1.86925
-2.56561279296875,1.8693000000000002
-2.796630859375,1.86935
-2.872314453125,1.8694000000000002
-2.99591064453125,1.86945
-2.77099609375,1.8695000000000002
-2.655029296875,1.86955
-2.685546875,1.8696000000000002
-2.71881103515625,1.86965
-2.7001953125,1.8697000000000001
-2.86956787109375,1.86975
-2.535400390625,1.8698000000000001
-2.5146484375,1.86985
-2.62786865234375,1.8699000000000001
-2.28240966796875,1.86995
-2.6409912109375,1.87
-2.608642578125,1.87005
-2.55950927734375,1.8701
-2.454833984375,1.8701500000000002
-2.3272705078125,1.8702
-2.5714111328125,1.8702500000000002
-2.8466796875,1.8703
-2.4749755859375,1.8703500000000002
-2.68798828125,1.8704
-2.3406982421875,1.8704500000000002
-2.4884033203125,1.8705
-2.75970458984375,1.8705500000000002
-2.64678955078125,1.8706
-2.2314453125,1.8706500000000001
-2.3529052734375,1.8707
-2.5628662109375,1.8707500000000001
-2.64984130859375,1.8708
-2.7496337890625,1.8708500000000001
-2.69287109375,1.8709
-2.60162353515625,1.8709500000000001
-2.7362060546875,1.871
-2.83966064453125,1.87105
-2.8729248046875,1.8711
-2.760009765625,1.87115
-2.91351318359375,1.8712000000000002
-3.2147216796875,1.87125
-2.88360595703125,1.8713000000000002
-2.95318603515625,1.87135
-2.86651611328125,1.8714000000000002
-2.7435302734375,1.87145
-2.73712158203125,1.8715000000000002
-2.7703857421875,1.87155
-2.52349853515625,1.8716000000000002
-2.62237548828125,1.87165
-2.69744873046875,1.8717000000000001
-2.82623291015625,1.87175
-2.59429931640625,1.8718000000000001
-2.60986328125,1.87185
-3.09783935546875,1.8719000000000001
-2.93426513671875,1.87195
-2.96630859375,1.872
-2.86285400390625,1.87205
-2.8558349609375,1.8721
-2.38525390625,1.87215
-3.1158447265625,1.8722
-3.08074951171875,1.8722500000000002
-2.9205322265625,1.8723
-2.73040771484375,1.8723500000000002
-2.94891357421875,1.8724
-2.7923583984375,1.8724500000000002
-2.8973388671875,1.8725
-3.00689697265625,1.8725500000000002
-3.12225341796875,1.8726
-2.78106689453125,1.8726500000000001
-3.1402587890625,1.8727
-3.2415771484375,1.8727500000000001
-3.16375732421875,1.8728
-3.35052490234375,1.8728500000000001
-3.33587646484375,1.8729
-3.19366455078125,1.8729500000000001
-2.87872314453125,1.873
-3.02764892578125,1.87305
-3.0535888671875,1.8731
-3.20831298828125,1.87315
-2.808837890625,1.8732000000000002
-3.15155029296875,1.87325
-2.88116455078125,1.8733000000000002
-3.04473876953125,1.87335
-3.2135009765625,1.8734000000000002
-3.0926513671875,1.87345
-2.7593994140625,1.8735000000000002
-3.0877685546875,1.87355
-2.99896240234375,1.8736000000000002
-3.17596435546875,1.87365
-3.09661865234375,1.8737000000000001
-3.21258544921875,1.87375
-2.68768310546875,1.8738000000000001
-3.03009033203125,1.87385
-3.1268310546875,1.8739000000000001
-3.10943603515625,1.87395
-2.933349609375,1.874
-2.85552978515625,1.87405
-2.95013427734375,1.8741
-2.7685546875,1.87415
-2.8948974609375,1.8742
-3.0511474609375,1.8742500000000002
-2.81768798828125,1.8743
-2.8778076171875,1.8743500000000002
-2.92327880859375,1.8744
-2.760009765625,1.8744500000000002
-3.03466796875,1.8745
-3.118896484375,1.8745500000000002
-2.945556640625,1.8746
-2.83355712890625,1.8746500000000001
-2.83416748046875,1.8747
-3.03680419921875,1.8747500000000001
-2.96051025390625,1.8748
-2.7642822265625,1.8748500000000001
-3.0303955078125,1.8749
-2.70751953125,1.8749500000000001
-2.664794921875,1.875
-2.943115234375,1.87505
-2.919921875,1.8751
-2.6898193359375,1.87515
-2.6751708984375,1.8752
-2.9681396484375,1.87525
-2.841796875,1.8753
-3.16925048828125,1.87535
-3.2598876953125,1.8754
-3.0194091796875,1.87545
-2.87078857421875,1.8755
-3.2354736328125,1.87555
-3.13995361328125,1.8756
-2.95806884765625,1.87565
-3.26568603515625,1.8757
-3.40484619140625,1.87575
-3.0084228515625,1.8758000000000001
-3.116455078125,1.87585
-3.0535888671875,1.8759000000000001
-3.18359375,1.87595
-3.134765625,1.8760000000000001
-3.13690185546875,1.87605
-3.065185546875,1.8761
-2.82928466796875,1.87615
-3.114013671875,1.8762
-3.27545166015625,1.87625
-3.06610107421875,1.8763
-2.72552490234375,1.87635
-3.1341552734375,1.8764
-2.850341796875,1.87645
-3.02886962890625,1.8765
-2.98187255859375,1.87655
-2.8173828125,1.8766
-2.52960205078125,1.87665
-3.057861328125,1.8767
-2.9443359375,1.87675
-3.1341552734375,1.8768
-2.891845703125,1.8768500000000001
-2.8607177734375,1.8769
-2.83599853515625,1.8769500000000001
-2.81646728515625,1.877
-2.994384765625,1.87705
-3.16314697265625,1.8771
-2.83843994140625,1.87715
-3.228759765625,1.8772
-3.25103759765625,1.87725
-3.10333251953125,1.8773
-3.316650390625,1.87735
-3.28094482421875,1.8774
-3.1329345703125,1.87745
-3.07403564453125,1.8775
-2.86163330078125,1.87755
-2.87353515625,1.8776
-3.24493408203125,1.87765
-2.96966552734375,1.8777
-2.98583984375,1.87775
-2.79693603515625,1.8778000000000001
-3.00384521484375,1.87785
-3.1231689453125,1.8779000000000001
-3.26873779296875,1.87795
-2.6495361328125,1.8780000000000001
-3.20343017578125,1.87805
-2.72430419921875,1.8781
-2.94647216796875,1.87815
-3.0059814453125,1.8782
-2.88604736328125,1.87825
-2.74383544921875,1.8783
-2.7789306640625,1.87835
-2.70294189453125,1.8784
-2.8765869140625,1.87845
-3.0145263671875,1.8785
-3.08990478515625,1.87855
-3.23638916015625,1.8786
-3.0517578125,1.87865
-3.30108642578125,1.8787
-3.345947265625,1.87875
-2.93670654296875,1.8788
-3.18817138671875,1.8788500000000001
-3.4112548828125,1.8789
-2.82379150390625,1.8789500000000001
-2.9901123046875,1.879
-3.1903076171875,1.87905
-3.138427734375,1.8791
-3.18756103515625,1.87915
-3.231201171875,1.8792
-2.97821044921875,1.87925
-3.182373046875,1.8793
-3.3685302734375,1.87935
-3.2537841796875,1.8794
-3.1103515625,1.87945
-2.92388916015625,1.8795
-3.46588134765625,1.87955
-3.2830810546875,1.8796
-3.1634521484375,1.87965
-3.29864501953125,1.8797
-3.15338134765625,1.87975
-3.0255126953125,1.8798
-3.4881591796875,1.87985
-3.314208984375,1.8799000000000001
-3.13018798828125,1.87995
-3.04901123046875,1.8800000000000001
-2.89886474609375,1.88005
-3.104248046875,1.8801
-2.87689208984375,1.88015
-3.02703857421875,1.8802
-3.140869140625,1.88025
-3.11676025390625,1.8803
-3.1585693359375,1.88035
-3.09112548828125,1.8804
-3.143310546875,1.88045
-3.35540771484375,1.8805
-3.52752685546875,1.88055
-3.065185546875,1.8806
-3.065185546875,1.88065
-3.20709228515625,1.8807
-3.0712890625,1.88075
-3.13385009765625,1.8808
-2.996826171875,1.8808500000000001
-3.23333740234375,1.8809
-3.0767822265625,1.8809500000000001
-3.03253173828125,1.881
-2.9962158203125,1.88105
-3.02276611328125,1.8811
-2.70965576171875,1.88115
-3.13201904296875,1.8812
-2.8759765625,1.88125
-2.94525146484375,1.8813
-3.02581787109375,1.88135
-3.04290771484375,1.8814
-2.89703369140625,1.88145
-3.02947998046875,1.8815
-2.8240966796875,1.88155
-2.99102783203125,1.8816
-2.81585693359375,1.88165
-2.99163818359375,1.8817
-3.021240234375,1.88175
-2.80242919921875,1.8818000000000001
-2.921142578125,1.88185
-2.9388427734375,1.8819000000000001
-2.9486083984375,1.88195
-2.94647216796875,1.8820000000000001
-2.9901123046875,1.88205
-2.6416015625,1.8821
-2.904052734375,1.88215
-3.13629150390625,1.8822
-2.9827880859375,1.88225
-2.8955078125,1.8823
-3.28338623046875,1.88235
-2.713623046875,1.8824
-3.143310546875,1.88245
-2.9376220703125,1.8825
-2.7899169921875,1.88255
-2.88360595703125,1.8826
-2.83294677734375,1.88265
-2.96478271484375,1.8827
-2.91015625,1.88275
-2.98004150390625,1.8828
-2.7935791015625,1.8828500000000001
-2.62908935546875,1.8829
-2.48992919921875,1.8829500000000001
-2.864990234375,1.883
-3.095703125,1.8830500000000001
-2.8497314453125,1.8831
-2.8753662109375,1.88315
-2.83660888671875,1.8832
-2.96722412109375,1.88325
-2.81005859375,1.8833
-3.00262451171875,1.88335
-3.0560302734375,1.8834
-2.87445068359375,1.88345
-2.8790283203125,1.8835
-2.8118896484375,1.88355
-2.98095703125,1.8836
-2.921142578125,1.88365
-3.06732177734375,1.8837
-2.82012939453125,1.88375
-2.71820068359375,1.8838
-3.1036376953125,1.88385
-2.89947509765625,1.8839000000000001
-2.90252685546875,1.88395
-2.9852294921875,1.8840000000000001
-2.8759765625,1.88405
-2.7227783203125,1.8841
-3.00689697265625,1.88415
-2.68890380859375,1.8842
-2.87811279296875,1.88425
-2.78167724609375,1.8843
-2.6739501953125,1.88435
-2.74658203125,1.8844
-2.8643798828125,1.88445
-2.77984619140625,1.8845
-2.872314453125,1.88455
-2.8790283203125,1.8846
-2.8948974609375,1.88465
-2.80242919921875,1.8847
-2.9443359375,1.88475
-2.89306640625,1.8848
-2.960205078125,1.8848500000000001
-2.7740478515625,1.8849
-2.7996826171875,1.8849500000000001
-3.13812255859375,1.885
-3.02886962890625,1.8850500000000001
-2.88238525390625,1.8851
-2.884521484375,1.88515
-3.07220458984375,1.8852
-2.97698974609375,1.88525
-3.07830810546875,1.8853
-2.95501708984375,1.88535
-3.1866455078125,1.8854
-2.90557861328125,1.88545
-3.16192626953125,1.8855
-2.86529541015625,1.88555
-3.0322265625,1.8856
-3.04351806640625,1.88565
-3.2427978515625,1.8857
-2.96173095703125,1.88575
-3.19366455078125,1.8858
-3.3038330078125,1.88585
-3.36700439453125,1.8859000000000001
-3.31207275390625,1.88595
-3.0389404296875,1.8860000000000001
-2.79510498046875,1.88605
-2.99560546875,1.8861
-2.9931640625,1.88615
-3.0712890625,1.8862
-3.31939697265625,1.88625
-2.947998046875,1.8863
-3.0340576171875,1.88635
-3.04962158203125,1.8864
-3.29498291015625,1.88645
-3.26141357421875,1.8865
-3.2763671875,1.88655
-3.00689697265625,1.8866
-3.4027099609375,1.88665
-3.42071533203125,1.8867
-3.5211181640625,1.88675
-3.07647705078125,1.8868
-3.49700927734375,1.88685
-3.095703125,1.8869
-2.98004150390625,1.8869500000000001
-3.336181640625,1.887
-2.926025390625,1.8870500000000001
-3.00567626953125,1.8871
-3.08441162109375,1.88715
-3.1890869140625,1.8872
-3.076171875,1.88725
-3.43109130859375,1.8873
-3.37860107421875,1.88735
-3.16070556640625,1.8874
-3.04718017578125,1.88745
-3.187255859375,1.8875
-3.4820556640625,1.88755
-3.50311279296875,1.8876
-3.32122802734375,1.88765
-3.33160400390625,1.8877
-3.24371337890625,1.88775
-3.00506591796875,1.8878
-3.31451416015625,1.88785
-3.3660888671875,1.8879000000000001
-3.0462646484375,1.88795
-3.23455810546875,1.8880000000000001
-2.92999267578125,1.88805
-3.1268310546875,1.8881000000000001
-3.466796875,1.88815
-3.25103759765625,1.8882
-3.1292724609375,1.88825
-3.23944091796875,1.8883
-3.35968017578125,1.88835
-3.3770751953125,1.8884
-3.32122802734375,1.88845
-3.26202392578125,1.8885
-3.29010009765625,1.88855
-2.7587890625,1.8886
-3.365478515625,1.88865
-2.96966552734375,1.8887
-3.21807861328125,1.88875
-3.1011962890625,1.8888
-3.24676513671875,1.88885
-2.96051025390625,1.8889
-3.19244384765625,1.8889500000000001
-3.23150634765625,1.889
-3.27850341796875,1.8890500000000001
-3.3740234375,1.8891
-3.26873779296875,1.88915
-3.2958984375,1.8892
-3.34014892578125,1.88925
-3.29376220703125,1.8893
-3.41156005859375,1.88935
-3.4161376953125,1.8894
-2.76336669921875,1.88945
-3.1427001953125,1.8895
-3.23028564453125,1.88955
-3.1121826171875,1.8896
-3.2403564453125,1.88965
-3.5467529296875,1.8897
-3.134765625,1.88975
-3.46099853515625,1.8898
-3.39263916015625,1.88985
-3.44207763671875,1.8899000000000001
-3.3404541015625,1.88995
-3.26751708984375,1.8900000000000001
-3.460693359375,1.89005
-3.05755615234375,1.8901000000000001
-3.39385986328125,1.89015
-3.4130859375,1.8902
-3.20220947265625,1.89025
-3.17718505859375,1.8903
-3.23333740234375,1.89035
-3.27545166015625,1.8904
-3.34075927734375,1.89045
-3.238525390625,1.8905
-3.10791015625,1.89055
-3.18359375,1.8906
-3.09356689453125,1.89065
-3.13995361328125,1.8907
-3.465576171875,1.89075
-3.06732177734375,1.8908
-3.082275390625,1.89085
-3.0010986328125,1.8909
-3.1304931640625,1.8909500000000001
-3.2427978515625,1.891
-3.1695556640625,1.8910500000000001
-2.85003662109375,1.8911
-3.0230712890625,1.89115
-3.2012939453125,1.8912
-3.1414794921875,1.89125
-3.1182861328125,1.8913
-3.221435546875,1.89135
-3.375244140625,1.8914
-3.0841064453125,1.89145
-3.22784423828125,1.8915
-3.24493408203125,1.89155
-3.1378173828125,1.8916
-3.2537841796875,1.89165
-3.27178955078125,1.8917
-3.23394775390625,1.89175
-3.48052978515625,1.8918
-3.41461181640625,1.89185
-3.39508056640625,1.8919000000000001
-3.02581787109375,1.89195
-3.25042724609375,1.8920000000000001
-3.19183349609375,1.89205
-3.160400390625,1.8921000000000001
-3.311767578125,1.89215
-3.26995849609375,1.8922
-3.42620849609375,1.89225
-3.17901611328125,1.8923
-3.28521728515625,1.89235
-3.33038330078125,1.8924
-3.135986328125,1.89245
-3.24676513671875,1.8925
-3.1561279296875,1.89255
-2.884521484375,1.8926
-3.201904296875,1.89265
-3.15338134765625,1.8927
-3.12530517578125,1.89275
-2.90008544921875,1.8928
-3.28399658203125,1.89285
-2.9339599609375,1.8929
-3.0517578125,1.8929500000000001
-3.10028076171875,1.893
-3.16314697265625,1.8930500000000001
-2.767333984375,1.8931
-3.16192626953125,1.89315
-3.07769775390625,1.8932
-3.1744384765625,1.89325
-3.33282470703125,1.8933
-3.23333740234375,1.89335
-3.1182861328125,1.8934
-2.974853515625,1.89345
-3.0877685546875,1.8935
-3.255615234375,1.89355
-3.3575439453125,1.8936
-3.07342529296875,1.89365
-3.14422607421875,1.8937
-3.0755615234375,1.89375
-3.1756591796875,1.8938
-3.24462890625,1.89385
-3.24127197265625,1.8939
-2.8851318359375,1.89395
-3.16558837890625,1.8940000000000001
-3.21990966796875,1.89405
-3.32000732421875,1.8941000000000001
-3.25439453125,1.89415
-3.50433349609375,1.8942
-3.65631103515625,1.89425
-3.48419189453125,1.8943
-3.71612548828125,1.89435
-3.7359619140625,1.8944
-3.69293212890625,1.89445
-3.719482421875,1.8945
-3.73931884765625,1.89455
-3.3770751953125,1.8946
-3.80889892578125,1.89465
-3.897705078125,1.8947
-3.81988525390625,1.89475
-3.673095703125,1.8948
-3.4478759765625,1.89485
-3.8299560546875,1.8949
-4.0496826171875,1.8949500000000001
-3.824462890625,1.895
-3.79119873046875,1.8950500000000001
-3.64166259765625,1.8951
-3.79241943359375,1.8951500000000001
-3.85345458984375,1.8952
-3.91265869140625,1.89525
-3.6053466796875,1.8953
-3.7664794921875,1.89535
-3.4527587890625,1.8954
-3.4368896484375,1.89545
-3.5296630859375,1.8955
-3.1005859375,1.89555
-3.1964111328125,1.8956
-3.03558349609375,1.89565
-3.1414794921875,1.8957
-3.111572265625,1.89575
-2.9803466796875,1.8958
-2.89215087890625,1.89585
-3.28125,1.8959
-2.49725341796875,1.89595
-2.84027099609375,1.8960000000000001
-2.518310546875,1.89605
-2.4359130859375,1.8961000000000001
-2.5872802734375,1.89615
-2.8289794921875,1.8962
-2.37091064453125,1.89625
-2.50518798828125,1.8963
-2.72705078125,1.89635
-2.67913818359375,1.8964
-2.7606201171875,1.89645
-2.4493408203125,1.8965
-2.59796142578125,1.89655
-2.55401611328125,1.8966
-2.767333984375,1.89665
-2.947998046875,1.8967
-3.16558837890625,1.89675
-2.86865234375,1.8968
-3.1756591796875,1.89685
-2.85614013671875,1.8969
-3.08197021484375,1.8969500000000001
-3.38592529296875,1.897
-3.33160400390625,1.8970500000000001
-3.09600830078125,1.8971
-3.4515380859375,1.8971500000000001
-3.333740234375,1.8972
-3.50250244140625,1.89725
-3.1732177734375,1.8973
-3.23944091796875,1.89735
-3.30413818359375,1.8974
-2.77984619140625,1.89745
-2.98736572265625,1.8975
-2.94921875,1.89755
-2.9150390625,1.8976
-2.9095458984375,1.89765
-3.08197021484375,1.8977
-2.6812744140625,1.89775
-3.08319091796875,1.8978
-3.1201171875,1.89785
-2.88177490234375,1.8979
-2.73956298828125,1.89795
-2.76275634765625,1.8980000000000001
-2.98004150390625,1.89805
-2.8814697265625,1.8981000000000001
-3.01849365234375,1.89815
-2.82196044921875,1.8982
-2.81585693359375,1.89825
-2.71392822265625,1.8983
-2.8759765625,1.89835
-2.91351318359375,1.8984
-2.7154541015625,1.89845
-2.71209716796875,1.8985
-2.74627685546875,1.89855
-2.63580322265625,1.8986
-2.96417236328125,1.89865
-2.8009033203125,1.8987
-3.0059814453125,1.89875
-2.93212890625,1.8988
-2.8509521484375,1.89885
-2.87567138671875,1.8989
-2.9840087890625,1.8989500000000001
-3.0126953125,1.899
-3.092041015625,1.8990500000000001
-2.61260986328125,1.8991
-2.9571533203125,1.8991500000000001
-3.17108154296875,1.8992
-2.87750244140625,1.89925
-3.12225341796875,1.8993
-2.91107177734375,1.89935
-2.9425048828125,1.8994
-3.211669921875,1.89945
-3.12408447265625,1.8995
-2.94830322265625,1.89955
-3.06121826171875,1.8996
-3.0487060546875,1.89965
-3.1964111328125,1.8997
-3.0694580078125,1.89975
-3.09906005859375,1.8998
-3.28704833984375,1.89985
-3.2867431640625,1.8999
-2.8338623046875,1.89995
-2.92083740234375,1.9000000000000001
-2.87506103515625,1.9000500000000002
-3.01788330078125,1.9001000000000001
-2.98370361328125,1.9001500000000002
-3.15704345703125,1.9002000000000001
-2.98736572265625,1.9002500000000002
-2.90008544921875,1.9003
-3.23455810546875,1.9003500000000002
-3.35052490234375,1.9004
-3.20037841796875,1.9004500000000002
-3.189697265625,1.9005
-3.45458984375,1.9005500000000002
-3.0157470703125,1.9006
-3.26904296875,1.9006500000000002
-3.24188232421875,1.9007
-3.18115234375,1.9007500000000002
-2.89794921875,1.9008
-3.1915283203125,1.9008500000000002
-2.92236328125,1.9009
-2.99774169921875,1.9009500000000001
-2.91290283203125,1.901
-2.89154052734375,1.9010500000000001
-2.9937744140625,1.9011000000000002
-2.82440185546875,1.9011500000000001
-2.98004150390625,1.9012000000000002
-3.26934814453125,1.90125
-3.15521240234375,1.9013000000000002
-3.09722900390625,1.90135
-3.0059814453125,1.9014000000000002
-2.94921875,1.90145
-3.1951904296875,1.9015000000000002
-3.31451416015625,1.90155
-3.12744140625,1.9016000000000002
-2.989501953125,1.90165
-3.1365966796875,1.9017000000000002
-3.2855224609375,1.90175
-3.27301025390625,1.9018000000000002
-3.29071044921875,1.90185
-3.31695556640625,1.9019000000000001
-3.17779541015625,1.90195
-3.34686279296875,1.9020000000000001
-3.5260009765625,1.9020500000000002
-3.66119384765625,1.9021000000000001
-3.5211181640625,1.9021500000000002
-3.47137451171875,1.9022000000000001
-3.2916259765625,1.9022500000000002
-3.42254638671875,1.9023
-3.533935546875,1.9023500000000002
-3.40240478515625,1.9024
-3.15460205078125,1.9024500000000002
-3.095703125,1.9025
-3.08349609375,1.9025500000000002
-3.079833984375,1.9026
-3.27392578125,1.9026500000000002
-2.969970703125,1.9027
-3.30413818359375,1.9027500000000002
-3.06121826171875,1.9028
-3.2794189453125,1.9028500000000002
-3.34503173828125,1.9029
-3.179931640625,1.9029500000000001
-3.238525390625,1.903
-3.38104248046875,1.9030500000000001
-3.34625244140625,1.9031000000000002
-3.12774658203125,1.9031500000000001
-3.2525634765625,1.9032000000000002
-3.55255126953125,1.90325
-2.972412109375,1.9033000000000002
-3.23394775390625,1.90335
-2.896728515625,1.9034000000000002
-2.8424072265625,1.90345
-3.2159423828125,1.9035000000000002
-3.1463623046875,1.90355
-2.94342041015625,1.9036000000000002
-2.96173095703125,1.90365
-3.25408935546875,1.9037000000000002
-3.32855224609375,1.90375
-3.26202392578125,1.9038000000000002
-3.08929443359375,1.90385
-3.12652587890625,1.9039000000000001
-2.93365478515625,1.90395
-2.96417236328125,1.9040000000000001
-3.13446044921875,1.9040500000000002
-2.989501953125,1.9041000000000001
-2.9913330078125,1.9041500000000002
-3.212890625,1.9042000000000001
-2.95074462890625,1.9042500000000002
-2.89581298828125,1.9043
-2.8961181640625,1.9043500000000002
-3.0517578125,1.9044
-2.8900146484375,1.9044500000000002
-2.7362060546875,1.9045
-2.703857421875,1.9045500000000002
-2.96875,1.9046
-2.955322265625,1.9046500000000002
-2.94891357421875,1.9047
-3.27392578125,1.9047500000000002
-2.63031005859375,1.9048
-3.08990478515625,1.9048500000000002
-2.91839599609375,1.9049
-2.962646484375,1.9049500000000001
-2.8759765625,1.905
-2.962646484375,1.9050500000000001
-2.7069091796875,1.9051000000000002
-2.83599853515625,1.9051500000000001
-2.84332275390625,1.9052000000000002
-2.95867919921875,1.90525
-2.6141357421875,1.9053000000000002
-2.53936767578125,1.90535
-2.99652099609375,1.9054000000000002
-2.794189453125,1.90545
-2.84759521484375,1.9055000000000002
-2.66693115234375,1.90555
-2.7313232421875,1.9056000000000002
-2.5689697265625,1.90565
-2.752685546875,1.9057000000000002
-2.9278564453125,1.90575
-2.83905029296875,1.9058000000000002
-2.799072265625,1.90585
-2.8936767578125,1.9059000000000001
-2.7459716796875,1.90595
-2.9486083984375,1.9060000000000001
-2.9669189453125,1.9060500000000002
-3.0078125,1.9061000000000001
-3.017578125,1.9061500000000002
-2.91107177734375,1.9062000000000001
-3.173828125,1.9062500000000002
-2.9425048828125,1.9063
-3.0682373046875,1.9063500000000002
-3.21685791015625,1.9064
-2.77679443359375,1.9064500000000002
-3.02459716796875,1.9065
-3.16375732421875,1.9065500000000002
-3.04840087890625,1.9066
-3.22296142578125,1.9066500000000002
-3.1427001953125,1.9067
-3.1207275390625,1.9067500000000002
-3.150634765625,1.9068
-3.23333740234375,1.9068500000000002
-3.23333740234375,1.9069
-3.12774658203125,1.9069500000000001
-3.05419921875,1.907
-3.09722900390625,1.9070500000000001
-2.96875,1.9071000000000002
-3.14483642578125,1.9071500000000001
-3.353271484375,1.9072000000000002
-3.62091064453125,1.9072500000000001
-3.07220458984375,1.9073000000000002
-3.3837890625,1.90735
-3.34686279296875,1.9074000000000002
-3.24859619140625,1.90745
-3.3453369140625,1.9075000000000002
-3.53485107421875,1.90755
-3.4271240234375,1.9076000000000002
-2.940673828125,1.90765
-3.2208251953125,1.9077000000000002
-3.45428466796875,1.90775
-3.23822021484375,1.9078000000000002
-3.193359375,1.90785
-3.3819580078125,1.9079000000000002
-3.0615234375,1.90795
-3.3416748046875,1.9080000000000001
-3.39385986328125,1.90805
-3.34014892578125,1.9081000000000001
-3.13262939453125,1.9081500000000002
-3.5235595703125,1.9082000000000001
-3.43017578125,1.9082500000000002
-3.44757080078125,1.9083
-3.33648681640625,1.9083500000000002
-3.3984375,1.9084
-3.2049560546875,1.9084500000000002
-3.05816650390625,1.9085
-3.2684326171875,1.9085500000000002
-3.23486328125,1.9086
-3.3038330078125,1.9086500000000002
-3.27178955078125,1.9087
-3.36669921875,1.9087500000000002
-2.9547119140625,1.9088
-3.08013916015625,1.9088500000000002
-3.367919921875,1.9089
-3.2867431640625,1.9089500000000001
-2.92083740234375,1.909
-3.218994140625,1.9090500000000001
-3.19183349609375,1.9091000000000002
-3.29803466796875,1.9091500000000001
-3.37890625,1.9092000000000002
-3.34869384765625,1.9092500000000001
-2.83355712890625,1.9093000000000002
-3.02276611328125,1.90935
-3.001708984375,1.9094000000000002
-3.094482421875,1.90945
-3.1402587890625,1.9095000000000002
-2.8631591796875,1.90955
-2.996826171875,1.9096000000000002
-2.89031982421875,1.90965
-2.97393798828125,1.9097000000000002
-3.05511474609375,1.90975
-2.8558349609375,1.9098000000000002
-2.767333984375,1.90985
-3.12713623046875,1.9099000000000002
-2.90740966796875,1.90995
-3.02276611328125,1.9100000000000001
-2.79815673828125,1.91005
-3.02734375,1.9101000000000001
-2.77801513671875,1.9101500000000002
-2.65411376953125,1.9102000000000001
-2.95257568359375,1.9102500000000002
-2.7276611328125,1.9103
-2.862548828125,1.9103500000000002
-2.85369873046875,1.9104
-2.83905029296875,1.9104500000000002
-2.74383544921875,1.9105
-2.9229736328125,1.9105500000000002
-2.9534912109375,1.9106
-2.744140625,1.9106500000000002
-2.96539306640625,1.9107
-3.03314208984375,1.9107500000000002
-2.78961181640625,1.9108
-3.045654296875,1.9108500000000002
-2.977294921875,1.9109
-2.63580322265625,1.9109500000000001
-2.821044921875,1.911
-2.666015625,1.9110500000000001
-2.75421142578125,1.9111000000000002
-2.901611328125,1.9111500000000001
-2.56927490234375,1.9112000000000002
-3.052978515625,1.9112500000000001
-2.69561767578125,1.9113000000000002
-2.69683837890625,1.91135
-3.038330078125,1.9114000000000002
-2.6824951171875,1.91145
-2.69683837890625,1.9115000000000002
-2.87628173828125,1.91155
-2.58636474609375,1.9116000000000002
-2.7130126953125,1.91165
-2.987060546875,1.9117000000000002
-3.14208984375,1.91175
-2.95440673828125,1.9118000000000002
-2.772216796875,1.91185
-2.8271484375,1.9119000000000002
-2.92388916015625,1.91195
-2.96905517578125,1.9120000000000001
-2.9925537109375,1.91205
-3.26690673828125,1.9121000000000001
-2.76214599609375,1.9121500000000002
-2.96539306640625,1.9122000000000001
-2.99591064453125,1.9122500000000002
-3.01300048828125,1.9123
-2.98492431640625,1.9123500000000002
-3.15582275390625,1.9124
-3.01361083984375,1.9124500000000002
-3.14788818359375,1.9125
-3.0133056640625,1.9125500000000002
-2.98797607421875,1.9126
-3.07281494140625,1.9126500000000002
-2.7008056640625,1.9127
-3.094482421875,1.9127500000000002
-2.78045654296875,1.9128
-2.70233154296875,1.9128500000000002
-2.85186767578125,1.9129
-2.9595947265625,1.9129500000000002
-2.67059326171875,1.913
-3.17657470703125,1.9130500000000001
-2.94097900390625,1.9131
-3.08685302734375,1.9131500000000001
-3.1878662109375,1.9132000000000002
-3.40850830078125,1.9132500000000001
-2.89337158203125,1.9133000000000002
-2.9339599609375,1.91335
-2.9241943359375,1.9134000000000002
-3.10516357421875,1.91345
-2.998046875,1.9135000000000002
-2.78961181640625,1.91355
-2.93487548828125,1.9136000000000002
-2.73406982421875,1.91365
-3.07098388671875,1.9137000000000002
-3.11126708984375,1.91375
-2.80029296875,1.9138000000000002
-2.9803466796875,1.91385
-3.0474853515625,1.9139000000000002
-2.91717529296875,1.91395
-3.0413818359375,1.9140000000000001
-3.067626953125,1.91405
-2.87109375,1.9141000000000001
-2.978515625,1.9141500000000002
-2.87628173828125,1.9142000000000001
-3.099365234375,1.9142500000000002
-2.886962890625,1.9143000000000001
-2.8924560546875,1.9143500000000002
-2.9833984375,1.9144
-2.6239013671875,1.9144500000000002
-2.7587890625,1.9145
-3.162841796875,1.9145500000000002
-3.104248046875,1.9146
-2.7728271484375,1.9146500000000002
-3.00994873046875,1.9147
-3.07373046875,1.9147500000000002
-2.884521484375,1.9148
-3.2037353515625,1.9148500000000002
-3.23577880859375,1.9149
-3.1829833984375,1.9149500000000002
-3.0255126953125,1.915
-3.13690185546875,1.9150500000000001
-3.173828125,1.9151
-3.099365234375,1.9151500000000001
-3.19427490234375,1.9152000000000002
-3.26995849609375,1.9152500000000001
-2.9693603515625,1.9153000000000002
-3.06182861328125,1.91535
-3.0987548828125,1.9154000000000002
-2.99957275390625,1.91545
-3.09906005859375,1.9155000000000002
-3.331298828125,1.91555
-3.2232666015625,1.9156000000000002
-3.06976318359375,1.91565
-3.12591552734375,1.9157000000000002
-3.385009765625,1.91575
-3.38653564453125,1.9158000000000002
-3.11737060546875,1.91585
-3.39141845703125,1.9159000000000002
-3.0609130859375,1.91595
-3.06671142578125,1.9160000000000001
-3.0963134765625,1.91605
-3.17474365234375,1.9161000000000001
-2.7301025390625,1.9161500000000002
-3.08258056640625,1.9162000000000001
-3.1341552734375,1.9162500000000002
-3.35418701171875,1.9163000000000001
-3.16192626953125,1.9163500000000002
-3.1134033203125,1.9164
-3.0133056640625,1.9164500000000002
-3.21990966796875,1.9165
-3.37615966796875,1.9165500000000002
-3.43109130859375,1.9166
-3.19580078125,1.9166500000000002
-3.18634033203125,1.9167
-3.26690673828125,1.9167500000000002
-3.1414794921875,1.9168
-3.12835693359375,1.9168500000000002
-3.25714111328125,1.9169
-3.0987548828125,1.9169500000000002
-2.8948974609375,1.917
-3.0218505859375,1.9170500000000001
-2.945556640625,1.9171
-3.134765625,1.9171500000000001
-2.950439453125,1.9172000000000002
-3.15582275390625,1.9172500000000001
-2.9400634765625,1.9173000000000002
-3.09173583984375,1.91735
-3.14910888671875,1.9174000000000002
-3.34625244140625,1.91745
-2.9852294921875,1.9175000000000002
-3.13812255859375,1.91755
-2.99468994140625,1.9176000000000002
-3.009033203125,1.91765
-3.211669921875,1.9177000000000002
-3.16497802734375,1.91775
-2.8662109375,1.9178000000000002
-2.7374267578125,1.91785
-3.052978515625,1.9179000000000002
-2.96051025390625,1.91795
-2.94769287109375,1.9180000000000001
-2.94769287109375,1.91805
-3.05389404296875,1.9181000000000001
-2.96722412109375,1.9181500000000002
-3.3380126953125,1.9182000000000001
-3.310546875,1.9182500000000002
-2.87109375,1.9183000000000001
-3.22601318359375,1.9183500000000002
-3.092041015625,1.9184
-3.13751220703125,1.9184500000000002
-2.9107666015625,1.9185
-2.9559326171875,1.9185500000000002
-3.1597900390625,1.9186
-2.8973388671875,1.9186500000000002
-2.9388427734375,1.9187
-3.1134033203125,1.9187500000000002
-2.794189453125,1.9188
-3.16802978515625,1.9188500000000002
-3.2305908203125,1.9189
-2.96417236328125,1.9189500000000002
-3.00567626953125,1.919
-3.3843994140625,1.9190500000000001
-3.52081298828125,1.9191
-3.33221435546875,1.9191500000000001
-3.15399169921875,1.9192000000000002
-3.43017578125,1.9192500000000001
-3.00079345703125,1.9193000000000002
-3.116455078125,1.9193500000000001
-3.2855224609375,1.9194000000000002
-3.26690673828125,1.91945
-3.06976318359375,1.9195000000000002
-2.989501953125,1.91955
-3.03466796875,1.9196000000000002
-2.90435791015625,1.91965
-3.0291748046875,1.9197000000000002
-3.106689453125,1.91975
-2.8851318359375,1.9198000000000002
-2.83905029296875,1.91985
-2.83843994140625,1.9199000000000002
-2.845458984375,1.91995
-3.0352783203125,1.9200000000000002
-2.69866943359375,1.92005
-3.02215576171875,1.9201000000000001
-2.4688720703125,1.92015
-2.6416015625,1.9202000000000001
-3.01971435546875,1.9202500000000002
-2.9290771484375,1.9203000000000001
-2.646484375,1.9203500000000002
-3.016357421875,1.9204
-2.71575927734375,1.9204500000000002
-2.862548828125,1.9205
-3.01177978515625,1.9205500000000002
-3.0877685546875,1.9206
-2.61810302734375,1.9206500000000002
-2.8033447265625,1.9207
-3.14697265625,1.9207500000000002
-3.2086181640625,1.9208
-3.12469482421875,1.9208500000000002
-2.9669189453125,1.9209
-3.048095703125,1.9209500000000002
-2.81036376953125,1.921
-2.84423828125,1.9210500000000001
-3.0401611328125,1.9211
-2.82135009765625,1.9211500000000001
-3.0340576171875,1.9212000000000002
-3.02978515625,1.9212500000000001
-2.76947021484375,1.9213000000000002
-2.94769287109375,1.9213500000000001
-3.13812255859375,1.9214000000000002
-2.828369140625,1.92145
-2.90435791015625,1.9215000000000002
-2.6971435546875,1.92155
-2.9998779296875,1.9216000000000002
-3.074951171875,1.92165
-3.00079345703125,1.9217000000000002
-3.33709716796875,1.92175
-2.90191650390625,1.9218000000000002
-3.1842041015625,1.92185
-3.26202392578125,1.9219000000000002
-3.28887939453125,1.92195
-3.10028076171875,1.9220000000000002
-3.23211669921875,1.92205
-3.4759521484375,1.9221000000000001
-3.2525634765625,1.92215
-3.60015869140625,1.9222000000000001
-3.8232421875,1.9222500000000002
-3.5321044921875,1.9223000000000001
-3.34930419921875,1.9223500000000002
-3.4747314453125,1.9224
-3.38714599609375,1.9224500000000002
-3.4649658203125,1.9225
-3.48907470703125,1.9225500000000002
-3.40789794921875,1.9226
-3.212890625,1.9226500000000002
-3.47412109375,1.9227
-3.524169921875,1.9227500000000002
-3.17474365234375,1.9228
-3.37554931640625,1.9228500000000002
-3.62640380859375,1.9229
-3.5137939453125,1.9229500000000002
-3.25958251953125,1.923
-3.32305908203125,1.9230500000000001
-3.58306884765625,1.9231
-3.65081787109375,1.9231500000000001
-3.095703125,1.9232000000000002
-3.71917724609375,1.9232500000000001
-3.33282470703125,1.9233000000000002
-3.5601806640625,1.9233500000000001
-3.33038330078125,1.9234000000000002
-3.30902099609375,1.92345
-3.15155029296875,1.9235000000000002
-3.1298828125,1.92355
-3.21563720703125,1.9236000000000002
-3.433837890625,1.92365
-3.0523681640625,1.9237000000000002
-3.1964111328125,1.92375
-2.87567138671875,1.9238000000000002
-2.86468505859375,1.92385
-3.1939697265625,1.9239000000000002
-3.09661865234375,1.92395
-2.94647216796875,1.9240000000000002
-2.77740478515625,1.92405
-2.896728515625,1.9241000000000001
-2.7264404296875,1.92415
-2.62725830078125,1.9242000000000001
-2.79266357421875,1.9242500000000002
-2.6373291015625,1.9243000000000001
-2.6092529296875,1.9243500000000002
-2.83172607421875,1.9244
-2.872314453125,1.9244500000000002
-2.85614013671875,1.9245
-3.1036376953125,1.9245500000000002
-3.04473876953125,1.9246
-2.95684814453125,1.9246500000000002
-2.99285888671875,1.9247
-3.1915283203125,1.9247500000000002
-3.3282470703125,1.9248
-2.900390625,1.9248500000000002
-3.03192138671875,1.9249
-3.16558837890625,1.9249500000000002
-3.16162109375,1.925
-3.18511962890625,1.9250500000000001
-3.3251953125,1.9251
-3.1268310546875,1.9251500000000001
-2.8662109375,1.9252
-3.18603515625,1.9252500000000001
-3.01666259765625,1.9253
-3.16253662109375,1.9253500000000001
-3.14208984375,1.9254
-3.23944091796875,1.92545
-2.8729248046875,1.9255
-3.02276611328125,1.92555
-3.01666259765625,1.9256
-2.80609130859375,1.92565
-2.96234130859375,1.9257
-2.92724609375,1.92575
-2.82196044921875,1.9258000000000002
-2.62054443359375,1.92585
-2.67486572265625,1.9259000000000002
-2.82318115234375,1.92595
-2.4432373046875,1.9260000000000002
-2.57598876953125,1.92605
-2.64923095703125,1.9261000000000001
-2.32086181640625,1.92615
-2.66845703125,1.9262000000000001
-2.59063720703125,1.92625
-2.481689453125,1.9263000000000001
-2.584228515625,1.92635
-2.73590087890625,1.9264000000000001
-2.720947265625,1.92645
-2.7801513671875,1.9265
-2.46002197265625,1.92655
-2.91839599609375,1.9266
-2.44537353515625,1.92665
-2.4249267578125,1.9267
-2.87750244140625,1.92675
-2.67242431640625,1.9268
-2.60284423828125,1.9268500000000002
-2.4945068359375,1.9269
-2.66448974609375,1.9269500000000002
-2.47833251953125,1.927
-2.73681640625,1.9270500000000002
-2.872314453125,1.9271
-2.78350830078125,1.9271500000000001
-2.6971435546875,1.9272
-2.9119873046875,1.9272500000000001
-2.75115966796875,1.9273
-2.96600341796875,1.9273500000000001
-2.91717529296875,1.9274
-3.2733154296875,1.92745
-2.53326416015625,1.9275
-2.82257080078125,1.92755
-2.950439453125,1.9276
-2.99163818359375,1.92765
-2.92755126953125,1.9277
-3.00201416015625,1.92775
-2.70904541015625,1.9278000000000002
-2.82318115234375,1.92785
-2.84820556640625,1.9279000000000002
-2.92022705078125,1.92795
-2.99591064453125,1.9280000000000002
-2.57293701171875,1.92805
-3.0816650390625,1.9281000000000001
-3.09600830078125,1.92815
-2.9010009765625,1.9282000000000001
-2.96142578125,1.92825
-3.0413818359375,1.9283000000000001
-2.78961181640625,1.92835
-3.22540283203125,1.9284000000000001
-3.0401611328125,1.92845
-3.08746337890625,1.9285
-3.326416015625,1.92855
-3.35662841796875,1.9286
-2.91015625,1.92865
-3.08502197265625,1.9287
-3.29559326171875,1.92875
-3.15643310546875,1.9288
-3.0548095703125,1.9288500000000002
-2.9986572265625,1.9289
-3.26873779296875,1.9289500000000002
-3.21685791015625,1.929
-3.41796875,1.9290500000000002
-3.665771484375,1.9291
-3.03070068359375,1.9291500000000001
-3.32916259765625,1.9292
-3.4063720703125,1.9292500000000001
-3.15704345703125,1.9293
-3.2757568359375,1.9293500000000001
-3.128662109375,1.9294
-3.170166015625,1.92945
-3.13751220703125,1.9295
-3.0426025390625,1.92955
-3.40301513671875,1.9296
-3.1146240234375,1.92965
-2.75421142578125,1.9297
-3.19610595703125,1.92975
-3.145751953125,1.9298000000000002
-2.9638671875,1.92985
-3.4967041015625,1.9299000000000002
-3.3294677734375,1.92995
-3.20068359375,1.9300000000000002
-3.233642578125,1.93005
-3.314208984375,1.9301000000000001
-2.982177734375,1.93015
-3.2049560546875,1.9302000000000001
-3.19122314453125,1.93025
-3.20526123046875,1.9303000000000001
-3.055419921875,1.93035
-3.01422119140625,1.9304000000000001
-3.27056884765625,1.93045
-3.29681396484375,1.9305
-3.0224609375,1.93055
-3.50982666015625,1.9306
-2.943115234375,1.93065
-3.16131591796875,1.9307
-3.11920166015625,1.93075
-3.26202392578125,1.9308
-3.12286376953125,1.9308500000000002
-3.1268310546875,1.9309
-2.99163818359375,1.9309500000000002
-3.31207275390625,1.931
-3.12469482421875,1.9310500000000002
-3.2464599609375,1.9311
-3.15277099609375,1.9311500000000001
-2.7880859375,1.9312
-3.304443359375,1.9312500000000001
-3.09844970703125,1.9313
-3.16070556640625,1.9313500000000001
-3.12957763671875,1.9314
-3.27667236328125,1.9314500000000001
-2.9864501953125,1.9315
-3.33953857421875,1.93155
-3.37646484375,1.9316
-3.28826904296875,1.93165
-3.33770751953125,1.9317
-3.48480224609375,1.93175
-3.15948486328125,1.9318
-3.42529296875,1.93185
-3.3856201171875,1.9319000000000002
-3.4765625,1.93195
-3.3599853515625,1.9320000000000002
-3.2818603515625,1.93205
-3.29315185546875,1.9321000000000002
-3.177490234375,1.93215
-3.3984375,1.9322000000000001
-3.2867431640625,1.93225
-3.01910400390625,1.9323000000000001
-3.0157470703125,1.93235
-3.50494384765625,1.9324000000000001
-3.29620361328125,1.93245
-3.15887451171875,1.9325
-3.17291259765625,1.93255
-3.22967529296875,1.9326
-3.21533203125,1.93265
-3.1134033203125,1.9327
-3.18817138671875,1.93275
-3.15521240234375,1.9328
-2.9486083984375,1.9328500000000002
-2.89337158203125,1.9329
-2.71484375,1.9329500000000002
-2.5958251953125,1.933
-3.070068359375,1.9330500000000002
-3.16650390625,1.9331
-3.06549072265625,1.9331500000000001
-2.860107421875,1.9332
-3.07281494140625,1.9332500000000001
-2.93487548828125,1.9333
-3.19976806640625,1.9333500000000001
-3.382568359375,1.9334
-2.9931640625,1.9334500000000001
-2.83203125,1.9335
-3.23089599609375,1.93355
-3.32275390625,1.9336
-3.1024169921875,1.93365
-3.0523681640625,1.9337
-3.24981689453125,1.93375
-2.97607421875,1.9338
-2.98797607421875,1.93385
-3.037109375,1.9339000000000002
-3.02520751953125,1.93395
-2.9522705078125,1.9340000000000002
-2.82257080078125,1.93405
-2.774658203125,1.9341000000000002
-2.840576171875,1.93415
-2.7911376953125,1.9342000000000001
-2.71759033203125,1.93425
-2.74261474609375,1.9343000000000001
-2.672119140625,1.93435
-3.05206298828125,1.9344000000000001
-3.165283203125,1.93445
-3.20831298828125,1.9345
-3.11614990234375,1.93455
-3.28582763671875,1.9346
-3.0126953125,1.93465
-3.02703857421875,1.9347
-3.172607421875,1.93475
-3.15216064453125,1.9348
-2.86163330078125,1.9348500000000002
-2.94708251953125,1.9349
-2.90130615234375,1.9349500000000002
-3.08349609375,1.935
-3.19976806640625,1.9350500000000002
-3.3050537109375,1.9351
-2.92083740234375,1.9351500000000001
-3.2574462890625,1.9352
-3.32733154296875,1.9352500000000001
-3.52264404296875,1.9353
-3.29925537109375,1.9353500000000001
-3.27972412109375,1.9354
-3.1280517578125,1.9354500000000001
-3.1207275390625,1.9355
-3.3056640625,1.93555
-3.21197509765625,1.9356
-3.27484130859375,1.93565
-2.9644775390625,1.9357
-3.31268310546875,1.93575
-3.16741943359375,1.9358
-3.18939208984375,1.93585
-3.42010498046875,1.9359000000000002
-3.49609375,1.93595
-3.2977294921875,1.9360000000000002
-3.32275390625,1.93605
-3.27117919921875,1.9361000000000002
-3.04168701171875,1.93615
-3.34228515625,1.9362000000000001
-3.37493896484375,1.93625
-3.13323974609375,1.9363000000000001
-2.88299560546875,1.93635
-3.1201171875,1.9364000000000001
-3.21868896484375,1.93645
-3.03955078125,1.9365
-3.1732177734375,1.93655
-3.1732177734375,1.9366
-2.9266357421875,1.93665
-3.3544921875,1.9367
-3.24127197265625,1.93675
-3.24127197265625,1.9368
-3.10943603515625,1.9368500000000002
-3.33343505859375,1.9369
-3.392333984375,1.9369500000000002
-3.16650390625,1.937
-3.087158203125,1.9370500000000002
-3.321533203125,1.9371
-3.15521240234375,1.9371500000000001
-3.03009033203125,1.9372
-3.2672119140625,1.9372500000000001
-3.2037353515625,1.9373
-3.08441162109375,1.9373500000000001
-3.0426025390625,1.9374
-2.90283203125,1.9374500000000001
-2.76092529296875,1.9375
-3.143310546875,1.93755
-3.09783935546875,1.9376
-3.1591796875,1.93765
-2.9278564453125,1.9377
-2.9498291015625,1.93775
-2.98004150390625,1.9378
-3.212890625,1.93785
-3.23822021484375,1.9379000000000002
-3.25225830078125,1.93795
-2.58331298828125,1.9380000000000002
-3.0712890625,1.93805
-3.07830810546875,1.9381000000000002
-3.20465087890625,1.93815
-2.92388916015625,1.9382000000000001
-3.25653076171875,1.93825
-2.88970947265625,1.9383000000000001
-3.02947998046875,1.93835
-2.96966552734375,1.9384000000000001
-2.98736572265625,1.93845
-2.9705810546875,1.9385000000000001
-3.0291748046875,1.93855
-2.92388916015625,1.9386
-2.9754638671875,1.93865
-3.0035400390625,1.9387
-2.91900634765625,1.93875
-3.179931640625,1.9388
-2.7801513671875,1.93885
-2.9925537109375,1.9389
-3.08807373046875,1.9389500000000002
-2.87628173828125,1.939
-3.09722900390625,1.9390500000000002
-3.08563232421875,1.9391
-2.9718017578125,1.9391500000000002
-2.94342041015625,1.9392
-2.85369873046875,1.9392500000000001
-2.98583984375,1.9393
-3.02978515625,1.9393500000000001
-2.95318603515625,1.9394
-3.1207275390625,1.9394500000000001
-2.84698486328125,1.9395
-3.0841064453125,1.93955
-3.18939208984375,1.9396
-2.7532958984375,1.93965
-3.09295654296875,1.9397
-3.22479248046875,1.93975
-3.05389404296875,1.9398
-3.15277099609375,1.93985
-3.31573486328125,1.9399000000000002
-3.1512451171875,1.93995
-3.10150146484375,1.9400000000000002
-3.22906494140625,1.94005
-3.03131103515625,1.9401000000000002
-2.9730224609375,1.94015
-3.1109619140625,1.9402000000000001
-3.18267822265625,1.94025
-2.93670654296875,1.9403000000000001
-2.82501220703125,1.94035
-3.17108154296875,1.9404000000000001
-3.18084716796875,1.94045
-2.96173095703125,1.9405000000000001
-3.01177978515625,1.94055
-3.01483154296875,1.9406
-2.7777099609375,1.94065
-3.35662841796875,1.9407
-3.277587890625,1.94075
-3.12103271484375,1.9408
-2.86346435546875,1.94085
-2.74017333984375,1.9409
-3.03863525390625,1.9409500000000002
-2.84271240234375,1.941
-2.92877197265625,1.9410500000000002
-3.01239013671875,1.9411
-2.6812744140625,1.9411500000000002
-3.01910400390625,1.9412
-3.08685302734375,1.9412500000000001
-2.95654296875,1.9413
-2.9827880859375,1.9413500000000001
-3.24371337890625,1.9414
-2.987060546875,1.9414500000000001
-2.92083740234375,1.9415
-2.97515869140625,1.94155
-3.05694580078125,1.9416
-3.05908203125,1.94165
-2.88177490234375,1.9417
-3.02642822265625,1.94175
-3.096923828125,1.9418
-3.076171875,1.94185
-3.02886962890625,1.9419000000000002
-3.038330078125,1.94195
-2.57659912109375,1.9420000000000002
-2.95318603515625,1.94205
-3.06671142578125,1.9421000000000002
-3.11187744140625,1.94215
-2.95806884765625,1.9422000000000001
-3.2672119140625,1.94225
-2.99163818359375,1.9423000000000001
-3.44451904296875,1.94235
-3.292236328125,1.9424000000000001
-3.25164794921875,1.94245
-3.045654296875,1.9425000000000001
-3.22113037109375,1.94255
-3.26507568359375,1.9426
-3.06365966796875,1.94265
-3.114013671875,1.9427
-3.2098388671875,1.94275
-3.06121826171875,1.9428
-2.982177734375,1.94285
-3.0255126953125,1.9429
-2.77557373046875,1.9429500000000002
-2.955322265625,1.943
-3.1689453125,1.9430500000000002
-3.05450439453125,1.9431
-2.8900146484375,1.9431500000000002
-3.31817626953125,1.9432
-3.17718505859375,1.9432500000000001
-3.20404052734375,1.9433
-2.91259765625,1.9433500000000001
-2.92144775390625,1.9434
-3.02276611328125,1.9434500000000001
-2.85614013671875,1.9435
-3.11737060546875,1.94355
-3.260498046875,1.9436
-2.98828125,1.94365
-3.0682373046875,1.9437
-3.206787109375,1.94375
-3.037109375,1.9438
-3.29071044921875,1.94385
-3.565673828125,1.9439
-3.12103271484375,1.94395
-3.297119140625,1.9440000000000002
-3.304443359375,1.94405
-3.3892822265625,1.9441000000000002
-3.0810546875,1.94415
-3.28277587890625,1.9442000000000002
-3.24127197265625,1.94425
-2.91961669921875,1.9443000000000001
-3.19122314453125,1.94435
-3.01422119140625,1.9444000000000001
-3.1622314453125,1.94445
-2.96112060546875,1.9445000000000001
-3.08837890625,1.94455
-3.0279541015625,1.9446
-2.99407958984375,1.94465
-3.16986083984375,1.9447
-3.36181640625,1.94475
-2.891845703125,1.9448
-3.09906005859375,1.94485
-3.28826904296875,1.9449
-3.1591796875,1.9449500000000002
-3.32427978515625,1.945
-2.8961181640625,1.9450500000000002
-3.27423095703125,1.9451
-2.94891357421875,1.9451500000000002
-3.13507080078125,1.9452
-3.3154296875,1.9452500000000001
-3.4124755859375,1.9453
-3.05877685546875,1.9453500000000001
-3.23486328125,1.9454
-2.9547119140625,1.9454500000000001
-3.15093994140625,1.9455
-3.31146240234375,1.9455500000000001
-3.35479736328125,1.9456
-3.05145263671875,1.94565
-3.4246826171875,1.9457
-3.6090087890625,1.94575
-3.42193603515625,1.9458
-3.61541748046875,1.94585
-3.499755859375,1.9459
-3.33282470703125,1.94595
-3.37432861328125,1.9460000000000002
-3.2476806640625,1.94605
-3.258056640625,1.9461000000000002
-3.50433349609375,1.94615
-3.15948486328125,1.9462000000000002
-3.29345703125,1.94625
-2.98614501953125,1.9463000000000001
-3.28521728515625,1.94635
-3.22723388671875,1.9464000000000001
-3.1158447265625,1.94645
-3.06304931640625,1.9465000000000001
-3.25927734375,1.94655
-2.8948974609375,1.9466
-3.1475830078125,1.94665
-3.1329345703125,1.9467
-3.3111572265625,1.94675
-2.9412841796875,1.9468
-2.965087890625,1.94685
-3.0572509765625,1.9469
-2.88787841796875,1.9469500000000002
-3.00262451171875,1.947
-3.0316162109375,1.9470500000000002
-3.1561279296875,1.9471
-2.68768310546875,1.9471500000000002
-2.89886474609375,1.9472
-3.22357177734375,1.9472500000000001
-2.926025390625,1.9473
-3.00506591796875,1.9473500000000001
-3.0340576171875,1.9474
-2.72247314453125,1.9474500000000001
-3.1805419921875,1.9475
-3.22418212890625,1.9475500000000001
-3.12591552734375,1.9476
-2.90924072265625,1.94765
-3.20709228515625,1.9477
-3.33160400390625,1.94775
-3.10699462890625,1.9478
-2.9937744140625,1.94785
-3.22052001953125,1.9479
-2.92877197265625,1.94795
-2.82562255859375,1.9480000000000002
-2.99560546875,1.94805
-2.93853759765625,1.9481000000000002
-2.99957275390625,1.94815
-2.7947998046875,1.9482000000000002
-3.01361083984375,1.94825
-2.9010009765625,1.9483000000000001
-3.07098388671875,1.94835
-3.4527587890625,1.9484000000000001
-3.38409423828125,1.94845
-3.02947998046875,1.9485000000000001
-3.15399169921875,1.94855
-3.10821533203125,1.9486
-2.930908203125,1.94865
-2.87933349609375,1.9487
-3.07861328125,1.94875
-2.4737548828125,1.9488
-2.65625,1.94885
-2.7069091796875,1.9489
-2.74566650390625,1.9489500000000002
-2.82257080078125,1.949
-2.894287109375,1.9490500000000002
-2.67578125,1.9491
-2.8118896484375,1.9491500000000002
-3.08349609375,1.9492
-3.3563232421875,1.9492500000000001
-3.1072998046875,1.9493
-2.86041259765625,1.9493500000000001
-3.0438232421875,1.9494
-2.987060546875,1.9494500000000001
-3.10699462890625,1.9495
-2.840576171875,1.9495500000000001
-2.7899169921875,1.9496
-2.62298583984375,1.94965
-2.919921875,1.9497
-3.0584716796875,1.94975
-3.10638427734375,1.9498
-3.3502197265625,1.94985
-3.331298828125,1.9499
-3.1585693359375,1.94995
-3.44207763671875,1.9500000000000002
-3.6846923828125,1.9500500000000003
-3.47900390625,1.9501000000000002
-3.62701416015625,1.9501500000000003
-3.61846923828125,1.9502000000000002
-3.83941650390625,1.9502500000000003
-3.468017578125,1.9503000000000001
-3.79547119140625,1.9503500000000003
-4.03778076171875,1.9504000000000001
-3.39447021484375,1.9504500000000002
-3.7384033203125,1.9505000000000001
-3.6175537109375,1.9505500000000002
-3.475341796875,1.9506000000000001
-3.83392333984375,1.9506500000000002
-3.73046875,1.9507
-3.71551513671875,1.9507500000000002
-3.45977783203125,1.9508
-3.68194580078125,1.9508500000000002
-3.90594482421875,1.9509
-3.5107421875,1.9509500000000002
-3.388671875,1.951
-3.646240234375,1.9510500000000002
-3.2635498046875,1.9511000000000003
-3.34930419921875,1.9511500000000002
-3.53302001953125,1.9512000000000003
-3.54583740234375,1.9512500000000002
-3.26141357421875,1.9513000000000003
-3.4576416015625,1.9513500000000001
-3.3258056640625,1.9514000000000002
-3.1170654296875,1.9514500000000001
-3.18878173828125,1.9515000000000002
-3.39385986328125,1.9515500000000001
-3.2861328125,1.9516000000000002
-3.0126953125,1.95165
-3.05206298828125,1.9517000000000002
-3.1414794921875,1.95175
-3.0816650390625,1.9518000000000002
-2.8436279296875,1.95185
-3.1732177734375,1.9519000000000002
-2.45086669921875,1.95195
-2.7569580078125,1.9520000000000002
-2.53204345703125,1.9520500000000003
-2.56011962890625,1.9521000000000002
-2.51373291015625,1.9521500000000003
-2.6019287109375,1.9522000000000002
-2.4908447265625,1.9522500000000003
-2.81280517578125,1.9523000000000001
-2.7093505859375,1.9523500000000003
-2.8472900390625,1.9524000000000001
-2.53448486328125,1.9524500000000002
-2.694091796875,1.9525000000000001
-3.20343017578125,1.9525500000000002
-2.9840087890625,1.9526000000000001
-3.1109619140625,1.9526500000000002
-3.01971435546875,1.9527
-3.1646728515625,1.9527500000000002
-2.99407958984375,1.9528
-3.07342529296875,1.9528500000000002
-3.28277587890625,1.9529
-3.07159423828125,1.9529500000000002
-3.035888671875,1.953
-3.2403564453125,1.9530500000000002
-3.16864013671875,1.9531000000000003
-3.26507568359375,1.9531500000000002
-3.36517333984375,1.9532000000000003
-3.3221435546875,1.9532500000000002
-3.12408447265625,1.9533000000000003
-3.02703857421875,1.9533500000000001
-3.0645751953125,1.9534000000000002
-3.23760986328125,1.9534500000000001
-2.95318603515625,1.9535000000000002
-3.0126953125,1.9535500000000001
-2.8607177734375,1.9536000000000002
-2.95135498046875,1.95365
-3.09173583984375,1.9537000000000002
-2.7886962890625,1.95375
-2.93914794921875,1.9538000000000002
-2.76885986328125,1.95385
-2.96295166015625,1.9539000000000002
-2.82379150390625,1.95395
-2.95745849609375,1.9540000000000002
-2.93365478515625,1.9540500000000003
-2.99407958984375,1.9541000000000002
-2.76885986328125,1.9541500000000003
-2.9693603515625,1.9542000000000002
-2.69683837890625,1.9542500000000003
-2.811279296875,1.9543000000000001
-3.1292724609375,1.9543500000000003
-3.1646728515625,1.9544000000000001
-2.78717041015625,1.9544500000000002
-2.75909423828125,1.9545000000000001
-2.67608642578125,1.9545500000000002
-2.967529296875,1.9546000000000001
-2.77618408203125,1.9546500000000002
-3.04840087890625,1.9547
-3.01239013671875,1.9547500000000002
-2.7783203125,1.9548
-3.01544189453125,1.9548500000000002
-3.07861328125,1.9549
-2.860107421875,1.9549500000000002
-3.0804443359375,1.955
-3.17047119140625,1.9550500000000002
-3.16314697265625,1.9551000000000003
-3.31787109375,1.9551500000000002
-3.10455322265625,1.9552000000000003
-3.292236328125,1.9552500000000002
-2.95013427734375,1.9553000000000003
-3.08349609375,1.9553500000000001
-2.8948974609375,1.9554000000000002
-2.94219970703125,1.9554500000000001
-2.9052734375,1.9555000000000002
-2.96783447265625,1.9555500000000001
-2.852783203125,1.9556000000000002
-2.8759765625,1.95565
-3.04046630859375,1.9557000000000002
-3.2928466796875,1.95575
-3.2293701171875,1.9558000000000002
-3.21624755859375,1.95585
-3.32794189453125,1.9559000000000002
-3.05450439453125,1.95595
-3.22357177734375,1.9560000000000002
-3.2470703125,1.9560500000000003
-3.3489990234375,1.9561000000000002
-2.9266357421875,1.9561500000000003
-2.933349609375,1.9562000000000002
-2.98095703125,1.9562500000000003
-3.2220458984375,1.9563000000000001
-3.11370849609375,1.9563500000000003
-3.16650390625,1.9564000000000001
-2.939453125,1.9564500000000002
-3.060302734375,1.9565000000000001
-3.13690185546875,1.9565500000000002
-3.15582275390625,1.9566000000000001
-3.10577392578125,1.9566500000000002
-2.92999267578125,1.9567
-3.09783935546875,1.9567500000000002
-3.1304931640625,1.9568
-2.96356201171875,1.9568500000000002
-2.96112060546875,1.9569
-2.9327392578125,1.9569500000000002
-2.77679443359375,1.957
-2.8759765625,1.9570500000000002
-2.67333984375,1.9571000000000003
-2.9315185546875,1.9571500000000002
-2.95684814453125,1.9572000000000003
-3.09844970703125,1.9572500000000002
-2.85858154296875,1.9573000000000003
-2.93243408203125,1.9573500000000001
-2.884521484375,1.9574000000000003
-3.14910888671875,1.9574500000000001
-3.13934326171875,1.9575000000000002
-3.08990478515625,1.9575500000000001
-3.0908203125,1.9576000000000002
-3.19732666015625,1.9576500000000001
-3.4100341796875,1.9577000000000002
-3.54400634765625,1.95775
-3.00994873046875,1.9578000000000002
-3.39691162109375,1.95785
-3.02886962890625,1.9579000000000002
-3.05450439453125,1.95795
-3.24737548828125,1.9580000000000002
-3.20648193359375,1.95805
-2.80853271484375,1.9581000000000002
-3.15185546875,1.9581500000000003
-3.18145751953125,1.9582000000000002
-3.08990478515625,1.9582500000000003
-3.15582275390625,1.9583000000000002
-3.24554443359375,1.9583500000000003
-3.350830078125,1.9584000000000001
-2.996826171875,1.9584500000000002
-3.148193359375,1.9585000000000001
-3.13812255859375,1.9585500000000002
-3.096923828125,1.9586000000000001
-2.8692626953125,1.9586500000000002
-3.09112548828125,1.9587
-2.7642822265625,1.9587500000000002
-2.87078857421875,1.9588
-3.1939697265625,1.9588500000000002
-3.1365966796875,1.9589
-3.10821533203125,1.9589500000000002
-3.1732177734375,1.959
-2.84423828125,1.9590500000000002
-3.3251953125,1.9591000000000003
-3.28704833984375,1.9591500000000002
-3.4893798828125,1.9592000000000003
-3.44268798828125,1.9592500000000002
-2.95501708984375,1.9593000000000003
-3.33740234375,1.9593500000000001
-3.203125,1.9594000000000003
-3.1744384765625,1.9594500000000001
-3.172607421875,1.9595000000000002
-3.19000244140625,1.9595500000000001
-2.96142578125,1.9596000000000002
-3.1488037109375,1.9596500000000001
-3.04534912109375,1.9597000000000002
-2.99896240234375,1.95975
-2.99591064453125,1.9598000000000002
-2.91839599609375,1.95985
-2.8717041015625,1.9599000000000002
-2.8570556640625,1.95995
-2.87353515625,1.9600000000000002
-2.8411865234375,1.96005
-2.7215576171875,1.9601000000000002
-2.5848388671875,1.9601500000000003
-2.85736083984375,1.9602000000000002
-2.8228759765625,1.9602500000000003
-2.8704833984375,1.9603000000000002
-2.89154052734375,1.9603500000000003
-2.76275634765625,1.9604000000000001
-2.61016845703125,1.9604500000000002
-3.016357421875,1.9605000000000001
-2.80120849609375,1.9605500000000002
-3.1707763671875,1.9606000000000001
-3.02978515625,1.9606500000000002
-2.95867919921875,1.9607
-2.89306640625,1.9607500000000002
-3.1939697265625,1.9608
-3.04595947265625,1.9608500000000002
-3.1549072265625,1.9609
-2.8045654296875,1.9609500000000002
-3.08837890625,1.961
-3.006591796875,1.9610500000000002
-2.93060302734375,1.9611000000000003
-2.9412841796875,1.9611500000000002
-2.998046875,1.9612000000000003
-2.75177001953125,1.9612500000000002
-3.0126953125,1.9613000000000003
-2.95989990234375,1.9613500000000001
-2.81463623046875,1.9614000000000003
-2.94830322265625,1.9614500000000001
-3.09783935546875,1.9615000000000002
-2.94647216796875,1.9615500000000001
-2.8741455078125,1.9616000000000002
-2.92938232421875,1.9616500000000001
-3.12469482421875,1.9617000000000002
-3.12774658203125,1.96175
-2.73193359375,1.9618000000000002
-2.7899169921875,1.96185
-2.60284423828125,1.9619000000000002
-2.74444580078125,1.96195
-2.95440673828125,1.9620000000000002
-2.92236328125,1.96205
-2.698974609375,1.9621000000000002
-2.92572021484375,1.9621500000000003
-2.9559326171875,1.9622000000000002
-3.17138671875,1.9622500000000003
-2.796630859375,1.9623000000000002
-3.0816650390625,1.9623500000000003
-2.8582763671875,1.9624000000000001
-2.93426513671875,1.9624500000000002
-2.999267578125,1.9625000000000001
-2.87139892578125,1.9625500000000002
-2.686767578125,1.9626000000000001
-2.886962890625,1.9626500000000002
-3.07373046875,1.9627000000000001
-2.6324462890625,1.9627500000000002
-2.9119873046875,1.9628
-3.02276611328125,1.9628500000000002
-2.93121337890625,1.9629
-2.9071044921875,1.9629500000000002
-3.0963134765625,1.963
-3.114013671875,1.9630500000000002
-3.1610107421875,1.9631000000000003
-3.31817626953125,1.9631500000000002
-3.08013916015625,1.9632000000000003
-2.8363037109375,1.9632500000000002
-2.6318359375,1.9633000000000003
-3.31390380859375,1.9633500000000002
-3.2891845703125,1.9634000000000003
-3.17047119140625,1.9634500000000001
-3.0889892578125,1.9635000000000002
-2.87078857421875,1.9635500000000001
-2.86773681640625,1.9636000000000002
-3.00994873046875,1.9636500000000001
-2.9541015625,1.9637000000000002
-2.91473388671875,1.96375
-2.73651123046875,1.9638000000000002
-2.97882080078125,1.96385
-3.02978515625,1.9639000000000002
-3.01910400390625,1.96395
-3.06304931640625,1.9640000000000002
-3.2574462890625,1.96405
-3.08319091796875,1.9641000000000002
-3.26873779296875,1.9641500000000003
-3.138427734375,1.9642000000000002
-3.160400390625,1.9642500000000003
-3.3154296875,1.9643000000000002
-3.1640625,1.9643500000000003
-2.89520263671875,1.9644000000000001
-3.0340576171875,1.9644500000000003
-3.1036376953125,1.9645000000000001
-3.214111328125,1.9645500000000002
-2.96173095703125,1.9646000000000001
-3.179931640625,1.9646500000000002
-3.09173583984375,1.9647000000000001
-3.3087158203125,1.9647500000000002
-3.46343994140625,1.9648
-3.38531494140625,1.9648500000000002
-3.43963623046875,1.9649
-3.01788330078125,1.9649500000000002
-3.38165283203125,1.965
-3.11553955078125,1.9650500000000002
-3.32794189453125,1.9651
-3.21563720703125,1.9651500000000002
-2.996826171875,1.9652000000000003
-2.918701171875,1.9652500000000002
-3.2000732421875,1.9653000000000003
-3.06488037109375,1.9653500000000002
-3.19793701171875,1.9654000000000003
-2.86102294921875,1.9654500000000001
-3.28826904296875,1.9655000000000002
-2.95379638671875,1.9655500000000001
-3.22601318359375,1.9656000000000002
-3.22418212890625,1.9656500000000001
-3.2818603515625,1.9657000000000002
-2.8045654296875,1.96575
-3.109130859375,1.9658000000000002
-3.101806640625,1.96585
-2.98431396484375,1.9659000000000002
-3.03619384765625,1.96595
-3.01971435546875,1.9660000000000002
-3.0322265625,1.96605
-3.01055908203125,1.9661000000000002
-3.09326171875,1.9661500000000003
-2.99713134765625,1.9662000000000002
-3.3331298828125,1.9662500000000003
-3.3135986328125,1.9663000000000002
-3.17413330078125,1.9663500000000003
-3.23089599609375,1.9664000000000001
-3.2830810546875,1.9664500000000003
-3.39202880859375,1.9665000000000001
-3.6468505859375,1.9665500000000002
-3.17840576171875,1.9666000000000001
-3.2177734375,1.9666500000000002
-3.1939697265625,1.9667000000000001
-3.3551025390625,1.9667500000000002
-3.22235107421875,1.9668
-3.29010009765625,1.9668500000000002
-3.20587158203125,1.9669
-3.05694580078125,1.9669500000000002
-3.15826416015625,1.967
-3.0291748046875,1.9670500000000002
-3.18603515625,1.9671
-3.18878173828125,1.9671500000000002
-3.2818603515625,1.9672000000000003
-3.08746337890625,1.9672500000000002
-3.1158447265625,1.9673000000000003
-3.375244140625,1.9673500000000002
-3.251953125,1.9674000000000003
-3.11676025390625,1.9674500000000001
-3.15338134765625,1.9675000000000002
-3.03497314453125,1.9675500000000001
-3.25958251953125,1.9676000000000002
-3.19793701171875,1.9676500000000001
-3.0987548828125,1.9677000000000002
-2.83172607421875,1.96775
-2.91778564453125,1.9678000000000002
-2.84088134765625,1.96785
-2.97515869140625,1.9679000000000002
-3.1634521484375,1.96795
-2.88299560546875,1.9680000000000002
-2.7459716796875,1.96805
-2.97332763671875,1.9681000000000002
-2.94952392578125,1.96815
-3.09478759765625,1.9682000000000002
-3.111572265625,1.9682500000000003
-2.97698974609375,1.9683000000000002
-3.17626953125,1.9683500000000003
-3.0841064453125,1.9684000000000001
-3.125,1.9684500000000003
-2.926025390625,1.9685000000000001
-3.0712890625,1.9685500000000002
-2.76947021484375,1.9686000000000001
-3.08197021484375,1.9686500000000002
-2.62298583984375,1.9687000000000001
-2.8094482421875,1.9687500000000002
-3.02825927734375,1.9688
-3.09295654296875,1.9688500000000002
-2.78045654296875,1.9689
-2.984619140625,1.9689500000000002
-3.138427734375,1.969
-3.09783935546875,1.9690500000000002
-3.23974609375,1.9691
-2.98675537109375,1.9691500000000002
-3.17047119140625,1.9692000000000003
-3.11065673828125,1.9692500000000002
-3.3282470703125,1.9693000000000003
-3.0633544921875,1.9693500000000002
-3.17138671875,1.9694000000000003
-2.9937744140625,1.9694500000000001
-3.0230712890625,1.9695000000000003
-2.8570556640625,1.9695500000000001
-3.00811767578125,1.9696000000000002
-3.167724609375,1.9696500000000001
-3.06610107421875,1.9697000000000002
-3.001708984375,1.9697500000000001
-3.15765380859375,1.9698000000000002
-3.07098388671875,1.96985
-3.35693359375,1.9699000000000002
-2.9241943359375,1.96995
-3.41796875,1.9700000000000002
-3.1536865234375,1.97005
-3.021240234375,1.9701000000000002
-3.14605712890625,1.9701500000000003
-3.3935546875,1.9702000000000002
-3.0413818359375,1.9702500000000003
-3.31207275390625,1.9703000000000002
-3.2470703125,1.9703500000000003
-2.9168701171875,1.9704000000000002
-3.29376220703125,1.9704500000000003
-3.39141845703125,1.9705000000000001
-3.1732177734375,1.9705500000000002
-3.09356689453125,1.9706000000000001
-3.14422607421875,1.9706500000000002
-3.25714111328125,1.9707000000000001
-3.3233642578125,1.9707500000000002
-3.47503662109375,1.9708
-3.22509765625,1.9708500000000002
-3.1707763671875,1.9709
-3.3160400390625,1.9709500000000002
-3.32122802734375,1.971
-3.39813232421875,1.9710500000000002
-2.98980712890625,1.9711
-3.25653076171875,1.9711500000000002
-2.80609130859375,1.9712000000000003
-3.13446044921875,1.9712500000000002
-3.08135986328125,1.9713000000000003
-2.99560546875,1.9713500000000002
-3.18359375,1.9714000000000003
-3.34197998046875,1.9714500000000001
-3.118896484375,1.9715000000000003
-3.1121826171875,1.9715500000000001
-3.275146484375,1.9716000000000002
-3.3880615234375,1.9716500000000001
-3.35845947265625,1.9717000000000002
-2.95074462890625,1.9717500000000001
-3.06976318359375,1.9718000000000002
-3.14056396484375,1.97185
-3.00445556640625,1.9719000000000002
-3.0511474609375,1.97195
-3.096923828125,1.9720000000000002
-2.9107666015625,1.97205
-3.1317138671875,1.9721000000000002
-2.918701171875,1.97215
-3.03070068359375,1.9722000000000002
-2.9742431640625,1.9722500000000003
-2.9638671875,1.9723000000000002
-2.80517578125,1.9723500000000003
-3.116455078125,1.9724000000000002
-3.19610595703125,1.9724500000000003
-2.88787841796875,1.9725000000000001
-2.935791015625,1.9725500000000002
-2.90283203125,1.9726000000000001
-2.93212890625,1.9726500000000002
-2.69439697265625,1.9727000000000001
-2.76214599609375,1.9727500000000002
-2.82928466796875,1.9728
-2.789306640625,1.9728500000000002
-2.74688720703125,1.9729
-2.79205322265625,1.9729500000000002
-2.7545166015625,1.973
-3.04412841796875,1.9730500000000002
-2.91290283203125,1.9731
-3.0694580078125,1.9731500000000002
-2.54608154296875,1.9732000000000003
-2.66754150390625,1.9732500000000002
-3.14666748046875,1.9733000000000003
-3.16558837890625,1.9733500000000002
-2.7362060546875,1.9734000000000003
-2.92755126953125,1.9734500000000001
-3.12591552734375,1.9735000000000003
-2.85797119140625,1.9735500000000001
-3.07159423828125,1.9736000000000002
-3.094482421875,1.9736500000000001
-2.8863525390625,1.9737000000000002
-2.96142578125,1.9737500000000001
-3.01666259765625,1.9738000000000002
-2.8564453125,1.97385
-3.37677001953125,1.9739000000000002
-3.1903076171875,1.97395
-3.03375244140625,1.9740000000000002
-3.0548095703125,1.97405
-2.9229736328125,1.9741000000000002
-3.25042724609375,1.97415
-3.49212646484375,1.9742000000000002
-3.14666748046875,1.9742500000000003
-3.48358154296875,1.9743000000000002
-2.9931640625,1.9743500000000003
-3.4063720703125,1.9744000000000002
-3.27392578125,1.9744500000000003
-3.20892333984375,1.9745000000000001
-3.02947998046875,1.9745500000000002
-2.99652099609375,1.9746000000000001
-3.05755615234375,1.9746500000000002
-3.19061279296875,1.9747000000000001
-3.1195068359375,1.9747500000000002
-3.05877685546875,1.9748
-3.2232666015625,1.9748500000000002
-3.072509765625,1.9749
-3.29254150390625,1.9749500000000002
-3.255615234375,1.975
-3.19061279296875,1.9750500000000002
-2.9083251953125,1.9751
-3.33099365234375,1.9751500000000002
-2.87445068359375,1.9752
-2.87200927734375,1.9752500000000002
-2.98004150390625,1.9753
-2.6171875,1.9753500000000002
-2.85614013671875,1.9754
-3.0169677734375,1.9754500000000002
-2.47650146484375,1.9755
-3.05633544921875,1.9755500000000001
-3.0645751953125,1.9756
-2.9473876953125,1.9756500000000001
-2.93548583984375,1.9757
-3.11248779296875,1.9757500000000001
-2.97027587890625,1.9758000000000002
-2.97698974609375,1.97585
-3.22174072265625,1.9759000000000002
-3.20404052734375,1.97595
-3.01910400390625,1.9760000000000002
-2.61566162109375,1.97605
-3.0230712890625,1.9761000000000002
-2.850341796875,1.97615
-2.77008056640625,1.9762000000000002
-2.82989501953125,1.97625
-2.86529541015625,1.9763000000000002
-2.85919189453125,1.97635
-2.96844482421875,1.9764000000000002
-2.88787841796875,1.97645
-2.9058837890625,1.9765000000000001
-2.96630859375,1.97655
-2.764892578125,1.9766000000000001
-2.8033447265625,1.97665
-2.79022216796875,1.9767000000000001
-2.83660888671875,1.97675
-2.84912109375,1.9768000000000001
-2.6434326171875,1.9768500000000002
-2.9205322265625,1.9769
-2.84759521484375,1.9769500000000002
-2.86468505859375,1.977
-3.20648193359375,1.9770500000000002
-3.404541015625,1.9771
-3.02490234375,1.9771500000000002
-3.067626953125,1.9772
-3.33099365234375,1.9772500000000002
-3.21807861328125,1.9773
-3.597412109375,1.9773500000000002
-3.681640625,1.9774
-3.5406494140625,1.9774500000000002
-3.54156494140625,1.9775
-3.707275390625,1.9775500000000001
-3.8238525390625,1.9776
-3.75152587890625,1.9776500000000001
-3.59039306640625,1.9777
-3.7249755859375,1.9777500000000001
-3.8812255859375,1.9778000000000002
-3.87603759765625,1.97785
-3.7713623046875,1.9779000000000002
-3.58795166015625,1.97795
-3.67584228515625,1.9780000000000002
-3.57635498046875,1.97805
-3.52783203125,1.9781000000000002
-3.414306640625,1.97815
-3.22174072265625,1.9782000000000002
-3.37890625,1.97825
-3.629150390625,1.9783000000000002
-3.2122802734375,1.97835
-3.74481201171875,1.9784000000000002
-3.58001708984375,1.97845
-3.438720703125,1.9785000000000001
-3.331298828125,1.97855
-3.57421875,1.9786000000000001
-2.950439453125,1.97865
-3.45489501953125,1.9787000000000001
-3.572998046875,1.97875
-3.40728759765625,1.9788000000000001
-3.1463623046875,1.9788500000000002
-3.31573486328125,1.9789
-2.94677734375,1.9789500000000002
-3.0206298828125,1.979
-3.09478759765625,1.9790500000000002
-3.00750732421875,1.9791
-2.84088134765625,1.9791500000000002
-2.8680419921875,1.9792
-2.91717529296875,1.9792500000000002
-2.879638671875,1.9793
-2.763671875,1.9793500000000002
-2.84393310546875,1.9794
-3.0126953125,1.9794500000000002
-2.7362060546875,1.9795
-2.93975830078125,1.9795500000000001
-2.94769287109375,1.9796
-3.0987548828125,1.9796500000000001
-2.9156494140625,1.9797
-2.8607177734375,1.9797500000000001
-2.94891357421875,1.9798
-2.786865234375,1.97985
-3.1683349609375,1.9799000000000002
-3.260498046875,1.97995
-2.80975341796875,1.9800000000000002
-3.12835693359375,1.98005
-3.3074951171875,1.9801000000000002
-3.17779541015625,1.98015
-3.3990478515625,1.9802000000000002
-3.44085693359375,1.98025
-2.90252685546875,1.9803000000000002
-3.25225830078125,1.98035
-3.57391357421875,1.9804000000000002
-3.41827392578125,1.98045
-3.46099853515625,1.9805000000000001
-3.16741943359375,1.98055
-3.17413330078125,1.9806000000000001
-2.90496826171875,1.98065
-3.11187744140625,1.9807000000000001
-3.12957763671875,1.98075
-2.9095458984375,1.9808000000000001
-3.09906005859375,1.9808500000000002
-2.98065185546875,1.9809
-3.12103271484375,1.9809500000000002
-2.95623779296875,1.981
-2.919921875,1.9810500000000002
-2.9840087890625,1.9811
-2.58087158203125,1.9811500000000002
-2.652587890625,1.9812
-2.70416259765625,1.9812500000000002
-2.58758544921875,1.9813
-2.5811767578125,1.9813500000000002
-2.81890869140625,1.9814
-2.55584716796875,1.9814500000000002
-2.4505615234375,1.9815
-2.81585693359375,1.9815500000000001
-2.94036865234375,1.9816
-2.71148681640625,1.9816500000000001
-2.53326416015625,1.9817
-2.86041259765625,1.9817500000000001
-2.3760986328125,1.9818000000000002
-2.8741455078125,1.9818500000000001
-3.03466796875,1.9819000000000002
-2.6348876953125,1.98195
-2.41729736328125,1.9820000000000002
-2.78594970703125,1.98205
-2.71026611328125,1.9821000000000002
-2.82928466796875,1.98215
-2.8302001953125,1.9822000000000002
-2.92266845703125,1.98225
-2.6416015625,1.9823000000000002
-2.87384033203125,1.98235
-3.00567626953125,1.9824000000000002
-2.97119140625,1.98245
-3.04168701171875,1.9825000000000002
-2.82989501953125,1.98255
-3.08349609375,1.9826000000000001
-2.6702880859375,1.98265
-2.960205078125,1.9827000000000001
-2.95166015625,1.98275
-3.02642822265625,1.9828000000000001
-2.7471923828125,1.9828500000000002
-3.1494140625,1.9829
-2.8924560546875,1.9829500000000002
-2.8887939453125,1.983
-3.14208984375,1.9830500000000002
-3.06915283203125,1.9831
-2.58575439453125,1.9831500000000002
-2.694091796875,1.9832
-2.8643798828125,1.9832500000000002
-2.94097900390625,1.9833
-2.91229248046875,1.9833500000000002
-2.94525146484375,1.9834
-2.9241943359375,1.9834500000000002
-2.8509521484375,1.9835
-2.96844482421875,1.9835500000000001
-2.90618896484375,1.9836
-2.83447265625,1.9836500000000001
-2.85125732421875,1.9837
-3.07098388671875,1.9837500000000001
-2.95318603515625,1.9838
-3.17230224609375,1.9838500000000001
-3.2794189453125,1.9839000000000002
-3.03924560546875,1.98395
-2.9852294921875,1.9840000000000002
-2.891845703125,1.98405
-2.904052734375,1.9841000000000002
-3.0767822265625,1.98415
-2.9681396484375,1.9842000000000002
-2.98065185546875,1.98425
-3.00750732421875,1.9843000000000002
-2.957763671875,1.98435
-3.2427978515625,1.9844000000000002
-3.1561279296875,1.98445
-2.91961669921875,1.9845000000000002
-3.20709228515625,1.98455
-3.09844970703125,1.9846000000000001
-2.87841796875,1.98465
-3.32763671875,1.9847000000000001
-3.14453125,1.98475
-2.9205322265625,1.9848000000000001
-3.03863525390625,1.9848500000000002
-3.1683349609375,1.9849
-2.8558349609375,1.9849500000000002
-3.03466796875,1.985
-3.0743408203125,1.9850500000000002
-3.0792236328125,1.9851
-2.811279296875,1.9851500000000002
-2.8057861328125,1.9852
-3.08929443359375,1.9852500000000002
-2.91015625,1.9853
-3.0133056640625,1.9853500000000002
-3.27392578125,1.9854
-2.83111572265625,1.9854500000000002
-2.98583984375,1.9855
-2.9095458984375,1.9855500000000001
-3.13720703125,1.9856
-2.93914794921875,1.9856500000000001
-2.9205322265625,1.9857
-2.7880859375,1.9857500000000001
-2.81524658203125,1.9858
-2.94647216796875,1.9858500000000001
-3.0364990234375,1.9859000000000002
-2.7587890625,1.98595
-2.51495361328125,1.9860000000000002
-2.84942626953125,1.98605
-2.7655029296875,1.9861000000000002
-2.53326416015625,1.98615
-2.57293701171875,1.9862000000000002
-2.91168212890625,1.98625
-2.51068115234375,1.9863000000000002
-3.115234375,1.98635
-3.1072998046875,1.9864000000000002
-3.00567626953125,1.98645
-3.05145263671875,1.9865000000000002
-3.0877685546875,1.98655
-2.97760009765625,1.9866000000000001
-2.91534423828125,1.98665
-2.8094482421875,1.9867000000000001
-3.0029296875,1.98675
-2.94158935546875,1.9868000000000001
-2.899169921875,1.98685
-3.0902099609375,1.9869
-2.801513671875,1.9869500000000002
-3.25164794921875,1.987
-3.31329345703125,1.9870500000000002
-2.99285888671875,1.9871
-2.95989990234375,1.9871500000000002
-3.167724609375,1.9872
-3.0169677734375,1.9872500000000002
-3.2220458984375,1.9873
-2.94097900390625,1.9873500000000002
-2.95562744140625,1.9874
-3.00262451171875,1.9874500000000002
-2.9156494140625,1.9875
-2.93701171875,1.9875500000000001
-2.7789306640625,1.9876
-2.52777099609375,1.9876500000000001
-2.698974609375,1.9877
-2.67242431640625,1.9877500000000001
-2.61505126953125,1.9878
-2.99346923828125,1.9878500000000001
-3.0267333984375,1.9879000000000002
-2.7484130859375,1.98795
-3.04351806640625,1.9880000000000002
-2.75299072265625,1.98805
-2.58544921875,1.9881000000000002
-2.88970947265625,1.98815
-3.02001953125,1.9882000000000002
-3.08319091796875,1.98825
-2.7301025390625,1.9883000000000002
-3.00567626953125,1.98835
-3.1585693359375,1.9884000000000002
-2.9376220703125,1.98845
-2.9986572265625,1.9885000000000002
-3.2073974609375,1.98855
-2.696533203125,1.9886000000000001
-2.96966552734375,1.98865
-3.011474609375,1.9887000000000001
-3.1475830078125,1.98875
-2.9296875,1.9888000000000001
-3.26202392578125,1.98885
-3.07159423828125,1.9889000000000001
-3.14605712890625,1.9889500000000002
-3.2769775390625,1.989
-3.1201171875,1.9890500000000002
-3.21868896484375,1.9891
-2.8070068359375,1.9891500000000002
-2.97943115234375,1.9892
-2.92327880859375,1.9892500000000002
-2.9998779296875,1.9893
-2.8704833984375,1.9893500000000002
-3.10333251953125,1.9894
-2.75299072265625,1.9894500000000002
-3.0584716796875,1.9895
-3.35235595703125,1.9895500000000002
-3.21929931640625,1.9896
-2.99835205078125,1.9896500000000001
-3.125,1.9897
-3.21624755859375,1.9897500000000001
-3.1658935546875,1.9898
-3.16009521484375,1.9898500000000001
-3.49029541015625,1.9899000000000002
-3.10882568359375,1.98995
-3.08929443359375,1.9900000000000002
-3.01361083984375,1.99005
-3.00811767578125,1.9901000000000002
-3.33404541015625,1.99015
-3.1842041015625,1.9902000000000002
-2.9638671875,1.99025
-2.8875732421875,1.9903000000000002
-3.27880859375,1.99035
-3.33465576171875,1.9904000000000002
-3.27972412109375,1.99045
-3.2501220703125,1.9905000000000002
-3.33648681640625,1.99055
-3.17230224609375,1.9906000000000001
-3.38958740234375,1.99065
-2.99713134765625,1.9907000000000001
-3.4649658203125,1.99075
-3.2330322265625,1.9908000000000001
-3.10546875,1.99085
-3.24005126953125,1.9909000000000001
-3.11798095703125,1.9909500000000002
-3.28033447265625,1.991
-3.365478515625,1.9910500000000002
-3.17718505859375,1.9911
-3.095703125,1.9911500000000002
-3.28521728515625,1.9912
-3.2635498046875,1.9912500000000002
-3.30352783203125,1.9913
-3.47198486328125,1.9913500000000002
-3.4466552734375,1.9914
-3.04443359375,1.9914500000000002
-3.3343505859375,1.9915
-3.3343505859375,1.9915500000000002
-3.19976806640625,1.9916
-3.21563720703125,1.9916500000000001
-3.38531494140625,1.9917
-3.21868896484375,1.9917500000000001
-3.2379150390625,1.9918
-3.14697265625,1.9918500000000001
-3.406982421875,1.9919000000000002
-3.06884765625,1.99195
-3.145751953125,1.9920000000000002
-3.22509765625,1.99205
-2.95745849609375,1.9921000000000002
-3.3154296875,1.99215
-3.26019287109375,1.9922000000000002
-3.03741455078125,1.99225
-3.0792236328125,1.9923000000000002
-3.21044921875,1.99235
-3.60076904296875,1.9924000000000002
-3.42742919921875,1.99245
-3.14605712890625,1.9925000000000002
-3.1744384765625,1.99255
-3.1103515625,1.9926000000000001
-3.2080078125,1.99265
-3.1787109375,1.9927000000000001
-3.3343505859375,1.99275
-2.98736572265625,1.9928000000000001
-3.0816650390625,1.99285
-3.1982421875,1.9929000000000001
-3.1744384765625,1.9929500000000002
-3.0792236328125,1.993
-3.1646728515625,1.9930500000000002
-2.97210693359375,1.9931
-3.01177978515625,1.9931500000000002
-3.23028564453125,1.9932
-3.1866455078125,1.9932500000000002
-3.03497314453125,1.9933
-2.95562744140625,1.9933500000000002
-3.17138671875,1.9934
-2.85491943359375,1.9934500000000002
-2.9473876953125,1.9935
-2.9156494140625,1.9935500000000002
-2.79937744140625,1.9936
-2.87078857421875,1.9936500000000001
-3.0767822265625,1.9937
-2.83203125,1.9937500000000001
-3.07708740234375,1.9938
-3.05389404296875,1.9938500000000001
-3.131103515625,1.9939
-2.88421630859375,1.9939500000000001
-2.8851318359375,1.9940000000000002
-3.037109375,1.99405
-3.04290771484375,1.9941000000000002
-3.02276611328125,1.99415
-2.93426513671875,1.9942000000000002
-3.10089111328125,1.99425
-2.68798828125,1.9943000000000002
-2.8778076171875,1.99435
-2.9803466796875,1.9944000000000002
-2.65472412109375,1.99445
-2.83447265625,1.9945000000000002
-2.5384521484375,1.99455
-2.54608154296875,1.9946000000000002
-2.8973388671875,1.99465
-2.78472900390625,1.9947000000000001
-2.74139404296875,1.99475
-2.7392578125,1.9948000000000001
-2.85186767578125,1.99485
-2.95013427734375,1.9949000000000001
-2.84759521484375,1.9949500000000002
-2.935791015625,1.995
-3.0145263671875,1.9950500000000002
-2.59521484375,1.9951
-2.97271728515625,1.9951500000000002
-2.93548583984375,1.9952
-2.96417236328125,1.9952500000000002
-2.99285888671875,1.9953
-3.0438232421875,1.9953500000000002
-2.8277587890625,1.9954
-2.701416015625,1.9954500000000002
-3.00384521484375,1.9955
-3.19915771484375,1.9955500000000002
-3.18634033203125,1.9956
-2.99591064453125,1.9956500000000001
-2.96356201171875,1.9957
-3.10791015625,1.9957500000000001
-3.0657958984375,1.9958
-3.0523681640625,1.9958500000000001
-3.09814453125,1.9959
-2.5994873046875,1.9959500000000001
-2.95806884765625,1.9960000000000002
-2.8302001953125,1.99605
-2.88909912109375,1.9961000000000002
-2.802734375,1.99615
-3.13995361328125,1.9962000000000002
-2.97943115234375,1.99625
-3.277587890625,1.9963000000000002
-3.106689453125,1.99635
-3.193359375,1.9964000000000002
-3.18359375,1.99645
-3.245849609375,1.9965000000000002
-3.1793212890625,1.99655
-2.83233642578125,1.9966000000000002
-3.1488037109375,1.99665
-3.00872802734375,1.9967000000000001
-2.92144775390625,1.99675
-2.86102294921875,1.9968000000000001
-2.7154541015625,1.99685
-2.7838134765625,1.9969000000000001
-2.9705810546875,1.9969500000000002
-2.92144775390625,1.997
-3.01239013671875,1.9970500000000002
-2.95745849609375,1.9971
-3.15643310546875,1.9971500000000002
-3.02276611328125,1.9972
-3.4234619140625,1.9972500000000002
-3.23455810546875,1.9973
-3.145751953125,1.9973500000000002
-3.00994873046875,1.9974
-3.121337890625,1.9974500000000002
-3.228759765625,1.9975
-3.001708984375,1.9975500000000002
-2.9156494140625,1.9976
-3.06427001953125,1.9976500000000001
-3.2208251953125,1.9977
-2.98095703125,1.9977500000000001
-3.32855224609375,1.9978
-3.37188720703125,1.9978500000000001
-3.282470703125,1.9979
-3.2574462890625,1.9979500000000001
-3.36700439453125,1.9980000000000002
-3.1744384765625,1.99805
-3.32916259765625,1.9981000000000002
-3.32977294921875,1.99815
-3.29559326171875,1.9982000000000002
-3.13446044921875,1.99825
-3.31298828125,1.9983000000000002
-3.47442626953125,1.99835
-3.29986572265625,1.9984000000000002
-3.23394775390625,1.99845
-3.21533203125,1.9985000000000002
-2.9071044921875,1.99855
-3.12713623046875,1.9986000000000002
-3.10028076171875,1.99865
-3.23028564453125,1.9987000000000001
-3.26812744140625,1.99875
-3.0810546875,1.9988000000000001
-3.07586669921875,1.99885
-3.17840576171875,1.9989000000000001
-2.9522705078125,1.9989500000000002
-3.14788818359375,1.999
-3.13995361328125,1.9990500000000002
-2.8985595703125,1.9991
-3.1597900390625,1.9991500000000002
-3.0853271484375,1.9992
-3.17535400390625,1.9992500000000002
-2.98187255859375,1.9993
-3.0731201171875,1.9993500000000002
-2.6226806640625,1.9994
-2.861328125,1.9994500000000002
-2.9510498046875,1.9995
-2.90313720703125,1.9995500000000002
-2.65533447265625,1.9996
-2.97698974609375,1.9996500000000001
-2.89031982421875,1.9997
-3.03619384765625,1.9997500000000001
-3.2159423828125,1.9998
-3.15093994140625,1.9998500000000001
-2.87811279296875,1.9999
-3.0487060546875,1.9999500000000001
-2.93365478515625,2.0
-2.85308837890625,2.00005
-3.265380859375,2.0001
-3.11859130859375,2.00015
-2.90069580078125,2.0002
-2.90985107421875,2.00025
-3.179931640625,2.0003
-3.0718994140625,2.00035
-3.20526123046875,2.0004
-3.2354736328125,2.00045
-3.2147216796875,2.0005
-3.33282470703125,2.00055
-3.3489990234375,2.0006
-3.49395751953125,2.00065
-3.326416015625,2.0007
-3.388671875,2.00075
-3.3856201171875,2.0008
-3.3880615234375,2.00085
-3.15521240234375,2.0009
-3.31878662109375,2.00095
-3.3758544921875,2.001
-3.16070556640625,2.00105
-3.01727294921875,2.0011
-3.2763671875,2.00115
-3.30078125,2.0012
-3.3270263671875,2.00125
-3.23028564453125,2.0013
-2.91107177734375,2.00135
-2.86529541015625,2.0014
-3.3489990234375,2.00145
-3.2177734375,2.0015
-2.9266357421875,2.00155
-3.18939208984375,2.0016
-3.00567626953125,2.00165
-3.05145263671875,2.0017
-3.23638916015625,2.00175
-2.955322265625,2.0018
-3.25836181640625,2.00185
-2.8167724609375,2.0019
-3.18206787109375,2.00195
-3.319091796875,2.002
-3.27728271484375,2.00205
-3.0889892578125,2.0021
-3.294677734375,2.00215
-3.42559814453125,2.0022
-3.13812255859375,2.00225
-3.1842041015625,2.0023
-3.30810546875,2.00235
-3.363037109375,2.0024
-3.0059814453125,2.00245
-3.24920654296875,2.0025
-3.2220458984375,2.00255
-3.32550048828125,2.0026
-3.35052490234375,2.00265
-3.37860107421875,2.0027
-2.86285400390625,2.00275
-2.94464111328125,2.0028
-3.2177734375,2.00285
-3.30169677734375,2.0029
-3.33953857421875,2.00295
-3.3343505859375,2.003
-2.799072265625,2.00305
-3.44268798828125,2.0031
-3.3001708984375,2.00315
-3.22998046875,2.0032
-3.31817626953125,2.00325
-2.92144775390625,2.0033
-3.11981201171875,2.00335
-2.88238525390625,2.0034
-3.1488037109375,2.00345
-2.87750244140625,2.0035
-3.15460205078125,2.00355
-2.9168701171875,2.0036
-3.2452392578125,2.00365
-3.08135986328125,2.0037
-3.1048583984375,2.00375
-3.250732421875,2.0038
-3.32794189453125,2.00385
-2.95257568359375,2.0039
-2.97760009765625,2.00395
-3.0377197265625,2.004
-3.30810546875,2.00405
-3.1951904296875,2.0041
-3.0902099609375,2.00415
-3.21624755859375,2.0042
-3.02764892578125,2.00425
-3.26263427734375,2.0043
-3.2330322265625,2.00435
-3.060302734375,2.0044
-3.28857421875,2.00445
-3.3642578125,2.0045
-2.98828125,2.00455
-3.9129638671875,2.0046
-3.7493896484375,2.00465
-3.45550537109375,2.0047
-3.20709228515625,2.00475
-3.53729248046875,2.0048
-3.65081787109375,2.00485
-3.5626220703125,2.0049
-3.5028076171875,2.00495
-3.69110107421875,2.005
-3.83209228515625,2.00505
-3.75579833984375,2.0051
-3.856201171875,2.00515
-4.036865234375,2.0052
-3.9739990234375,2.00525
-4.0814208984375,2.0053
-4.0325927734375,2.00535
-3.681640625,2.0054
-4.1259765625,2.00545
-4.15618896484375,2.0055
-3.89404296875,2.00555
-3.77471923828125,2.0056
-3.68560791015625,2.00565
-3.88885498046875,2.0057
-3.93035888671875,2.00575
-3.7451171875,2.0058
-3.670654296875,2.00585
-3.29193115234375,2.0059
-3.6260986328125,2.00595
-3.6688232421875,2.006
-3.5491943359375,2.00605
-3.6639404296875,2.0061
-3.531494140625,2.00615
-3.28399658203125,2.0062
-3.64227294921875,2.00625
-3.23211669921875,2.0063
-3.26751708984375,2.00635
-3.41033935546875,2.0064
-3.09173583984375,2.00645
-3.00323486328125,2.0065
-2.92266845703125,2.00655
-3.1439208984375,2.0066
-2.87445068359375,2.00665
-2.82318115234375,2.0067
-2.45361328125,2.00675
-2.6702880859375,2.0068
-2.71942138671875,2.00685
-2.80853271484375,2.0069
-2.781982421875,2.00695
-3.04168701171875,2.007
-2.95745849609375,2.00705
-3.42681884765625,2.0071
-3.251953125,2.00715
-3.46771240234375,2.0072
-3.19427490234375,2.00725
-3.16009521484375,2.0073
-3.18572998046875,2.00735
-3.06671142578125,2.0074
-3.46282958984375,2.00745
-3.39599609375,2.0075
-2.935791015625,2.00755
-3.380126953125,2.0076
-3.45245361328125,2.00765
-2.99407958984375,2.0077
-3.50250244140625,2.00775
-3.56109619140625,2.0078
-3.221435546875,2.00785
-3.21868896484375,2.0079
-3.39508056640625,2.00795
-3.10150146484375,2.008
-3.11492919921875,2.00805
-3.00384521484375,2.0081
-3.00537109375,2.00815
-2.87872314453125,2.0082
-2.67974853515625,2.00825
-2.81524658203125,2.0083
-2.8558349609375,2.00835
-2.5836181640625,2.0084
-2.71026611328125,2.00845
-2.71087646484375,2.0085
-2.73712158203125,2.00855
-3.0657958984375,2.0086
-3.09600830078125,2.00865
-2.6116943359375,2.0087
-2.8668212890625,2.00875
-2.8009033203125,2.0088
-2.81280517578125,2.00885
-2.72857666015625,2.0089
-2.7880859375,2.00895
-2.74078369140625,2.009
-2.46490478515625,2.00905
-3.0810546875,2.0091
-2.861328125,2.00915
-2.796630859375,2.0092
-2.64404296875,2.00925
-3.09814453125,2.0093
-2.85400390625,2.00935
-2.89703369140625,2.0094
-2.90435791015625,2.00945
-2.95501708984375,2.0095
-3.10302734375,2.00955
-3.2757568359375,2.0096
-3.04046630859375,2.00965
-3.23944091796875,2.0097
-3.2464599609375,2.00975
-3.0908203125,2.0098
-3.19427490234375,2.00985
-2.81219482421875,2.0099
-3.22021484375,2.00995
-3.05877685546875,2.01
-3.1695556640625,2.01005
-2.9754638671875,2.0101
-2.818603515625,2.01015
-2.833251953125,2.0102
-3.18603515625,2.01025
-3.1939697265625,2.0103
-2.91015625,2.01035
-2.78045654296875,2.0104
-3.1182861328125,2.01045
-2.9559326171875,2.0105
-3.0889892578125,2.01055
-3.35693359375,2.0106
-3.10516357421875,2.01065
-3.0694580078125,2.0107
-3.08380126953125,2.01075
-3.267822265625,2.0108
-2.9779052734375,2.01085
-3.3563232421875,2.0109
-3.3111572265625,2.01095
-3.28704833984375,2.011
-3.0059814453125,2.01105
-3.27301025390625,2.0111
-3.13568115234375,2.01115
-3.43658447265625,2.0112
-3.15582275390625,2.01125
-3.0938720703125,2.0113
-2.813720703125,2.01135
-2.9486083984375,2.0114
-2.98309326171875,2.01145
-3.28338623046875,2.0115
-2.91656494140625,2.01155
-3.10028076171875,2.0116
-3.253173828125,2.01165
-3.134765625,2.0117
-3.2293701171875,2.01175
-3.319091796875,2.0118
-3.0084228515625,2.01185
-3.02886962890625,2.0119
-3.43963623046875,2.01195
-3.40118408203125,2.012
-3.2958984375,2.01205
-3.43353271484375,2.0121
-3.29681396484375,2.01215
-3.30108642578125,2.0122
-3.27301025390625,2.01225
-3.44879150390625,2.0123
-3.33221435546875,2.01235
-3.26690673828125,2.0124
-3.3551025390625,2.01245
-3.12591552734375,2.0125
-3.17138671875,2.01255
-3.18206787109375,2.0126
-3.12744140625,2.01265
-2.9345703125,2.0127
-2.94036865234375,2.01275
-2.933349609375,2.0128
-3.0841064453125,2.01285
-3.10821533203125,2.0129
-2.9595947265625,2.01295
-3.04656982421875,2.013
-3.0401611328125,2.01305
-3.40972900390625,2.0131
-3.42620849609375,2.01315
-3.15032958984375,2.0132
-2.884521484375,2.01325
-3.095703125,2.0133
-2.93060302734375,2.01335
-3.154296875,2.0134
-3.2586669921875,2.01345
-2.91961669921875,2.0135
-2.85888671875,2.01355
-3.30413818359375,2.0136
-3.00201416015625,2.01365
-3.10791015625,2.0137
-3.3087158203125,2.01375
-3.310546875,2.0138
-3.3441162109375,2.01385
-3.24462890625,2.0139
-3.50189208984375,2.01395
-3.16162109375,2.014
-3.48876953125,2.01405
-3.25714111328125,2.0141
-3.3160400390625,2.01415
-2.99835205078125,2.0142
-3.116455078125,2.01425
-3.22296142578125,2.0143
-3.06427001953125,2.01435
-2.92877197265625,2.0144
-3.21258544921875,2.01445
-2.81768798828125,2.0145
-3.17718505859375,2.01455
-3.3343505859375,2.0146
-3.02947998046875,2.01465
-2.92022705078125,2.0147
-3.16741943359375,2.01475
-3.45977783203125,2.0148
-3.099365234375,2.01485
-2.9052734375,2.0149
-3.19183349609375,2.01495
-3.0426025390625,2.015
-2.8265380859375,2.01505
-3.22113037109375,2.0151
-3.084716796875,2.01515
-2.9083251953125,2.0152
-2.9083251953125,2.01525
-2.89520263671875,2.0153
-2.81036376953125,2.01535
-2.93121337890625,2.0154
-3.10516357421875,2.01545
-3.04931640625,2.0155
-2.86468505859375,2.01555
-2.998046875,2.0156
-3.09722900390625,2.01565
-3.3209228515625,2.0157
-2.95501708984375,2.01575
-3.121337890625,2.0158
-2.81707763671875,2.01585
-2.78656005859375,2.0159
-3.0987548828125,2.01595
-2.98980712890625,2.016
-2.78076171875,2.01605
-3.1060791015625,2.0161
-2.9046630859375,2.01615
-2.7783203125,2.0162
-2.99163818359375,2.01625
-3.0059814453125,2.0163
-2.80242919921875,2.01635
-2.8961181640625,2.0164
-3.1005859375,2.01645
-3.06793212890625,2.0165
-3.20648193359375,2.01655
-3.3233642578125,2.0166
-3.08502197265625,2.01665
-2.87017822265625,2.0167
-2.95928955078125,2.01675
-2.98828125,2.0168
-2.8521728515625,2.01685
-3.05816650390625,2.0169
-3.17718505859375,2.01695
-2.93182373046875,2.017
-2.99163818359375,2.01705
-3.13873291015625,2.0171
-3.07098388671875,2.01715
-2.99713134765625,2.0172
-3.01361083984375,2.01725
-2.962646484375,2.0173
-3.15185546875,2.01735
-3.15887451171875,2.0174
-3.074951171875,2.01745
-3.0694580078125,2.0175
-2.991943359375,2.01755
-3.30322265625,2.0176
-2.97882080078125,2.01765
-3.06884765625,2.0177
-2.96783447265625,2.01775
-3.25958251953125,2.0178
-2.87872314453125,2.01785
-3.27545166015625,2.0179
-3.33251953125,2.01795
-3.11065673828125,2.018
-3.08380126953125,2.01805
-3.3648681640625,2.0181
-3.089599609375,2.01815
-3.1732177734375,2.0182
-3.260498046875,2.01825
-3.40301513671875,2.0183
-3.18023681640625,2.01835
-3.04473876953125,2.0184
-3.27117919921875,2.01845
-2.8857421875,2.0185
-3.3074951171875,2.01855
-3.363037109375,2.0186
-3.192138671875,2.01865
-2.8179931640625,2.0187
-2.93060302734375,2.01875
-3.14239501953125,2.0188
-3.13568115234375,2.01885
-2.8546142578125,2.0189
-3.0401611328125,2.01895
-2.83599853515625,2.019
-2.94921875,2.01905
-3.37432861328125,2.0191
-3.07342529296875,2.01915
-2.6605224609375,2.0192
-2.783203125,2.01925
-2.8173828125,2.0193
-2.8607177734375,2.01935
-2.71575927734375,2.0194
-2.9486083984375,2.01945
-2.94097900390625,2.0195
-2.86956787109375,2.01955
-2.95654296875,2.0196
-2.783203125,2.01965
-2.99224853515625,2.0197
-2.95501708984375,2.01975
-2.935791015625,2.0198
-2.99835205078125,2.01985
-2.9339599609375,2.0199
-2.9144287109375,2.01995
-2.886962890625,2.02
-2.9083251953125,2.02005
-3.018798828125,2.0201
-2.4755859375,2.02015
-2.95257568359375,2.0202
-2.89215087890625,2.02025
-2.7410888671875,2.0203
-2.7032470703125,2.02035
-2.813720703125,2.0204
-2.8546142578125,2.02045
-2.94586181640625,2.0205
-2.85980224609375,2.02055
-2.96966552734375,2.0206
-2.87628173828125,2.02065
-2.6605224609375,2.0207
-3.009033203125,2.02075
-2.74749755859375,2.0208
-2.65899658203125,2.02085
-2.581787109375,2.0209
-2.9571533203125,2.02095
-2.69134521484375,2.021
-3.01666259765625,2.02105
-3.13018798828125,2.0211
-3.10638427734375,2.02115
-2.8955078125,2.0212
-2.8887939453125,2.02125
-2.97576904296875,2.0213
-3.0072021484375,2.02135
-3.20587158203125,2.0214
-3.26171875,2.02145
-3.15582275390625,2.0215
-3.006591796875,2.02155
-3.194580078125,2.0216
-3.11798095703125,2.02165
-3.0706787109375,2.0217
-3.1707763671875,2.02175
-2.97149658203125,2.0218
-2.811279296875,2.02185
-3.07647705078125,2.0219
-3.2086181640625,2.02195
-3.02764892578125,2.022
-2.8668212890625,2.02205
-2.896728515625,2.0221
-2.96417236328125,2.02215
-2.900390625,2.0222
-2.97760009765625,2.02225
-3.0694580078125,2.0223
-2.752685546875,2.02235
-3.06427001953125,2.0224
-3.29193115234375,2.02245
-3.10089111328125,2.0225
-3.004150390625,2.02255
-3.2489013671875,2.0226
-2.7490234375,2.02265
-2.72796630859375,2.0227
-2.99072265625,2.02275
-2.93670654296875,2.0228
-2.7960205078125,2.02285
-2.8350830078125,2.0229
-2.877197265625,2.02295
-2.7520751953125,2.023
-3.04534912109375,2.02305
-3.00262451171875,2.0231
-2.9949951171875,2.02315
-2.886962890625,2.0232
-2.8924560546875,2.02325
-2.8814697265625,2.0233
-2.96417236328125,2.02335
-2.88482666015625,2.0234
-2.99560546875,2.02345
-2.58514404296875,2.0235
-2.7130126953125,2.02355
-2.904052734375,2.0236
-2.61199951171875,2.02365
-2.68310546875,2.0237
-2.83966064453125,2.02375
-2.6605224609375,2.0238
-2.75634765625,2.02385
-3.056640625,2.0239
-3.0804443359375,2.02395
-2.99407958984375,2.024
-2.86163330078125,2.02405
-3.17138671875,2.0241
-2.77618408203125,2.02415
-2.9949951171875,2.0242
-3.19091796875,2.02425
-3.29132080078125,2.0243
-2.84942626953125,2.02435
-3.05389404296875,2.0244
-3.07037353515625,2.02445
-3.03924560546875,2.0245
-3.0548095703125,2.02455
-2.98095703125,2.0246
-2.91412353515625,2.02465
-2.98736572265625,2.0247
-3.15826416015625,2.02475
-3.1317138671875,2.0248
-2.92724609375,2.02485
-2.9412841796875,2.0249
-3.47198486328125,2.02495
-3.0938720703125,2.025
-3.018798828125,2.02505
-3.29559326171875,2.0251
-3.11492919921875,2.02515
-2.708740234375,2.0252
-3.1939697265625,2.0252499999999998
-2.91046142578125,2.0253
-3.0780029296875,2.02535
-2.91259765625,2.0254
-3.21197509765625,2.0254499999999998
-3.00567626953125,2.0255
-2.91778564453125,2.02555
-3.47747802734375,2.0256
-3.551025390625,2.0256499999999997
-3.24188232421875,2.0257
-3.150634765625,2.02575
-3.16009521484375,2.0258
-3.12408447265625,2.02585
-3.388671875,2.0259
-3.51593017578125,2.02595
-3.050537109375,2.026
-3.1103515625,2.02605
-3.28948974609375,2.0261
-3.26690673828125,2.02615
-3.27911376953125,2.0262
-3.1451416015625,2.02625
-3.11737060546875,2.0263
-2.8863525390625,2.02635
-2.96630859375,2.0263999999999998
-3.323974609375,2.02645
-3.01910400390625,2.0265
-2.72735595703125,2.02655
-2.9803466796875,2.0265999999999997
-2.742919921875,2.02665
-2.5921630859375,2.0267
-2.83111572265625,2.02675
-2.84088134765625,2.0268
-2.48138427734375,2.02685
-2.99530029296875,2.0269
-2.98553466796875,2.02695
-2.8753662109375,2.027
-3.3038330078125,2.02705
-3.33953857421875,2.0271
-3.2049560546875,2.02715
-2.8094482421875,2.0272
-3.0865478515625,2.02725
-2.98614501953125,2.0273
-3.0010986328125,2.0273499999999998
-3.035888671875,2.0274
-3.13262939453125,2.02745
-2.7630615234375,2.0275
-3.25836181640625,2.0275499999999997
-3.33251953125,2.0276
-3.07861328125,2.02765
-3.1842041015625,2.0277
-3.27362060546875,2.0277499999999997
-3.39141845703125,2.0278
-3.4832763671875,2.02785
-3.45733642578125,2.0279
-3.5687255859375,2.02795
-3.216552734375,2.028
-3.15338134765625,2.02805
-3.61602783203125,2.0281
-3.15582275390625,2.02815
-3.326416015625,2.0282
-3.12530517578125,2.02825
-3.44451904296875,2.0282999999999998
-3.08074951171875,2.02835
-3.4796142578125,2.0284
-3.56658935546875,2.02845
-3.5498046875,2.0284999999999997
-3.4912109375,2.02855
-3.76556396484375,2.0286
-3.27484130859375,2.02865
-3.2684326171875,2.0286999999999997
-3.57086181640625,2.02875
-3.51348876953125,2.0288
-3.17108154296875,2.02885
-2.9718017578125,2.0289
-3.15765380859375,2.02895
-2.87109375,2.029
-3.14910888671875,2.02905
-3.10791015625,2.0291
-2.9608154296875,2.02915
-2.96844482421875,2.0292
-3.1414794921875,2.0292499999999998
-3.133544921875,2.0293
-3.27667236328125,2.02935
-3.04229736328125,2.0294
-3.33160400390625,2.0294499999999998
-3.06396484375,2.0295
-2.913818359375,2.02955
-3.15765380859375,2.0296
-3.121337890625,2.0296499999999997
-2.813720703125,2.0297
-2.77862548828125,2.02975
-2.7423095703125,2.0298
-2.78656005859375,2.02985
-2.73345947265625,2.0299
-2.89520263671875,2.02995
-2.61749267578125,2.03
-2.63275146484375,2.03005
-3.096923828125,2.0301
-3.12774658203125,2.03015
-3.00811767578125,2.0302
-2.8961181640625,2.03025
-2.90191650390625,2.0303
-3.00506591796875,2.03035
-3.21990966796875,2.0303999999999998
-3.02703857421875,2.03045
-2.85614013671875,2.0305
-2.80670166015625,2.03055
-2.87811279296875,2.0305999999999997
-2.586669921875,2.03065
-2.82379150390625,2.0307
-2.7996826171875,2.03075
-2.64617919921875,2.0308
-2.61932373046875,2.03085
-2.60284423828125,2.0309
-2.81005859375,2.03095
-2.83203125,2.031
-2.933349609375,2.03105
-3.1719970703125,2.0311
-2.8350830078125,2.03115
-3.1781005859375,2.0312
-3.3758544921875,2.03125
-3.2611083984375,2.0313
-3.23760986328125,2.0313499999999998
-2.90802001953125,2.0314
-3.3111572265625,2.03145
-3.160400390625,2.0315
-3.37921142578125,2.0315499999999997
-3.52996826171875,2.0316
-3.49151611328125,2.03165
-3.44482421875,2.0317
-3.4747314453125,2.0317499999999997
-3.56201171875,2.0318
-3.72344970703125,2.03185
-3.765869140625,2.0319
-3.77716064453125,2.03195
-3.5919189453125,2.032
-3.565673828125,2.03205
-3.83636474609375,2.0321
-3.18634033203125,2.03215
-3.350830078125,2.0322
-3.1829833984375,2.03225
-3.33953857421875,2.0322999999999998
-3.2025146484375,2.03235
-2.96722412109375,2.0324
-3.35357666015625,2.03245
-3.36578369140625,2.0324999999999998
-3.017578125,2.03255
-3.36944580078125,2.0326
-2.862548828125,2.03265
-3.1463623046875,2.0326999999999997
-3.2958984375,2.03275
-3.2354736328125,2.0328
-2.97515869140625,2.03285
-3.20831298828125,2.0329
-3.31573486328125,2.03295
-3.37646484375,2.033
-3.1195068359375,2.03305
-3.26324462890625,2.0331
-2.88665771484375,2.03315
-2.6885986328125,2.0332
-3.00384521484375,2.03325
-3.02490234375,2.0333
-2.97149658203125,2.03335
-2.75360107421875,2.0334
-2.77557373046875,2.0334499999999998
-2.73712158203125,2.0335
-2.85308837890625,2.03355
-2.8912353515625,2.0336
-2.740478515625,2.0336499999999997
-2.9144287109375,2.0337
-2.83843994140625,2.03375
-2.81341552734375,2.0338
-3.04962158203125,2.03385
-3.13385009765625,2.0339
-3.2415771484375,2.03395
-3.0560302734375,2.034
-2.9461669921875,2.03405
-3.36700439453125,2.0341
-3.16314697265625,2.03415
-3.14605712890625,2.0342
-3.21136474609375,2.03425
-2.96905517578125,2.0343
-2.9205322265625,2.03435
-3.1878662109375,2.0343999999999998
-3.25164794921875,2.03445
-3.0267333984375,2.0345
-2.65228271484375,2.03455
-3.28857421875,2.0345999999999997
-2.967529296875,2.03465
-3.0804443359375,2.0347
-3.14208984375,2.03475
-3.01116943359375,2.0347999999999997
-2.90924072265625,2.03485
-3.11553955078125,2.0349
-2.83660888671875,2.03495
-2.77374267578125,2.035
-2.97027587890625,2.03505
-3.009033203125,2.0351
-2.6275634765625,2.03515
-2.71026611328125,2.0352
-2.647705078125,2.03525
-2.5396728515625,2.0353
-2.6068115234375,2.0353499999999998
-2.46063232421875,2.0354
-2.7099609375,2.03545
-2.3431396484375,2.0355
-2.60711669921875,2.0355499999999997
-2.7740478515625,2.0356
-2.7581787109375,2.03565
-2.35015869140625,2.0357
-3.08868408203125,2.0357499999999997
-2.5933837890625,2.0358
-2.7362060546875,2.03585
-2.8131103515625,2.0359
-2.745361328125,2.03595
-2.44293212890625,2.036
-2.598876953125,2.03605
-2.84332275390625,2.0361
-2.8936767578125,2.03615
-2.733154296875,2.0362
-2.5830078125,2.03625
-2.6751708984375,2.0362999999999998
-2.5775146484375,2.03635
-2.83203125,2.0364
-2.98828125,2.03645
-2.80426025390625,2.0364999999999998
-2.79937744140625,2.03655
-3.25469970703125,2.0366
-2.83477783203125,2.03665
-3.1219482421875,2.0366999999999997
-2.9248046875,2.03675
-2.9400634765625,2.0368
-2.7557373046875,2.03685
-2.4774169921875,2.0369
-2.65716552734375,2.03695
-2.89459228515625,2.037
-2.75146484375,2.03705
-3.02459716796875,2.0371
-2.59796142578125,2.03715
-2.63580322265625,2.0372
-3.11737060546875,2.03725
-3.0438232421875,2.0373
-2.64007568359375,2.03735
-3.18084716796875,2.0374
-2.667236328125,2.0374499999999998
-3.02886962890625,2.0375
-3.34197998046875,2.03755
-3.238525390625,2.0376
-2.9864501953125,2.0376499999999997
-3.03253173828125,2.0377
-3.154296875,2.03775
-3.05633544921875,2.0378
-3.12652587890625,2.0378499999999997
-3.333740234375,2.0379
-3.44757080078125,2.03795
-3.19915771484375,2.038
-3.1890869140625,2.03805
-3.40179443359375,2.0381
-3.212890625,2.03815
-3.39508056640625,2.0382
-3.56170654296875,2.03825
-3.10455322265625,2.0383
-3.3636474609375,2.03835
-3.41949462890625,2.0383999999999998
-3.33038330078125,2.03845
-3.31756591796875,2.0385
-3.3074951171875,2.03855
-3.43902587890625,2.0385999999999997
-3.35113525390625,2.03865
-3.45184326171875,2.0387
-3.42620849609375,2.03875
-3.2794189453125,2.0387999999999997
-2.811279296875,2.03885
-3.21563720703125,2.0389
-3.07830810546875,2.03895
-2.94677734375,2.039
-2.7734375,2.03905
-3.13690185546875,2.0391
-2.91900634765625,2.03915
-3.095703125,2.0392
-3.21685791015625,2.03925
-3.2916259765625,2.0393
-3.08502197265625,2.0393499999999998
-3.09814453125,2.0394
-3.111572265625,2.03945
-2.9296875,2.0395
-3.25775146484375,2.0395499999999998
-3.245849609375,2.0396
-3.11767578125,2.03965
-2.8436279296875,2.0397
-3.0120849609375,2.0397499999999997
-2.80364990234375,2.0398
-3.16986083984375,2.03985
-3.07525634765625,2.0399
-2.8912353515625,2.03995
-2.74932861328125,2.04
-3.094482421875,2.04005
-3.1793212890625,2.0401
-3.34503173828125,2.04015
-2.960205078125,2.0402
-3.21014404296875,2.04025
-3.10638427734375,2.0403
-3.14056396484375,2.04035
-3.2147216796875,2.0404
-3.004150390625,2.04045
-3.00567626953125,2.0404999999999998
-3.07586669921875,2.04055
-3.08563232421875,2.0406
-3.12469482421875,2.04065
-3.284912109375,2.0406999999999997
-3.226318359375,2.04075
-3.15460205078125,2.0408
-3.15643310546875,2.04085
-3.232421875,2.0409
-3.3807373046875,2.04095
-3.2958984375,2.041
-3.42742919921875,2.04105
-3.48236083984375,2.0411
-3.19427490234375,2.04115
-3.31634521484375,2.0412
-3.29742431640625,2.04125
-3.21014404296875,2.0413
-3.056640625,2.04135
-3.14727783203125,2.0414
-2.89886474609375,2.0414499999999998
-2.8448486328125,2.0415
-2.9449462890625,2.04155
-3.037109375,2.0416
-2.74566650390625,2.0416499999999997
-3.02886962890625,2.0417
-2.94708251953125,2.04175
-3.16925048828125,2.0418
-3.18206787109375,2.0418499999999997
-3.31695556640625,2.0419
-3.10150146484375,2.04195
-3.1072998046875,2.042
-3.34014892578125,2.04205
-3.13262939453125,2.0421
-3.13629150390625,2.04215
-3.06304931640625,2.0422
-3.2122802734375,2.04225
-2.94281005859375,2.0423
-3.02581787109375,2.04235
-3.328857421875,2.0423999999999998
-3.45550537109375,2.04245
-3.40423583984375,2.0425
-3.37432861328125,2.04255
-3.43780517578125,2.0425999999999997
-3.5870361328125,2.04265
-3.736572265625,2.0427
-3.80767822265625,2.04275
-3.36517333984375,2.0427999999999997
-3.167724609375,2.04285
-3.1756591796875,2.0429
-3.240966796875,2.04295
-3.16802978515625,2.043
-3.02947998046875,2.04305
-2.982177734375,2.0431
-2.9150390625,2.04315
-3.13873291015625,2.0432
-3.05908203125,2.04325
-3.05694580078125,2.0433
-3.0841064453125,2.0433499999999998
-3.41766357421875,2.0434
-3.20556640625,2.04345
-3.421630859375,2.0435
-3.26446533203125,2.0435499999999998
-3.3807373046875,2.0436
-3.27392578125,2.04365
-3.35968017578125,2.0437
-3.17962646484375,2.0437499999999997
-3.3819580078125,2.0438
-3.310546875,2.04385
-3.1781005859375,2.0439
-3.3221435546875,2.04395
-3.06488037109375,2.044
-3.00445556640625,2.04405
-3.11004638671875,2.0441
-3.20068359375,2.04415
-3.218994140625,2.0442
-3.18206787109375,2.04425
-2.994384765625,2.0443
-3.4564208984375,2.04435
-3.470458984375,2.0444
-3.2098388671875,2.04445
-3.29437255859375,2.0444999999999998
-3.492431640625,2.04455
-3.258056640625,2.0446
-3.31817626953125,2.04465
-3.0877685546875,2.0446999999999997
-3.37860107421875,2.04475
-3.02276611328125,2.0448
-3.05511474609375,2.04485
-2.939453125,2.0448999999999997
-2.9388427734375,2.04495
-3.092041015625,2.045
-3.13751220703125,2.04505
-2.8619384765625,2.0451
-2.91778564453125,2.04515
-3.30413818359375,2.0452
-3.28582763671875,2.04525
-3.19061279296875,2.0453
-3.25347900390625,2.04535
-3.0181884765625,2.0454
-3.1207275390625,2.0454499999999998
-2.90496826171875,2.0455
-3.16375732421875,2.04555
-3.16741943359375,2.0456
-3.04473876953125,2.0456499999999997
-3.05206298828125,2.0457
-2.884521484375,2.04575
-3.15826416015625,2.0458
-3.104248046875,2.0458499999999997
-3.17901611328125,2.0459
-2.989501953125,2.04595
-3.0609130859375,2.046
-3.13812255859375,2.04605
-3.2275390625,2.0461
-3.18267822265625,2.04615
-3.16070556640625,2.0462
-3.1134033203125,2.04625
-2.69378662109375,2.0463
-3.16070556640625,2.04635
-2.91107177734375,2.0463999999999998
-3.0657958984375,2.04645
-2.91534423828125,2.0465
-3.2611083984375,2.04655
-2.84271240234375,2.0465999999999998
-3.2159423828125,2.04665
-3.17596435546875,2.0467
-3.14178466796875,2.04675
-2.8802490234375,2.0467999999999997
-2.989501953125,2.04685
-3.09112548828125,2.0469
-3.2025146484375,2.04695
-3.09844970703125,2.047
-3.04779052734375,2.04705
-2.97210693359375,2.0471
-2.9986572265625,2.04715
-3.22784423828125,2.0472
-3.333740234375,2.04725
-3.023681640625,2.0473
-3.165283203125,2.04735
-2.91229248046875,2.0474
-2.92755126953125,2.04745
-3.04443359375,2.0475
-2.89947509765625,2.0475499999999998
-3.01055908203125,2.0476
-2.9791259765625,2.04765
-3.00994873046875,2.0477
-2.8289794921875,2.0477499999999997
-2.9815673828125,2.0478
-3.01025390625,2.04785
-3.30169677734375,2.0479
-2.5775146484375,2.04795
-3.0731201171875,2.048
-3.05389404296875,2.04805
-3.0035400390625,2.0481
-3.01727294921875,2.04815
-3.001708984375,2.0482
-2.608642578125,2.04825
-2.84454345703125,2.0483
-3.1097412109375,2.04835
-2.90252685546875,2.0484
-3.0584716796875,2.04845
-2.80853271484375,2.0484999999999998
-2.69073486328125,2.04855
-2.967529296875,2.0486
-2.96875,2.04865
-3.0963134765625,2.0486999999999997
-3.3123779296875,2.04875
-2.79449462890625,2.0488
-3.25531005859375,2.04885
-2.98492431640625,2.0488999999999997
-2.8887939453125,2.04895
-2.95257568359375,2.049
-3.19305419921875,2.04905
-2.74139404296875,2.0491
-2.9193115234375,2.04915
-2.91717529296875,2.0492
-2.98187255859375,2.04925
-3.06915283203125,2.0493
-2.8466796875,2.04935
-2.80364990234375,2.0494
-2.59674072265625,2.0494499999999998
-2.91259765625,2.0495
-2.99407958984375,2.04955
-2.734375,2.0496
-2.44232177734375,2.0496499999999997
-3.0877685546875,2.0497
-2.69287109375,2.04975
-2.93701171875,2.0498
-3.0291748046875,2.0498499999999997
-2.7313232421875,2.0499
-2.89276123046875,2.04995
-2.91473388671875,2.0500000000000003
-2.640380859375,2.05005
-3.1561279296875,2.0501000000000005
-2.940673828125,2.0501500000000004
-2.98919677734375,2.0502000000000002
-2.81707763671875,2.05025
-2.91412353515625,2.0503000000000005
-3.0810546875,2.0503500000000003
-3.21929931640625,2.0504000000000002
-2.96966552734375,2.05045
-3.12103271484375,2.0505000000000004
-3.1707763671875,2.0505500000000003
-3.1695556640625,2.0506
-3.25225830078125,2.05065
-3.4332275390625,2.0507000000000004
-3.001708984375,2.0507500000000003
-3.173828125,2.0508
-3.35479736328125,2.05085
-2.81707763671875,2.0509000000000004
-3.297119140625,2.0509500000000003
-3.3837890625,2.051
-3.17657470703125,2.0510500000000005
-3.17657470703125,2.0511000000000004
-3.255615234375,2.0511500000000003
-3.38470458984375,2.0512
-3.310546875,2.0512500000000005
-3.06915283203125,2.0513000000000003
-3.2464599609375,2.0513500000000002
-3.10546875,2.0514
-3.2666015625,2.0514500000000004
-3.41552734375,2.0515000000000003
-3.18939208984375,2.05155
-3.11187744140625,2.0516
-3.09417724609375,2.0516500000000004
-2.98980712890625,2.0517000000000003
-3.3233642578125,2.05175
-2.9962158203125,2.0518
-3.20892333984375,2.0518500000000004
-3.095703125,2.0519000000000003
-3.12591552734375,2.05195
-3.19610595703125,2.052
-2.98828125,2.0520500000000004
-3.1854248046875,2.0521000000000003
-2.996826171875,2.05215
-3.38775634765625,2.0522000000000005
-2.8619384765625,2.0522500000000004
-2.957763671875,2.0523000000000002
-3.193359375,2.05235
-3.10028076171875,2.0524000000000004
-2.88482666015625,2.0524500000000003
-3.211669921875,2.0525
-2.98187255859375,2.05255
-3.193359375,2.0526000000000004
-3.2867431640625,2.0526500000000003
-3.1304931640625,2.0527
-3.04656982421875,2.05275
-2.816162109375,2.0528000000000004
-3.04290771484375,2.0528500000000003
-2.9144287109375,2.0529
-3.06396484375,2.05295
-2.94036865234375,2.0530000000000004
-2.77130126953125,2.0530500000000003
-2.9376220703125,2.0531
-3.1390380859375,2.0531500000000005
-2.989501953125,2.0532000000000004
-3.32855224609375,2.0532500000000002
-3.02490234375,2.0533
-3.0322265625,2.0533500000000005
-2.79541015625,2.0534000000000003
-3.004150390625,2.05345
-2.83721923828125,2.0535
-3.1103515625,2.0535500000000004
-3.04046630859375,2.0536000000000003
-2.86102294921875,2.05365
-2.777099609375,2.0537
-2.98492431640625,2.0537500000000004
-3.017578125,2.0538000000000003
-3.2666015625,2.05385
-2.8497314453125,2.0539
-3.07586669921875,2.0539500000000004
-3.23486328125,2.0540000000000003
-3.248291015625,2.05405
-3.32000732421875,2.0541000000000005
-3.50189208984375,2.0541500000000004
-3.26080322265625,2.0542000000000002
-3.30780029296875,2.05425
-3.6199951171875,2.0543000000000005
-3.345947265625,2.0543500000000003
-3.42529296875,2.0544000000000002
-3.3673095703125,2.05445
-3.29803466796875,2.0545000000000004
-3.04718017578125,2.0545500000000003
-3.30413818359375,2.0546
-3.350830078125,2.05465
-3.10333251953125,2.0547000000000004
-3.14727783203125,2.0547500000000003
-3.0731201171875,2.0548
-3.01483154296875,2.05485
-3.1390380859375,2.0549000000000004
-3.138427734375,2.0549500000000003
-3.20220947265625,2.055
-3.05511474609375,2.0550500000000005
-3.13812255859375,2.0551000000000004
-3.16558837890625,2.0551500000000003
-3.2830810546875,2.0552
-3.2977294921875,2.0552500000000005
-2.9913330078125,2.0553000000000003
-3.3184814453125,2.0553500000000002
-2.8753662109375,2.0554
-3.01239013671875,2.0554500000000004
-3.154296875,2.0555000000000003
-3.0694580078125,2.05555
-3.0224609375,2.0556
-3.17596435546875,2.0556500000000004
-2.9931640625,2.0557000000000003
-3.44970703125,2.05575
-3.55133056640625,2.0558
-3.38531494140625,2.0558500000000004
-3.23211669921875,2.0559000000000003
-3.27667236328125,2.05595
-3.3648681640625,2.056
-3.2415771484375,2.0560500000000004
-3.44512939453125,2.0561000000000003
-3.16802978515625,2.05615
-3.06396484375,2.0562000000000005
-3.23272705078125,2.0562500000000004
-3.0499267578125,2.0563000000000002
-2.92327880859375,2.05635
-3.1298828125,2.0564000000000004
-3.16314697265625,2.0564500000000003
-3.11737060546875,2.0565
-2.76458740234375,2.05655
-3.236083984375,2.0566000000000004
-3.1549072265625,2.0566500000000003
-3.426513671875,2.0567
-3.17169189453125,2.05675
-2.8985595703125,2.0568000000000004
-3.01422119140625,2.0568500000000003
-2.97576904296875,2.0569
-3.0889892578125,2.05695
-3.03497314453125,2.0570000000000004
-2.77008056640625,2.0570500000000003
-2.6904296875,2.0571
-2.98553466796875,2.0571500000000005
-2.947998046875,2.0572000000000004
-3.06365966796875,2.0572500000000002
-2.98553466796875,2.0573
-2.91595458984375,2.0573500000000005
-2.86041259765625,2.0574000000000003
-3.2354736328125,2.0574500000000002
-2.8741455078125,2.0575
-3.056640625,2.0575500000000004
-3.1378173828125,2.0576000000000003
-3.1585693359375,2.05765
-3.0206298828125,2.0577
-3.36181640625,2.0577500000000004
-3.2977294921875,2.0578000000000003
-3.34991455078125,2.05785
-3.22265625,2.0579
-3.24188232421875,2.0579500000000004
-3.0029296875,2.0580000000000003
-2.9779052734375,2.05805
-3.458251953125,2.0581000000000005
-3.5809326171875,2.0581500000000004
-3.15704345703125,2.0582000000000003
-3.2666015625,2.05825
-3.431396484375,2.0583000000000005
-3.6041259765625,2.0583500000000003
-3.5260009765625,2.0584000000000002
-3.2464599609375,2.05845
-3.70635986328125,2.0585000000000004
-3.3087158203125,2.0585500000000003
-3.6761474609375,2.0586
-3.7518310546875,2.05865
-3.6688232421875,2.0587000000000004
-3.45611572265625,2.0587500000000003
-3.83270263671875,2.0588
-3.57818603515625,2.05885
-3.79241943359375,2.0589000000000004
-3.753662109375,2.0589500000000003
-3.5894775390625,2.059
-3.24371337890625,2.05905
-3.57391357421875,2.0591000000000004
-3.5601806640625,2.0591500000000003
-3.3770751953125,2.0592
-3.67340087890625,2.0592500000000005
-3.43170166015625,2.0593000000000004
-3.232421875,2.0593500000000002
-3.30474853515625,2.0594
-3.076171875,2.0594500000000004
-3.0889892578125,2.0595000000000003
-3.28521728515625,2.05955
-3.17291259765625,2.0596
-3.07098388671875,2.0596500000000004
-2.80181884765625,2.0597000000000003
-3.1341552734375,2.05975
-2.88238525390625,2.0598
-2.82073974609375,2.0598500000000004
-2.45758056640625,2.0599000000000003
-2.32574462890625,2.05995
-2.45819091796875,2.06
-2.34161376953125,2.0600500000000004
-2.31597900390625,2.0601000000000003
-2.24639892578125,2.06015
-2.4053955078125,2.0602000000000005
-2.2772216796875,2.0602500000000004
-2.79388427734375,2.0603000000000002
-2.77740478515625,2.06035
-2.72064208984375,2.0604000000000005
-2.99591064453125,2.0604500000000003
-2.80731201171875,2.0605
-3.013916015625,2.06055
-3.40728759765625,2.0606000000000004
-3.18634033203125,2.0606500000000003
-2.996826171875,2.0607
-3.4210205078125,2.06075
-3.3013916015625,2.0608000000000004
-2.923583984375,2.0608500000000003
-3.28033447265625,2.0609
-3.460693359375,2.06095
-3.2049560546875,2.0610000000000004
-2.9571533203125,2.0610500000000003
-3.17291259765625,2.0611
-3.20343017578125,2.0611500000000005
-3.2818603515625,2.0612000000000004
-3.31512451171875,2.0612500000000002
-3.47412109375,2.0613
-2.8204345703125,2.0613500000000005
-3.08868408203125,2.0614000000000003
-3.46527099609375,2.0614500000000002
-3.21502685546875,2.0615
-3.02276611328125,2.0615500000000004
-3.0279541015625,2.0616000000000003
-3.00201416015625,2.06165
-2.93182373046875,2.0617
-3.10211181640625,2.0617500000000004
-3.08135986328125,2.0618000000000003
-3.0609130859375,2.06185
-2.92999267578125,2.0619
-3.284912109375,2.0619500000000004
-3.0853271484375,2.0620000000000003
-3.192138671875,2.06205
-3.004150390625,2.0621000000000005
-3.14544677734375,2.0621500000000004
-2.65045166015625,2.0622000000000003
-3.04229736328125,2.06225
-2.8564453125,2.0623000000000005
-3.00994873046875,2.0623500000000003
-3.23516845703125,2.0624000000000002
-3.05999755859375,2.06245
-2.69500732421875,2.0625000000000004
-2.74749755859375,2.0625500000000003
-3.12225341796875,2.0626
-3.0194091796875,2.06265
-3.1884765625,2.0627000000000004
-2.94158935546875,2.0627500000000003
-3.20709228515625,2.0628
-3.16497802734375,2.06285
-3.3465576171875,2.0629000000000004
-3.03070068359375,2.0629500000000003
-3.31146240234375,2.063
-3.0914306640625,2.06305
-3.4490966796875,2.0631000000000004
-3.35296630859375,2.0631500000000003
-3.27301025390625,2.0632
-3.29071044921875,2.0632500000000005
-3.26568603515625,2.0633000000000004
-3.17474365234375,2.0633500000000002
-3.1988525390625,2.0634
-3.10760498046875,2.0634500000000005
-3.2977294921875,2.0635000000000003
-3.114013671875,2.06355
-3.18084716796875,2.0636
-3.05023193359375,2.0636500000000004
-2.9791259765625,2.0637000000000003
-3.42803955078125,2.06375
-3.32366943359375,2.0638
-3.0926513671875,2.0638500000000004
-3.48663330078125,2.0639000000000003
-3.148193359375,2.06395
-3.06243896484375,2.064
-3.3758544921875,2.0640500000000004
-3.5394287109375,2.0641000000000003
-3.39263916015625,2.06415
-2.92083740234375,2.0642000000000005
-3.2476806640625,2.0642500000000004
-3.34503173828125,2.0643000000000002
-3.26141357421875,2.06435
-3.27392578125,2.0644000000000005
-3.232421875,2.0644500000000003
-2.88330078125,2.0645000000000002
-3.03466796875,2.06455
-3.0902099609375,2.0646000000000004
-3.096923828125,2.0646500000000003
-3.111572265625,2.0647
-2.9998779296875,2.06475
-2.9864501953125,2.0648000000000004
-2.82562255859375,2.0648500000000003
-3.289794921875,2.0649
-3.328857421875,2.06495
-3.121337890625,2.0650000000000004
-3.251953125,2.0650500000000003
-3.4356689453125,2.0651
-3.27667236328125,2.0651500000000005
-3.28887939453125,2.0652000000000004
-3.49578857421875,2.0652500000000003
-3.46282958984375,2.0653
-2.8875732421875,2.0653500000000005
-3.30169677734375,2.0654000000000003
-3.22052001953125,2.0654500000000002
-3.17138671875,2.0655
-3.28826904296875,2.0655500000000004
-3.15399169921875,2.0656000000000003
-3.0499267578125,2.06565
-3.24981689453125,2.0657
-3.2122802734375,2.0657500000000004
-3.2794189453125,2.0658000000000003
-3.3001708984375,2.06585
-3.20648193359375,2.0659
-3.30963134765625,2.0659500000000004
-3.116455078125,2.0660000000000003
-3.11370849609375,2.06605
-2.890625,2.0661
-3.11126708984375,2.0661500000000004
-2.75604248046875,2.0662000000000003
-3.06610107421875,2.06625
-2.83966064453125,2.0663000000000005
-3.0303955078125,2.0663500000000004
-3.06427001953125,2.0664000000000002
-2.97821044921875,2.06645
-2.81707763671875,2.0665000000000004
-3.28582763671875,2.0665500000000003
-3.1341552734375,2.0666
-3.34930419921875,2.06665
-3.05206298828125,2.0667000000000004
-3.0902099609375,2.0667500000000003
-2.8216552734375,2.0668
-2.939453125,2.06685
-3.43841552734375,2.0669000000000004
-3.06915283203125,2.0669500000000003
-2.68585205078125,2.067
-2.91839599609375,2.06705
-3.06060791015625,2.0671000000000004
-2.57049560546875,2.0671500000000003
-2.89031982421875,2.0672
-2.843017578125,2.0672500000000005
-2.8436279296875,2.0673000000000004
-2.79815673828125,2.0673500000000002
-2.85430908203125,2.0674
-2.706298828125,2.0674500000000005
-2.6641845703125,2.0675000000000003
-2.93670654296875,2.06755
-2.9449462890625,2.0676
-2.52166748046875,2.0676500000000004
-2.62481689453125,2.0677000000000003
-2.7496337890625,2.06775
-3.01788330078125,2.0678
-2.4212646484375,2.0678500000000004
-2.9364013671875,2.0679000000000003
-2.51617431640625,2.06795
-2.79144287109375,2.068
-2.913818359375,2.0680500000000004
-3.05328369140625,2.0681000000000003
-2.7789306640625,2.06815
-2.84881591796875,2.0682000000000005
-2.9315185546875,2.0682500000000004
-2.904052734375,2.0683000000000002
-2.783203125,2.06835
-3.07830810546875,2.0684000000000005
-2.8125,2.0684500000000003
-2.5921630859375,2.0685000000000002
-2.94952392578125,2.06855
-2.90283203125,2.0686000000000004
-2.81890869140625,2.0686500000000003
-2.57232666015625,2.0687
-2.911376953125,2.06875
-2.6983642578125,2.0688000000000004
-2.86651611328125,2.0688500000000003
-3.0615234375,2.0689
-2.7630615234375,2.06895
-2.9638671875,2.0690000000000004
-3.07159423828125,2.0690500000000003
-2.97943115234375,2.0691
-2.86376953125,2.0691500000000005
-3.18206787109375,2.0692000000000004
-2.94036865234375,2.0692500000000003
-3.0963134765625,2.0693
-2.73284912109375,2.0693500000000005
-3.084716796875,2.0694000000000004
-3.0682373046875,2.0694500000000002
-3.0999755859375,2.0695
-3.09295654296875,2.0695500000000004
-2.91107177734375,2.0696000000000003
-2.94952392578125,2.06965
-3.138427734375,2.0697
-3.22296142578125,2.0697500000000004
-3.15032958984375,2.0698000000000003
-2.73193359375,2.06985
-3.11767578125,2.0699
-2.73590087890625,2.0699500000000004
-2.77313232421875,2.0700000000000003
-3.189697265625,2.07005
-2.78045654296875,2.0701
-2.77069091796875,2.0701500000000004
-2.8033447265625,2.0702000000000003
-2.95684814453125,2.07025
-2.9241943359375,2.0703000000000005
-3.06976318359375,2.0703500000000004
-3.30108642578125,2.0704000000000002
-3.07708740234375,2.07045
-3.09295654296875,2.0705000000000005
-3.31817626953125,2.0705500000000003
-3.07861328125,2.0706
-3.128662109375,2.07065
-3.33160400390625,2.0707000000000004
-3.3380126953125,2.0707500000000003
-2.94830322265625,2.0708
-3.1683349609375,2.07085
-3.35296630859375,2.0709000000000004
-3.42620849609375,2.0709500000000003
-2.97576904296875,2.071
-3.34320068359375,2.07105
-3.33282470703125,2.0711000000000004
-3.35296630859375,2.0711500000000003
-3.2928466796875,2.0712
-3.43963623046875,2.0712500000000005
-3.12713623046875,2.0713000000000004
-3.02337646484375,2.0713500000000002
-3.42620849609375,2.0714
-3.408203125,2.0714500000000005
-3.1549072265625,2.0715000000000003
-3.1304931640625,2.0715500000000002
-3.0889892578125,2.0716
-2.9718017578125,2.0716500000000004
-3.2275390625,2.0717000000000003
-3.22601318359375,2.07175
-3.23089599609375,2.0718
-3.19732666015625,2.0718500000000004
-3.36822509765625,2.0719000000000003
-3.0120849609375,2.07195
-3.07220458984375,2.072
-3.24127197265625,2.0720500000000004
-3.22357177734375,2.0721000000000003
-2.98583984375,2.07215
-3.05267333984375,2.0722000000000005
-3.1219482421875,2.0722500000000004
-3.03436279296875,2.0723000000000003
-3.1884765625,2.07235
-3.111572265625,2.0724000000000005
-2.9193115234375,2.0724500000000003
-3.043212890625,2.0725000000000002
-3.07220458984375,2.07255
-3.1048583984375,2.0726000000000004
-3.04931640625,2.0726500000000003
-2.99163818359375,2.0727
-2.9522705078125,2.07275
-2.86834716796875,2.0728000000000004
-3.20648193359375,2.0728500000000003
-3.2379150390625,2.0729
-2.947998046875,2.07295
-2.6251220703125,2.0730000000000004
-3.0255126953125,2.0730500000000003
-2.84576416015625,2.0731
-2.94281005859375,2.07315
-3.0706787109375,2.0732000000000004
-3.104248046875,2.0732500000000003
-2.8778076171875,2.0733
-2.85888671875,2.0733500000000005
-3.1298828125,2.0734000000000004
-2.86285400390625,2.0734500000000002
-3.10089111328125,2.0735
-3.0810546875,2.0735500000000004
-3.1414794921875,2.0736000000000003
-2.9083251953125,2.07365
-3.16864013671875,2.0737
-3.23455810546875,2.0737500000000004
-3.03436279296875,2.0738000000000003
-3.16314697265625,2.07385
-3.07861328125,2.0739
-2.734375,2.0739500000000004
-3.09783935546875,2.0740000000000003
-3.0047607421875,2.07405
-2.97515869140625,2.0741
-3.01055908203125,2.0741500000000004
-3.08868408203125,2.0742000000000003
-3.2049560546875,2.07425
-3.16802978515625,2.0743000000000005
-2.989501953125,2.0743500000000004
-3.48541259765625,2.0744000000000002
-2.90802001953125,2.07445
-2.91534423828125,2.0745000000000005
-3.3843994140625,2.0745500000000003
-3.10577392578125,2.0746
-3.0621337890625,2.07465
-2.9278564453125,2.0747000000000004
-3.02154541015625,2.0747500000000003
-2.8240966796875,2.0748
-2.94830322265625,2.07485
-3.1878662109375,2.0749000000000004
-3.0560302734375,2.0749500000000003
-2.9730224609375,2.075
-3.148193359375,2.07505
-2.93121337890625,2.0751000000000004
-3.0877685546875,2.0751500000000003
-3.17169189453125,2.0752
-3.39447021484375,2.07525
-2.64312744140625,2.0753000000000004
-2.926025390625,2.0753500000000003
-3.00750732421875,2.0754
-3.089599609375,2.07545
-2.9669189453125,2.0755000000000003
-2.9949951171875,2.0755500000000002
-2.7117919921875,2.0756
-2.8155517578125,2.07565
-2.84332275390625,2.0757000000000003
-2.94677734375,2.07575
-2.99346923828125,2.0758
-2.6629638671875,2.0758500000000004
-3.057861328125,2.0759000000000003
-2.967529296875,2.07595
-2.87811279296875,2.076
-2.96722412109375,2.0760500000000004
-2.8985595703125,2.0761000000000003
-2.7105712890625,2.07615
-3.12286376953125,2.0762
-2.82989501953125,2.0762500000000004
-2.9742431640625,2.0763000000000003
-3.050537109375,2.07635
-3.14697265625,2.0764
-2.78839111328125,2.0764500000000004
-2.8497314453125,2.0765000000000002
-3.10211181640625,2.07655
-2.98187255859375,2.0766
-2.95989990234375,2.0766500000000003
-2.9132080078125,2.0767
-3.23883056640625,2.07675
-3.1011962890625,2.0768000000000004
-3.40484619140625,2.0768500000000003
-3.470458984375,2.0769
-2.89947509765625,2.07695
-3.15673828125,2.0770000000000004
-3.24188232421875,2.0770500000000003
-2.98675537109375,2.0771
-3.0084228515625,2.07715
-2.87109375,2.0772000000000004
-2.87811279296875,2.0772500000000003
-2.95166015625,2.0773
-2.82440185546875,2.07735
-3.16650390625,2.0774000000000004
-2.97821044921875,2.0774500000000002
-2.72796630859375,2.0775
-3.177490234375,2.07755
-3.1683349609375,2.0776000000000003
-2.93487548828125,2.07765
-3.6016845703125,2.0777
-3.29925537109375,2.07775
-3.2666015625,2.0778000000000003
-3.32916259765625,2.07785
-3.419189453125,2.0779
-3.08685302734375,2.0779500000000004
-3.3984375,2.0780000000000003
-3.34136962890625,2.07805
-3.3087158203125,2.0781
-3.1964111328125,2.0781500000000004
-3.017578125,2.0782000000000003
-3.304443359375,2.07825
-3.30108642578125,2.0783
-3.26263427734375,2.0783500000000004
-3.60076904296875,2.0784000000000002
-3.1646728515625,2.07845
-3.2568359375,2.0785
-3.34686279296875,2.0785500000000003
-3.505859375,2.0786000000000002
-3.41796875,2.07865
-3.57147216796875,2.0787
-3.4442138671875,2.0787500000000003
-3.65020751953125,2.0788
-3.438720703125,2.07885
-3.75701904296875,2.0789000000000004
-3.51348876953125,2.0789500000000003
-3.0322265625,2.079
-3.4857177734375,2.07905
-3.19610595703125,2.0791000000000004
-3.3013916015625,2.0791500000000003
-3.15460205078125,2.0792
-3.33221435546875,2.07925
-2.93914794921875,2.0793000000000004
-3.2257080078125,2.0793500000000003
-3.31634521484375,2.0794
-3.21746826171875,2.07945
-3.29681396484375,2.0795000000000003
-3.36181640625,2.0795500000000002
-3.08135986328125,2.0796
-3.26416015625,2.07965
-3.49853515625,2.0797000000000003
-3.40087890625,2.07975
-3.27423095703125,2.0798
-3.07891845703125,2.0798500000000004
-3.26629638671875,2.0799000000000003
-2.90679931640625,2.07995
-3.2733154296875,2.08
-3.14117431640625,2.0800500000000004
-2.89215087890625,2.0801000000000003
-3.09295654296875,2.08015
-3.265380859375,2.0802
-3.1298828125,2.0802500000000004
-3.404541015625,2.0803000000000003
-3.0133056640625,2.08035
-3.39752197265625,2.0804
-3.148193359375,2.0804500000000004
-3.1365966796875,2.0805000000000002
-3.37677001953125,2.08055
-3.0963134765625,2.0806
-2.87689208984375,2.0806500000000003
-3.08380126953125,2.0807
-2.97821044921875,2.08075
-2.89306640625,2.0808
-3.369140625,2.0808500000000003
-3.3819580078125,2.0809
-3.33251953125,2.08095
-3.1390380859375,2.0810000000000004
-3.28338623046875,2.0810500000000003
-3.1378173828125,2.0811
-3.22662353515625,2.08115
-3.509521484375,2.0812000000000004
-3.521728515625,2.0812500000000003
-3.3587646484375,2.0813
-3.51837158203125,2.08135
-3.6688232421875,2.0814000000000004
-3.54949951171875,2.0814500000000002
-3.2952880859375,2.0815
-3.5333251953125,2.08155
-3.10089111328125,2.0816000000000003
-3.24188232421875,2.0816500000000002
-3.29498291015625,2.0817
-3.28216552734375,2.08175
-3.27392578125,2.0818000000000003
-3.1182861328125,2.08185
-3.074951171875,2.0819
-3.14697265625,2.0819500000000004
-3.1085205078125,2.0820000000000003
-2.93731689453125,2.08205
-3.2635498046875,2.0821
-2.8070068359375,2.0821500000000004
-3.1549072265625,2.0822000000000003
-3.062744140625,2.08225
-3.02764892578125,2.0823
-2.9766845703125,2.0823500000000004
-3.11065673828125,2.0824000000000003
-2.75848388671875,2.08245
-2.70721435546875,2.0825
-3.03863525390625,2.0825500000000003
-3.0010986328125,2.0826000000000002
-2.7191162109375,2.08265
-2.7813720703125,2.0827
-2.783203125,2.0827500000000003
-2.9852294921875,2.0828
-3.216552734375,2.08285
-3.20709228515625,2.0829000000000004
-2.93304443359375,2.0829500000000003
-2.70751953125,2.083
-2.8497314453125,2.08305
-2.8448486328125,2.0831000000000004
-2.91168212890625,2.0831500000000003
-2.6898193359375,2.0832
-2.77557373046875,2.08325
-2.486572265625,2.0833000000000004
-2.691650390625,2.0833500000000003
-2.7294921875,2.0834
-2.5628662109375,2.08345
-2.3980712890625,2.0835000000000004
-2.86376953125,2.0835500000000002
-2.63153076171875,2.0836
-2.82623291015625,2.08365
-2.92022705078125,2.0837000000000003
-3.01544189453125,2.08375
-2.83599853515625,2.0838
-2.886962890625,2.0838500000000004
-3.00262451171875,2.0839000000000003
-2.74810791015625,2.08395
-3.12591552734375,2.084
-3.1292724609375,2.0840500000000004
-3.31756591796875,2.0841000000000003
-3.02093505859375,2.08415
-3.1256103515625,2.0842
-3.34625244140625,2.0842500000000004
-3.27728271484375,2.0843000000000003
-3.48358154296875,2.08435
-3.5931396484375,2.0844
-3.33099365234375,2.0844500000000004
-3.7005615234375,2.0845000000000002
-3.62884521484375,2.08455
-3.4283447265625,2.0846
-3.4649658203125,2.0846500000000003
-3.45947265625,2.0847
-3.44390869140625,2.08475
-3.4002685546875,2.0848
-3.25347900390625,2.0848500000000003
-3.64776611328125,2.0849
-3.34228515625,2.08495
-3.1451416015625,2.0850000000000004
-3.31939697265625,2.0850500000000003
-3.1103515625,2.0851
-3.3056640625,2.08515
-3.155517578125,2.0852000000000004
-3.3062744140625,2.0852500000000003
-2.972412109375,2.0853
-3.331298828125,2.08535
-3.6932373046875,2.0854000000000004
-3.44940185546875,2.0854500000000002
-3.160400390625,2.0855
-3.3038330078125,2.08555
-2.913818359375,2.0856000000000003
-2.994384765625,2.0856500000000002
-3.0322265625,2.0857
-3.01361083984375,2.08575
-2.7154541015625,2.0858000000000003
-2.72705078125,2.08585
-2.67791748046875,2.0859
-2.6104736328125,2.0859500000000004
-2.75146484375,2.0860000000000003
-2.91717529296875,2.08605
-2.70782470703125,2.0861
-2.4884033203125,2.0861500000000004
-2.81158447265625,2.0862000000000003
-3.01910400390625,2.08625
-2.9876708984375,2.0863
-2.6556396484375,2.0863500000000004
-2.99957275390625,2.0864000000000003
-2.62359619140625,2.08645
-2.89215087890625,2.0865
-3.00079345703125,2.0865500000000003
-3.1744384765625,2.0866000000000002
-2.95013427734375,2.08665
-3.07342529296875,2.0867
-3.197021484375,2.0867500000000003
-3.30413818359375,2.0868
-3.3306884765625,2.08685
-3.68743896484375,2.0869000000000004
-3.448486328125,2.0869500000000003
-3.23150634765625,2.087
-3.555908203125,2.08705
-3.350830078125,2.0871000000000004
-3.4521484375,2.0871500000000003
-3.29193115234375,2.0872
-3.27392578125,2.08725
-3.155517578125,2.0873000000000004
-3.3990478515625,2.0873500000000003
-3.388671875,2.0874
-2.98095703125,2.08745
-3.1536865234375,2.0875000000000004
-2.95135498046875,2.0875500000000002
-2.742919921875,2.0876
-2.8582763671875,2.08765
-2.7789306640625,2.0877000000000003
-2.69866943359375,2.08775
-2.5360107421875,2.0878
-2.40447998046875,2.08785
-2.78961181640625,2.0879000000000003
-2.45086669921875,2.08795
-2.4560546875,2.088
-2.5274658203125,2.0880500000000004
-2.47406005859375,2.0881000000000003
-2.38250732421875,2.08815
-2.7569580078125,2.0882
-2.54364013671875,2.0882500000000004
-2.701416015625,2.0883000000000003
-2.62054443359375,2.08835
-2.68585205078125,2.0884
-2.2955322265625,2.0884500000000004
-2.4371337890625,2.0885000000000002
-2.7984619140625,2.08855
-2.75054931640625,2.0886
-2.56103515625,2.0886500000000003
-2.50091552734375,2.0887000000000002
-2.62908935546875,2.08875
-2.57965087890625,2.0888
-2.7960205078125,2.0888500000000003
-3.0059814453125,2.0889
-2.72186279296875,2.08895
-2.8680419921875,2.0890000000000004
-2.738037109375,2.0890500000000003
-2.8912353515625,2.0891
-2.83935546875,2.08915
-3.04656982421875,2.0892000000000004
-2.8240966796875,2.0892500000000003
-2.73773193359375,2.0893
-2.720947265625,2.08935
-3.01849365234375,2.0894000000000004
-2.72613525390625,2.0894500000000003
-2.58270263671875,2.0895
-2.7838134765625,2.08955
-2.59185791015625,2.0896000000000003
-2.66082763671875,2.0896500000000002
-2.6214599609375,2.0897
-2.7117919921875,2.08975
-2.3870849609375,2.0898000000000003
-2.69256591796875,2.08985
-2.90252685546875,2.0899
-3.1072998046875,2.0899500000000004
-2.92083740234375,2.0900000000000003
-3.08258056640625,2.09005
-3.00201416015625,2.0901
-2.76580810546875,2.0901500000000004
-2.996826171875,2.0902000000000003
-2.9150390625,2.09025
-3.11004638671875,2.0903
-3.05694580078125,2.0903500000000004
-3.13629150390625,2.0904000000000003
-2.7203369140625,2.09045
-3.11798095703125,2.0905
-3.23089599609375,2.0905500000000004
-3.0706787109375,2.0906000000000002
-3.00079345703125,2.09065
-3.3770751953125,2.0907
-3.28826904296875,2.0907500000000003
-3.32183837890625,2.0908
-3.32550048828125,2.09085
-3.2635498046875,2.0909000000000004
-3.12652587890625,2.0909500000000003
-2.99102783203125,2.091
-3.20281982421875,2.09105
-2.9241943359375,2.0911000000000004
-2.994384765625,2.0911500000000003
-2.87353515625,2.0912
-2.9644775390625,2.09125
-3.0859375,2.0913000000000004
-3.1787109375,2.0913500000000003
-3.44329833984375,2.0914
-3.24249267578125,2.09145
-3.28460693359375,2.0915000000000004
-3.31268310546875,2.0915500000000002
-3.0279541015625,2.0916
-3.0401611328125,2.09165
-3.39630126953125,2.0917000000000003
-3.28826904296875,2.09175
-2.7899169921875,2.0918
-2.935791015625,2.09185
-3.14117431640625,2.0919000000000003
-2.862548828125,2.09195
-2.99224853515625,2.092
-3.1787109375,2.0920500000000004
-2.90008544921875,2.0921000000000003
-2.86346435546875,2.09215
-3.14178466796875,2.0922
-3.28369140625,2.0922500000000004
-3.05816650390625,2.0923000000000003
-3.27117919921875,2.09235
-3.31573486328125,2.0924
-2.84393310546875,2.0924500000000004
-3.23272705078125,2.0925000000000002
-3.05999755859375,2.09255
-3.10577392578125,2.0926
-2.94189453125,2.0926500000000003
-2.67333984375,2.0927000000000002
-2.85247802734375,2.09275
-2.987060546875,2.0928
-2.93548583984375,2.0928500000000003
-3.1005859375,2.0929
-2.6080322265625,2.09295
-2.51708984375,2.0930000000000004
-3.2421875,2.0930500000000003
-3.16131591796875,2.0931
-2.9150390625,2.09315
-2.850341796875,2.0932000000000004
-2.99163818359375,2.0932500000000003
-2.9083251953125,2.0933
-3.21868896484375,2.09335
-3.26629638671875,2.0934000000000004
-3.06304931640625,2.0934500000000003
-2.84576416015625,2.0935
-3.04351806640625,2.09355
-3.02154541015625,2.0936000000000003
-3.16192626953125,2.0936500000000002
-3.031005859375,2.0937
-3.2763671875,2.09375
-2.867431640625,2.0938000000000003
-2.91412353515625,2.09385
-3.11248779296875,2.0939
-2.8778076171875,2.0939500000000004
-3.048095703125,2.0940000000000003
-3.14544677734375,2.09405
-2.764892578125,2.0941
-3.00048828125,2.0941500000000004
-3.08502197265625,2.0942000000000003
-3.0218505859375,2.09425
-2.9705810546875,2.0943
-2.703857421875,2.0943500000000004
-3.1890869140625,2.0944000000000003
-3.01788330078125,2.09445
-2.9278564453125,2.0945
-3.0517578125,2.0945500000000004
-3.18817138671875,2.0946000000000002
-3.03985595703125,2.09465
-2.89764404296875,2.0947
-2.8564453125,2.0947500000000003
-2.90802001953125,2.0948
-2.97576904296875,2.09485
-3.0548095703125,2.0949
-2.906494140625,2.0949500000000003
-2.70294189453125,2.095
-2.923583984375,2.09505
-2.76763916015625,2.0951000000000004
-2.79632568359375,2.0951500000000003
-2.95074462890625,2.0952
-3.221435546875,2.09525
-2.884521484375,2.0953000000000004
-3.09234619140625,2.0953500000000003
-3.369140625,2.0954
-3.17047119140625,2.09545
-3.03375244140625,2.0955000000000004
-3.1646728515625,2.0955500000000002
-2.85491943359375,2.0956
-2.92083740234375,2.09565
-2.8851318359375,2.0957000000000003
-2.991943359375,2.0957500000000002
-2.94097900390625,2.0958
-2.6629638671875,2.09585
-3.10028076171875,2.0959000000000003
-3.17138671875,2.09595
-3.048095703125,2.096
-2.99285888671875,2.0960500000000004
-3.0035400390625,2.0961000000000003
-2.847900390625,2.09615
-3.4307861328125,2.0962
-3.38134765625,2.0962500000000004
-3.173828125,2.0963000000000003
-3.04412841796875,2.09635
-3.0584716796875,2.0964
-3.05450439453125,2.0964500000000004
-3.06427001953125,2.0965000000000003
-3.232421875,2.09655
-3.15338134765625,2.0966
-2.99346923828125,2.0966500000000003
-3.040771484375,2.0967000000000002
-3.3258056640625,2.09675
-3.32855224609375,2.0968
-3.15277099609375,2.0968500000000003
-3.5687255859375,2.0969
-3.1121826171875,2.09695
-3.11126708984375,2.0970000000000004
-3.2073974609375,2.0970500000000003
-3.03955078125,2.0971
-3.22540283203125,2.09715
-2.9559326171875,2.0972000000000004
-3.0712890625,2.0972500000000003
-3.01788330078125,2.0973
-3.01483154296875,2.09735
-3.1170654296875,2.0974000000000004
-3.11614990234375,2.0974500000000003
-2.55706787109375,2.0975
-2.98126220703125,2.09755
-3.017578125,2.0976000000000004
-3.06427001953125,2.0976500000000002
-3.29620361328125,2.0977
-3.441162109375,2.09775
-3.154296875,2.0978000000000003
-3.509521484375,2.09785
-3.4783935546875,2.0979
-3.2611083984375,2.0979500000000004
-3.39111328125,2.0980000000000003
-3.199462890625,2.09805
-3.26995849609375,2.0981
-3.1085205078125,2.0981500000000004
-3.27850341796875,2.0982000000000003
-3.4625244140625,2.09825
-3.0914306640625,2.0983
-3.001708984375,2.0983500000000004
-3.31878662109375,2.0984000000000003
-3.06182861328125,2.09845
-3.17535400390625,2.0985
-3.0914306640625,2.0985500000000004
-3.2952880859375,2.0986000000000002
-3.0096435546875,2.09865
-3.42926025390625,2.0987
-3.23394775390625,2.0987500000000003
-3.32550048828125,2.0988
-3.20098876953125,2.09885
-3.14117431640625,2.0989
-3.1768798828125,2.0989500000000003
-2.733154296875,2.099
-3.11920166015625,2.09905
-3.02581787109375,2.0991000000000004
-3.0694580078125,2.0991500000000003
-2.8802490234375,2.0992
-3.074951171875,2.09925
-2.88604736328125,2.0993000000000004
-3.056640625,2.0993500000000003
-3.2366943359375,2.0994
-3.16070556640625,2.09945
-2.84393310546875,2.0995000000000004
-3.12042236328125,2.0995500000000002
-3.14483642578125,2.0996
-3.13140869140625,2.09965
-2.9547119140625,2.0997000000000003
-3.18634033203125,2.0997500000000002
-3.04718017578125,2.0998
-3.04718017578125,2.09985
-3.045654296875,2.0999000000000003
-2.9705810546875,2.09995
-2.947998046875,2.1
-2.8515625,2.10005
-2.85552978515625,2.1001000000000003
-2.81585693359375,2.10015
-3.0047607421875,2.1002
-3.06182861328125,2.10025
-3.0511474609375,2.1003000000000003
-2.7423095703125,2.10035
-2.90924072265625,2.1004
-3.1317138671875,2.10045
-2.974853515625,2.1005000000000003
-2.84454345703125,2.10055
-3.02032470703125,2.1006
-2.80975341796875,2.10065
-3.0224609375,2.1007000000000002
-3.1707763671875,2.10075
-2.93701171875,2.1008
-2.97882080078125,2.10085
-3.02490234375,2.1009
-2.987060546875,2.10095
-2.6751708984375,2.101
-2.86956787109375,2.1010500000000003
-2.91839599609375,2.1011
-2.789306640625,2.10115
-2.965087890625,2.1012
-2.86834716796875,2.1012500000000003
-2.78472900390625,2.1013
-3.02520751953125,2.10135
-2.9901123046875,2.1014
-3.06793212890625,2.1014500000000003
-2.77618408203125,2.1015
-3.017578125,2.10155
-2.904052734375,2.1016
-2.80853271484375,2.1016500000000002
-2.62359619140625,2.1017
-3.104248046875,2.10175
-2.63092041015625,2.1018
-2.6593017578125,2.10185
-2.95989990234375,2.1019
-2.7978515625,2.10195
-2.6959228515625,2.102
-2.60040283203125,2.10205
-2.8717041015625,2.1021
-2.6165771484375,2.10215
-2.9473876953125,2.1022000000000003
-3.0267333984375,2.10225
-3.052978515625,2.1023
-2.628173828125,2.10235
-2.79449462890625,2.1024000000000003
-2.72735595703125,2.10245
-2.74017333984375,2.1025
-3.00445556640625,2.10255
-2.91351318359375,2.1026000000000002
-2.65411376953125,2.10265
-2.90191650390625,2.1027
-3.03375244140625,2.10275
-2.80242919921875,2.1028000000000002
-2.9473876953125,2.10285
-2.886962890625,2.1029
-2.938232421875,2.10295
-2.81890869140625,2.103
-2.95013427734375,2.10305
-2.88787841796875,2.1031
-3.1097412109375,2.1031500000000003
-2.73040771484375,2.1032
-3.07403564453125,2.10325
-2.95135498046875,2.1033
-3.07647705078125,2.1033500000000003
-3.2672119140625,2.1034
-3.0267333984375,2.10345
-2.90252685546875,2.1035
-3.02276611328125,2.1035500000000003
-3.06976318359375,2.1036
-3.05511474609375,2.10365
-2.95135498046875,2.1037
-3.1072998046875,2.1037500000000002
-3.03863525390625,2.1038
-3.05267333984375,2.10385
-3.17596435546875,2.1039
-3.06884765625,2.10395
-3.04351806640625,2.104
-3.179931640625,2.10405
-3.5247802734375,2.1041000000000003
-3.001708984375,2.10415
-3.28765869140625,2.1042
-3.4674072265625,2.10425
-3.24127197265625,2.1043000000000003
-3.09234619140625,2.10435
-3.128662109375,2.1044
-3.0572509765625,2.10445
-2.93731689453125,2.1045000000000003
-2.91412353515625,2.10455
-3.04656982421875,2.1046
-2.91717529296875,2.10465
-2.830810546875,2.1047000000000002
-3.14361572265625,2.10475
-3.026123046875,2.1048
-2.76031494140625,2.10485
-2.93853759765625,2.1049
-2.852783203125,2.10495
-2.72857666015625,2.105
-3.2830810546875,2.1050500000000003
-3.2232666015625,2.1051
-3.2012939453125,2.10515
-3.08074951171875,2.1052
-3.39080810546875,2.1052500000000003
-3.23455810546875,2.1053
-3.280029296875,2.10535
-3.16680908203125,2.1054
-3.33984375,2.1054500000000003
-2.93792724609375,2.1055
-3.06671142578125,2.10555
-3.11767578125,2.1056
-2.90557861328125,2.1056500000000002
-3.1524658203125,2.1057
-2.98095703125,2.10575
-2.83416748046875,2.1058
-2.79022216796875,2.10585
-2.78656005859375,2.1059
-2.9327392578125,2.10595
-2.9248046875,2.106
-2.9302978515625,2.10605
-3.18206787109375,2.1061
-2.808837890625,2.10615
-2.862548828125,2.1062000000000003
-3.2061767578125,2.10625
-3.2281494140625,2.1063
-2.59918212890625,2.10635
-3.0194091796875,2.1064000000000003
-3.18328857421875,2.10645
-3.19610595703125,2.1065
-3.238525390625,2.10655
-3.25653076171875,2.1066000000000003
-2.96875,2.10665
-3.3123779296875,2.1067
-3.619384765625,2.10675
-3.42620849609375,2.1068000000000002
-3.56903076171875,2.10685
-3.1390380859375,2.1069
-3.5565185546875,2.10695
-3.587646484375,2.107
-3.408203125,2.10705
-3.26080322265625,2.1071
-3.4063720703125,2.1071500000000003
-3.199462890625,2.1072
-3.54034423828125,2.10725
-3.0108642578125,2.1073
-3.31939697265625,2.1073500000000003
-3.0279541015625,2.1074
-3.08380126953125,2.10745
-3.160400390625,2.1075
-2.9547119140625,2.1075500000000003
-3.2073974609375,2.1076
-3.231201171875,2.10765
-3.046875,2.1077
-3.3087158203125,2.1077500000000002
-2.81890869140625,2.1078
-2.88787841796875,2.10785
-3.50677490234375,2.1079
-3.40484619140625,2.10795
-3.05450439453125,2.108
-3.01910400390625,2.10805
-3.355712890625,2.1081000000000003
-3.14697265625,2.10815
-3.49700927734375,2.1082
-3.4539794921875,2.10825
-3.09051513671875,2.1083000000000003
-3.162841796875,2.10835
-3.24798583984375,2.1084
-3.310546875,2.10845
-3.089599609375,2.1085000000000003
-3.44268798828125,2.10855
-3.29437255859375,2.1086
-3.232421875,2.10865
-3.22296142578125,2.1087000000000002
-3.3233642578125,2.10875
-3.28338623046875,2.1088
-3.19915771484375,2.10885
-3.36273193359375,2.1089
-3.30810546875,2.10895
-3.21624755859375,2.109
-3.03314208984375,2.10905
-3.131103515625,2.1091
-3.25714111328125,2.10915
-2.6788330078125,2.1092
-3.1707763671875,2.1092500000000003
-3.231201171875,2.1093
-2.88665771484375,2.10935
-2.98431396484375,2.1094
-3.11248779296875,2.1094500000000003
-2.70416259765625,2.1095
-2.802734375,2.10955
-3.11553955078125,2.1096
-3.22021484375,2.1096500000000002
-3.0206298828125,2.1097
-3.172607421875,2.10975
-3.05023193359375,2.1098
-3.226318359375,2.1098500000000002
-3.1854248046875,2.1099
-3.26263427734375,2.10995
-3.1689453125,2.11
-3.21533203125,2.11005
-3.28338623046875,2.1101
-3.245849609375,2.11015
-3.380126953125,2.1102000000000003
-3.08502197265625,2.11025
-3.24310302734375,2.1103
-3.15765380859375,2.11035
-3.2708740234375,2.1104000000000003
-3.2763671875,2.11045
-3.34716796875,2.1105
-3.1500244140625,2.11055
-3.44757080078125,2.1106000000000003
-3.42193603515625,2.11065
-3.49151611328125,2.1107
-4.0496826171875,2.11075
-3.98651123046875,2.1108000000000002
-3.60076904296875,2.11085
-3.590087890625,2.1109
-3.812255859375,2.11095
-3.6688232421875,2.111
-3.94500732421875,2.11105
-3.90167236328125,2.1111
-3.63739013671875,2.1111500000000003
-3.53179931640625,2.1112
-3.95355224609375,2.11125
-3.63616943359375,2.1113
-3.62518310546875,2.1113500000000003
-3.7103271484375,2.1114
-3.82965087890625,2.11145
-3.714599609375,2.1115
-3.712158203125,2.1115500000000003
-3.80157470703125,2.1116
-3.6407470703125,2.11165
-3.86138916015625,2.1117
-3.2672119140625,2.1117500000000002
-3.40240478515625,2.1118
-3.382568359375,2.11185
-3.3551025390625,2.1119
-3.26904296875,2.11195
-3.1097412109375,2.112
-2.806396484375,2.11205
-3.15826416015625,2.1121000000000003
-2.9229736328125,2.11215
-2.90130615234375,2.1122
-3.0810546875,2.11225
-2.781982421875,2.1123000000000003
-2.53265380859375,2.11235
-2.965087890625,2.1124
-3.34014892578125,2.11245
-2.87109375,2.1125000000000003
-2.66021728515625,2.11255
-2.95928955078125,2.1126
-3.1512451171875,2.11265
-2.9119873046875,2.1127000000000002
-3.2275390625,2.11275
-3.0963134765625,2.1128
-2.955322265625,2.11285
-2.97119140625,2.1129000000000002
-3.2415771484375,2.11295
-3.21258544921875,2.113
-3.28338623046875,2.11305
-3.5833740234375,2.1131
-3.63800048828125,2.11315
-3.28582763671875,2.1132
-3.46893310546875,2.1132500000000003
-3.76556396484375,2.1133
-3.9886474609375,2.11335
-3.32672119140625,2.1134
-3.57025146484375,2.1134500000000003
-3.5284423828125,2.1135
-3.23883056640625,2.11355
-3.638916015625,2.1136
-3.51165771484375,2.1136500000000003
-2.86651611328125,2.1137
-3.18603515625,2.11375
-3.2769775390625,2.1138
-3.08746337890625,2.1138500000000002
-3.16680908203125,2.1139
-3.2257080078125,2.11395
-3.1298828125,2.114
-2.96356201171875,2.11405
-3.42132568359375,2.1141
-3.3966064453125,2.11415
-3.49334716796875,2.1142000000000003
-3.3380126953125,2.11425
-3.5150146484375,2.1143
-3.23455810546875,2.11435
-3.2989501953125,2.1144000000000003
-3.16864013671875,2.11445
-3.16314697265625,2.1145
-3.4173583984375,2.11455
-3.23211669921875,2.1146000000000003
-3.2330322265625,2.11465
-3.294677734375,2.1147
-3.4307861328125,2.11475
-3.41888427734375,2.1148000000000002
-3.3001708984375,2.11485
-3.1695556640625,2.1149
-3.34320068359375,2.11495
-3.59466552734375,2.115
-3.360595703125,2.11505
-3.16192626953125,2.1151
-3.40057373046875,2.1151500000000003
-3.22601318359375,2.1152
-3.5418701171875,2.11525
-3.60443115234375,2.1153
-3.30535888671875,2.1153500000000003
-3.0560302734375,2.1154
-3.48663330078125,2.11545
-3.1903076171875,2.1155
-3.37432861328125,2.1155500000000003
-3.7841796875,2.1156
-3.3843994140625,2.11565
-3.23638916015625,2.1157
-3.11798095703125,2.1157500000000002
-3.60504150390625,2.1158
-3.49212646484375,2.11585
-3.233642578125,2.1159
-3.427734375,2.11595
-3.52996826171875,2.116
-3.4814453125,2.11605
-3.61328125,2.1161
-3.45367431640625,2.11615
-3.57757568359375,2.1162
-3.37493896484375,2.11625
-3.4820556640625,2.1163000000000003
-3.21533203125,2.11635
-3.287353515625,2.1164
-3.36944580078125,2.11645
-3.56109619140625,2.1165000000000003
-3.0865478515625,2.11655
-3.2452392578125,2.1166
-3.41766357421875,2.11665
-3.2958984375,2.1167000000000002
-3.3355712890625,2.11675
-3.2952880859375,2.1168
-2.87841796875,2.11685
-2.72918701171875,2.1169000000000002
-3.3282470703125,2.11695
-3.30902099609375,2.117
-3.10150146484375,2.11705
-3.11767578125,2.1171
-3.3001708984375,2.11715
-3.0908203125,2.1172
-3.2708740234375,2.1172500000000003
-3.05877685546875,2.1173
-3.3233642578125,2.11735
-3.1231689453125,2.1174
-3.42132568359375,2.1174500000000003
-3.447265625,2.1175
-3.419189453125,2.11755
-3.380126953125,2.1176
-3.44696044921875,2.1176500000000003
-3.289794921875,2.1177
-3.089599609375,2.11775
-3.3050537109375,2.1178
-3.13446044921875,2.1178500000000002
-3.17596435546875,2.1179
-2.99835205078125,2.11795
-3.07159423828125,2.118
-3.16741943359375,2.11805
-3.18450927734375,2.1181
-3.26751708984375,2.11815
-3.17291259765625,2.1182000000000003
-2.7001953125,2.11825
-3.0572509765625,2.1183
-2.84332275390625,2.11835
-3.09478759765625,2.1184000000000003
-3.2440185546875,2.11845
-3.14453125,2.1185
-2.8656005859375,2.11855
-3.36578369140625,2.1186000000000003
-3.15155029296875,2.11865
-3.221435546875,2.1187
-3.31298828125,2.11875
-3.0584716796875,2.1188000000000002
-3.07281494140625,2.11885
-2.9644775390625,2.1189
-3.131103515625,2.11895
-2.9241943359375,2.119
-3.26629638671875,2.11905
-2.745361328125,2.1191
-3.2342529296875,2.1191500000000003
-3.0389404296875,2.1192
-3.046875,2.11925
-3.14910888671875,2.1193
-3.1982421875,2.1193500000000003
-2.8857421875,2.1194
-3.0853271484375,2.11945
-2.8955078125,2.1195
-3.06915283203125,2.1195500000000003
-3.12408447265625,2.1196
-2.82470703125,2.11965
-2.90496826171875,2.1197
-2.6470947265625,2.1197500000000002
-2.9742431640625,2.1198
-2.85308837890625,2.11985
-2.74261474609375,2.1199
-2.83599853515625,2.1199500000000002
-2.7947998046875,2.12
-2.54058837890625,2.12005
-3.2025146484375,2.1201
-3.045654296875,2.12015
-2.9766845703125,2.1202
-2.56378173828125,2.12025
-2.9205322265625,2.1203000000000003
-2.79205322265625,2.12035
-2.689208984375,2.1204
-2.7886962890625,2.12045
-2.802734375,2.1205000000000003
-2.886962890625,2.12055
-2.54913330078125,2.1206
-2.6226806640625,2.12065
-2.8717041015625,2.1207000000000003
-2.84454345703125,2.12075
-2.69927978515625,2.1208
-2.886962890625,2.12085
-2.550048828125,2.1209000000000002
-3.0718994140625,2.12095
-2.99346923828125,2.121
-2.857666015625,2.12105
-2.666015625,2.1211
-2.58209228515625,2.12115
-2.90283203125,2.1212
-2.87200927734375,2.1212500000000003
-2.9901123046875,2.1213
-2.78900146484375,2.12135
-2.2674560546875,2.1214
-2.88330078125,2.1214500000000003
-2.86834716796875,2.1215
-2.64129638671875,2.12155
-2.88421630859375,2.1216
-2.79449462890625,2.1216500000000003
-2.75848388671875,2.1217
-2.8045654296875,2.12175
-2.78839111328125,2.1218
-2.77587890625,2.1218500000000002
-2.98583984375,2.1219
-3.00506591796875,2.12195
-2.9937744140625,2.122
-3.04840087890625,2.12205
-3.09814453125,2.1221
-3.08868408203125,2.12215
-3.08563232421875,2.1222000000000003
-2.65472412109375,2.12225
-2.8485107421875,2.1223
-2.9376220703125,2.12235
-2.97271728515625,2.1224000000000003
-3.0108642578125,2.12245
-3.27423095703125,2.1225
-3.10302734375,2.12255
-3.3233642578125,2.1226000000000003
-3.4918212890625,2.12265
-3.387451171875,2.1227
-3.26202392578125,2.12275
-3.23516845703125,2.1228000000000002
-3.39263916015625,2.12285
-3.076171875,2.1229
-3.4381103515625,2.12295
-3.38348388671875,2.123
-3.109130859375,2.12305
-2.998046875,2.1231
-3.29986572265625,2.12315
-2.97119140625,2.1232
-3.1817626953125,2.12325
-3.170166015625,2.1233
-3.40118408203125,2.1233500000000003
-3.1591796875,2.1234
-3.38897705078125,2.12345
-3.26751708984375,2.1235
-3.4075927734375,2.1235500000000003
-3.1158447265625,2.1236
-3.20068359375,2.12365
-3.27850341796875,2.1237
-2.67486572265625,2.1237500000000002
-3.204345703125,2.1238
-3.12835693359375,2.12385
-3.03802490234375,2.1239
-2.9315185546875,2.1239500000000002
-3.06549072265625,2.124
-2.96295166015625,2.12405
-3.33770751953125,2.1241
-3.3465576171875,2.12415
-3.11676025390625,2.1242
-3.05450439453125,2.12425
-3.09173583984375,2.1243000000000003
-3.27789306640625,2.12435
-3.31787109375,2.1244
-3.197021484375,2.12445
-3.067626953125,2.1245000000000003
-2.94342041015625,2.12455
-3.18695068359375,2.1246
-3.09417724609375,2.12465
-3.07159423828125,2.1247000000000003
-2.98583984375,2.12475
-2.99957275390625,2.1248
-3.1304931640625,2.12485
-2.94464111328125,2.1249000000000002
-3.13995361328125,2.12495
-2.75390625,2.125
-3.2049560546875,2.12505
-2.86895751953125,2.1251
-2.85858154296875,2.12515
-2.9815673828125,2.1252
-3.01361083984375,2.12525
-2.7252197265625,2.1253
-3.0303955078125,2.12535
-2.840576171875,2.1254
-2.85430908203125,2.12545
-2.92877197265625,2.1255
-3.0413818359375,2.12555
-2.6727294921875,2.1256
-2.80548095703125,2.12565
-2.63946533203125,2.1257
-2.686767578125,2.12575
-3.1817626953125,2.1258
-2.90557861328125,2.1258500000000002
-2.635498046875,2.1259
-3.07098388671875,2.12595
-3.0999755859375,2.126
-3.05389404296875,2.12605
-3.2177734375,2.1261
-3.14666748046875,2.12615
-3.13018798828125,2.1262
-2.886962890625,2.12625
-3.1646728515625,2.1263
-3.0133056640625,2.12635
-2.9986572265625,2.1264
-3.1097412109375,2.12645
-3.143310546875,2.1265
-2.923583984375,2.12655
-2.92755126953125,2.1266
-2.92755126953125,2.12665
-3.19061279296875,2.1267
-2.96630859375,2.12675
-2.82073974609375,2.1268000000000002
-3.116455078125,2.12685
-2.9852294921875,2.1269
-3.055419921875,2.12695
-3.03009033203125,2.1270000000000002
-3.06427001953125,2.12705
-2.81402587890625,2.1271
-3.045654296875,2.12715
-2.999267578125,2.1272
-2.92388916015625,2.12725
-3.24859619140625,2.1273
-2.89398193359375,2.12735
-2.65625,2.1274
-3.131103515625,2.12745
-3.07952880859375,2.1275
-3.12286376953125,2.12755
-2.90802001953125,2.1276
-2.73834228515625,2.12765
-3.16497802734375,2.1277
-3.089599609375,2.12775
-2.9571533203125,2.1278
-2.94952392578125,2.12785
-3.14361572265625,2.1279
-2.89642333984375,2.1279500000000002
-3.11920166015625,2.128
-2.8765869140625,2.12805
-2.92449951171875,2.1281
-2.7490234375,2.12815
-2.974853515625,2.1282
-2.6556396484375,2.12825
-2.8143310546875,2.1283
-2.84881591796875,2.12835
-2.95013427734375,2.1284
-2.79937744140625,2.12845
-2.79693603515625,2.1285
-2.90069580078125,2.12855
-3.00537109375,2.1286
-3.0755615234375,2.12865
-3.22052001953125,2.1287
-2.68829345703125,2.12875
-2.926025390625,2.1288
-2.89276123046875,2.12885
-2.65228271484375,2.1289000000000002
-3.22235107421875,2.12895
-2.80181884765625,2.129
-2.79296875,2.12905
-2.72796630859375,2.1291
-2.89031982421875,2.12915
-2.83355712890625,2.1292
-2.91046142578125,2.12925
-2.88238525390625,2.1293
-3.101806640625,2.12935
-2.8509521484375,2.1294
-2.884521484375,2.12945
-2.8643798828125,2.1295
-3.111572265625,2.12955
-2.74017333984375,2.1296
-3.033447265625,2.12965
-2.71209716796875,2.1297
-2.76824951171875,2.12975
-3.028564453125,2.1298
-3.1988525390625,2.1298500000000002
-2.82012939453125,2.1299
-3.03131103515625,2.12995
-3.2781982421875,2.13
-3.12591552734375,2.13005
-3.19427490234375,2.1301
-3.2342529296875,2.13015
-3.13018798828125,2.1302
-2.8765869140625,2.13025
-3.27117919921875,2.1303
-3.33892822265625,2.13035
-3.11309814453125,2.1304
-3.12255859375,2.13045
-3.16650390625,2.1305
-2.9833984375,2.13055
-3.09356689453125,2.1306
-3.055419921875,2.13065
-3.04840087890625,2.1307
-3.21990966796875,2.13075
-3.09356689453125,2.1308
-3.18328857421875,2.13085
-3.06793212890625,2.1309
-3.29345703125,2.13095
-2.91259765625,2.1310000000000002
-3.05816650390625,2.13105
-2.53631591796875,2.1311
-2.879638671875,2.13115
-3.00689697265625,2.1312
-2.7783203125,2.13125
-2.67303466796875,2.1313
-2.8826904296875,2.13135
-2.61962890625,2.1314
-2.8485107421875,2.13145
-2.8912353515625,2.1315
-2.70233154296875,2.13155
-2.52960205078125,2.1316
-2.940673828125,2.13165
-2.72796630859375,2.1317
-2.86590576171875,2.13175
-3.21014404296875,2.1318
-3.1103515625,2.13185
-2.70477294921875,2.1319
-2.75543212890625,2.1319500000000002
-3.23394775390625,2.132
-3.02032470703125,2.13205
-3.0426025390625,2.1321
-2.926025390625,2.13215
-3.09783935546875,2.1322
-3.13232421875,2.13225
-3.24310302734375,2.1323
-2.8521728515625,2.13235
-3.1243896484375,2.1324
-3.08868408203125,2.13245
-3.2257080078125,2.1325
-3.07037353515625,2.13255
-3.028564453125,2.1326
-3.1414794921875,2.13265
-3.36090087890625,2.1327
-2.9388427734375,2.13275
-3.17596435546875,2.1328
-3.336181640625,2.13285
-3.3270263671875,2.1329000000000002
-3.17169189453125,2.13295
-3.43353271484375,2.133
-3.01849365234375,2.13305
-3.29345703125,2.1331
-3.6529541015625,2.13315
-3.699951171875,2.1332
-3.41888427734375,2.13325
-3.514404296875,2.1333
-3.40362548828125,2.13335
-3.135986328125,2.1334
-3.48785400390625,2.13345
-3.44879150390625,2.1335
-3.35418701171875,2.13355
-3.095703125,2.1336
-3.28765869140625,2.13365
-3.16558837890625,2.1337
-3.10302734375,2.13375
-3.18939208984375,2.1338
-3.18450927734375,2.1338500000000002
-3.111572265625,2.1339
-3.0816650390625,2.13395
-3.17779541015625,2.134
-3.09356689453125,2.1340500000000002
-3.1317138671875,2.1341
-2.9315185546875,2.13415
-2.99407958984375,2.1342
-2.79510498046875,2.13425
-3.07952880859375,2.1343
-2.93182373046875,2.13435
-2.96295166015625,2.1344
-2.6763916015625,2.13445
-2.94586181640625,2.1345
-2.9107666015625,2.13455
-3.06365966796875,2.1346
-3.2562255859375,2.13465
-2.93731689453125,2.1347
-2.86224365234375,2.13475
-3.24371337890625,2.1348
-3.0810546875,2.13485
-3.1341552734375,2.1349
-3.0810546875,2.13495
-3.096923828125,2.1350000000000002
-2.99774169921875,2.13505
-2.87017822265625,2.1351
-3.0084228515625,2.13515
-2.874755859375,2.1352
-3.02001953125,2.13525
-2.91900634765625,2.1353
-3.043212890625,2.13535
-2.93731689453125,2.1354
-2.98553466796875,2.13545
-3.05450439453125,2.1355
-2.81951904296875,2.13555
-2.80364990234375,2.1356
-3.04962158203125,2.13565
-2.801513671875,2.1357
-3.02337646484375,2.13575
-3.01177978515625,2.1358
-3.10272216796875,2.13585
-3.22601318359375,2.1359
-3.365478515625,2.1359500000000002
-3.414306640625,2.136
-3.5443115234375,2.13605
-3.1732177734375,2.1361
-3.73321533203125,2.13615
-3.243408203125,2.1362
-3.3465576171875,2.13625
-4.04876708984375,2.1363
-3.8140869140625,2.13635
-3.590087890625,2.1364
-3.4814453125,2.13645
-3.72283935546875,2.1365
-3.55133056640625,2.13655
-3.71185302734375,2.1366
-3.62152099609375,2.13665
-3.51104736328125,2.1367
-3.4783935546875,2.13675
-3.58795166015625,2.1368
-3.41949462890625,2.13685
-3.555908203125,2.1369000000000002
-3.5186767578125,2.13695
-3.91510009765625,2.137
-3.3404541015625,2.13705
-3.44390869140625,2.1371
-3.760986328125,2.13715
-3.62274169921875,2.1372
-3.43658447265625,2.13725
-3.4619140625,2.1373
-3.28094482421875,2.13735
-3.4063720703125,2.1374
-3.29742431640625,2.13745
-3.289794921875,2.1375
-3.22906494140625,2.13755
-2.7789306640625,2.1376
-3.16802978515625,2.13765
-3.1036376953125,2.1377
-2.90924072265625,2.13775
-2.9632568359375,2.1378
-2.779541015625,2.13785
-2.7032470703125,2.1379
-3.04779052734375,2.13795
-2.82257080078125,2.138
-2.82989501953125,2.1380500000000002
-2.82196044921875,2.1381
-2.84942626953125,2.13815
-2.59918212890625,2.1382
-2.711181640625,2.13825
-2.92266845703125,2.1383
-2.75665283203125,2.13835
-2.77801513671875,2.1384
-2.764892578125,2.13845
-3.12042236328125,2.1385
-2.9998779296875,2.13855
-3.065185546875,2.1386
-3.5040283203125,2.13865
-2.89886474609375,2.1387
-3.05755615234375,2.13875
-3.460693359375,2.1388
-2.9754638671875,2.13885
-3.05908203125,2.1389
-3.037109375,2.13895
-2.86346435546875,2.1390000000000002
-3.0352783203125,2.13905
-2.92236328125,2.1391
-3.20556640625,2.13915
-3.095703125,2.1392
-2.65045166015625,2.13925
-2.89886474609375,2.1393
-2.90435791015625,2.13935
-2.73651123046875,2.1394
-2.999267578125,2.13945
-2.989501953125,2.1395
-2.7764892578125,2.13955
-2.7789306640625,2.1396
-2.83111572265625,2.13965
-2.64678955078125,2.1397
-2.78900146484375,2.13975
-2.73284912109375,2.1398
-2.7447509765625,2.13985
-2.67181396484375,2.1399
-2.490234375,2.1399500000000002
-2.72796630859375,2.14
-2.75299072265625,2.14005
-2.37030029296875,2.1401
-2.752685546875,2.14015
-2.3809814453125,2.1402
-2.34344482421875,2.14025
-2.43927001953125,2.1403
-2.626953125,2.14035
-2.3272705078125,2.1404
-2.83477783203125,2.14045
-2.576904296875,2.1405
-2.78350830078125,2.14055
-2.79541015625,2.1406
-2.94464111328125,2.14065
-2.677001953125,2.1407
-2.4078369140625,2.14075
-2.86376953125,2.1408
-2.88177490234375,2.14085
-2.7911376953125,2.1409000000000002
-2.65899658203125,2.14095
-2.82806396484375,2.141
-2.67547607421875,2.14105
-3.03924560546875,2.1411000000000002
-3.1524658203125,2.14115
-2.9083251953125,2.1412
-2.91412353515625,2.14125
-3.00994873046875,2.1413
-2.77923583984375,2.14135
-2.95318603515625,2.1414
-2.87200927734375,2.14145
-2.83355712890625,2.1415
-2.716064453125,2.14155
-2.5439453125,2.1416
-2.7984619140625,2.14165
-2.54974365234375,2.1417
-2.64984130859375,2.14175
-2.72430419921875,2.1418
-2.4273681640625,2.14185
-2.61505126953125,2.1419
-3.07769775390625,2.14195
-2.9034423828125,2.142
-2.6666259765625,2.1420500000000002
-2.95989990234375,2.1421
-2.94677734375,2.14215
-2.9998779296875,2.1422
-3.04962158203125,2.14225
-3.01422119140625,2.1423
-3.21624755859375,2.14235
-3.0426025390625,2.1424
-3.016357421875,2.14245
-3.0682373046875,2.1425
-3.0279541015625,2.14255
-3.17596435546875,2.1426
-3.37982177734375,2.14265
-3.1207275390625,2.1427
-3.17535400390625,2.14275
-3.2208251953125,2.1428
-3.10272216796875,2.14285
-3.304443359375,2.1429
-3.37158203125,2.14295
-3.15643310546875,2.1430000000000002
-3.01422119140625,2.14305
-3.15155029296875,2.1431
-3.27239990234375,2.14315
-3.24859619140625,2.1432
-2.96875,2.14325
-3.221435546875,2.1433
-2.94647216796875,2.14335
-2.82440185546875,2.1434
-2.90557861328125,2.14345
-3.12774658203125,2.1435
-2.650146484375,2.14355
-3.0230712890625,2.1436
-3.18115234375,2.14365
-3.29315185546875,2.1437
-3.0572509765625,2.14375
-2.97760009765625,2.1438
-3.11431884765625,2.14385
-2.86224365234375,2.1439
-3.15582275390625,2.1439500000000002
-3.20587158203125,2.144
-3.1085205078125,2.14405
-2.94921875,2.1441
-2.88970947265625,2.1441500000000002
-2.83355712890625,2.1442
-2.92022705078125,2.14425
-3.11676025390625,2.1443
-2.92449951171875,2.14435
-2.68035888671875,2.1444
-3.0389404296875,2.14445
-3.0987548828125,2.1445
-3.17169189453125,2.14455
-3.0255126953125,2.1446
-3.11981201171875,2.14465
-3.0096435546875,2.1447
-3.14544677734375,2.14475
-2.9931640625,2.1448
-3.1884765625,2.14485
-3.1964111328125,2.1449
-2.91473388671875,2.14495
-3.1109619140625,2.145
-3.08319091796875,2.14505
-3.43109130859375,2.1451000000000002
-3.355712890625,2.14515
-3.1097412109375,2.1452
-3.17108154296875,2.14525
-3.4130859375,2.1453
-3.36395263671875,2.14535
-3.3355712890625,2.1454
-3.204345703125,2.14545
-3.2867431640625,2.1455
-3.0023193359375,2.14555
-3.28338623046875,2.1456
-3.22021484375,2.14565
-2.957763671875,2.1457
-2.99285888671875,2.14575
-3.04351806640625,2.1458
-3.08441162109375,2.14585
-2.8094482421875,2.1459
-2.84698486328125,2.14595
-3.20709228515625,2.146
-2.84759521484375,2.1460500000000002
-2.96051025390625,2.1461
-3.03253173828125,2.14615
-2.7789306640625,2.1462
-2.9779052734375,2.14625
-3.06610107421875,2.1463
-2.90618896484375,2.14635
-3.00445556640625,2.1464
-3.138427734375,2.14645
-3.1829833984375,2.1465
-3.1207275390625,2.14655
-2.95684814453125,2.1466
-3.106689453125,2.14665
-2.71514892578125,2.1467
-2.95928955078125,2.14675
-3.14666748046875,2.1468
-3.189697265625,2.14685
-3.1158447265625,2.1469
-3.0218505859375,2.14695
-3.13751220703125,2.1470000000000002
-3.2049560546875,2.14705
-3.33526611328125,2.1471
-3.4722900390625,2.14715
-3.1317138671875,2.1472
-3.118896484375,2.14725
-3.05908203125,2.1473
-3.18115234375,2.14735
-3.01300048828125,2.1474
-3.060302734375,2.14745
-3.01544189453125,2.1475
-2.75665283203125,2.14755
-2.84088134765625,2.1476
-2.923583984375,2.14765
-2.97760009765625,2.1477
-2.9290771484375,2.14775
-3.170166015625,2.1478
-2.90435791015625,2.14785
-3.1622314453125,2.1479
-3.2415771484375,2.1479500000000002
-3.4130859375,2.148
-3.03558349609375,2.14805
-2.8466796875,2.1481
-3.1536865234375,2.1481500000000002
-3.2403564453125,2.1482
-3.17108154296875,2.14825
-2.99957275390625,2.1483
-3.18511962890625,2.14835
-2.91107177734375,2.1484
-3.21868896484375,2.14845
-3.2958984375,2.1485
-3.20831298828125,2.14855
-3.3648681640625,2.1486
-3.20587158203125,2.14865
-3.01483154296875,2.1487
-3.6016845703125,2.14875
-3.5308837890625,2.1488
-3.211669921875,2.14885
-3.25927734375,2.1489
-3.50921630859375,2.14895
-3.5675048828125,2.149
-3.22235107421875,2.14905
-3.1964111328125,2.1491000000000002
-3.4588623046875,2.14915
-3.0426025390625,2.1492
-3.3087158203125,2.14925
-3.162841796875,2.1493
-3.10821533203125,2.14935
-3.24951171875,2.1494
-3.5650634765625,2.14945
-3.29803466796875,2.1495
-3.22998046875,2.14955
-3.63372802734375,2.1496
-3.72314453125,2.14965
-3.5528564453125,2.1497
-3.447265625,2.14975
-3.2965087890625,2.1498
-3.11920166015625,2.14985
-3.1890869140625,2.1499
-3.3770751953125,2.14995
-3.45855712890625,2.15
-3.095703125,2.15005
-3.3056640625,2.1501
-3.126220703125,2.15015
-3.19915771484375,2.1502
-3.223876953125,2.1502499999999998
-3.4002685546875,2.1503
-3.19580078125,2.15035
-3.48968505859375,2.1504
-3.42071533203125,2.1504499999999998
-3.6077880859375,2.1505
-3.33526611328125,2.15055
-3.375244140625,2.1506
-3.4197998046875,2.1506499999999997
-2.93060302734375,2.1507
-3.31634521484375,2.15075
-3.0810546875,2.1508
-3.10577392578125,2.1508499999999997
-3.07464599609375,2.1509
-3.24981689453125,2.15095
-3.1756591796875,2.151
-3.441162109375,2.15105
-3.43719482421875,2.1511
-3.21197509765625,2.15115
-2.91412353515625,2.1512
-3.13720703125,2.15125
-3.31512451171875,2.1513
-3.282470703125,2.15135
-3.21380615234375,2.1513999999999998
-3.16162109375,2.15145
-3.21197509765625,2.1515
-2.9168701171875,2.15155
-3.2989501953125,2.1515999999999997
-3.3709716796875,2.15165
-3.00384521484375,2.1517
-3.15521240234375,2.15175
-3.253173828125,2.1517999999999997
-3.20556640625,2.15185
-3.4649658203125,2.1519
-3.23577880859375,2.15195
-3.1378173828125,2.1519999999999997
-3.10333251953125,2.15205
-3.094482421875,2.1521
-3.070068359375,2.15215
-3.00689697265625,2.1522
-2.99957275390625,2.15225
-2.87811279296875,2.1523
-2.62939453125,2.1523499999999998
-3.0548095703125,2.1524
-2.9156494140625,2.15245
-2.94158935546875,2.1525
-2.77496337890625,2.1525499999999997
-2.921142578125,2.1526
-2.85308837890625,2.15265
-2.91229248046875,2.1527
-2.9486083984375,2.1527499999999997
-2.98309326171875,2.1528
-2.93182373046875,2.15285
-2.81158447265625,2.1529
-2.89642333984375,2.1529499999999997
-2.943115234375,2.153
-2.825927734375,2.15305
-2.945556640625,2.1531
-2.825927734375,2.15315
-2.362060546875,2.1532
-2.79205322265625,2.15325
-2.7392578125,2.1532999999999998
-2.66387939453125,2.15335
-2.75604248046875,2.1534
-3.08074951171875,2.15345
-2.74505615234375,2.1534999999999997
-2.96234130859375,2.15355
-2.987060546875,2.1536
-2.96295166015625,2.15365
-2.7325439453125,2.1536999999999997
-2.779541015625,2.15375
-2.70721435546875,2.1538
-2.56988525390625,2.15385
-2.79815673828125,2.1538999999999997
-2.930908203125,2.15395
-2.75146484375,2.154
-2.63153076171875,2.15405
-2.744140625,2.1541
-2.98065185546875,2.15415
-2.87841796875,2.1542
-3.05816650390625,2.1542499999999998
-2.89337158203125,2.1543
-2.83294677734375,2.15435
-2.99072265625,2.1544
-3.05145263671875,2.1544499999999998
-3.25286865234375,2.1545
-2.8240966796875,2.15455
-2.825927734375,2.1546
-2.784423828125,2.1546499999999997
-2.81341552734375,2.1547
-2.81036376953125,2.15475
-2.8753662109375,2.1548
-2.76153564453125,2.1548499999999997
-2.8485107421875,2.1549
-2.994384765625,2.15495
-3.01910400390625,2.155
-2.9510498046875,2.15505
-3.23150634765625,2.1551
-3.0218505859375,2.15515
-2.900390625,2.1552
-3.1072998046875,2.15525
-2.95806884765625,2.1553
-2.98919677734375,2.15535
-3.1353759765625,2.1553999999999998
-2.7972412109375,2.15545
-2.9241943359375,2.1555
-3.19580078125,2.15555
-2.969970703125,2.1555999999999997
-3.1597900390625,2.15565
-2.71575927734375,2.1557
-2.97882080078125,2.15575
-2.89337158203125,2.1557999999999997
-2.87567138671875,2.15585
-3.00262451171875,2.1559
-2.99072265625,2.15595
-3.05938720703125,2.1559999999999997
-3.00262451171875,2.15605
-3.08685302734375,2.1561
-2.9534912109375,2.15615
-2.86834716796875,2.1562
-2.9132080078125,2.15625
-2.9412841796875,2.1563
-2.8033447265625,2.1563499999999998
-3.121337890625,2.1564
-2.89276123046875,2.15645
-3.0908203125,2.1565
-2.840576171875,2.1565499999999997
-3.055419921875,2.1566
-2.63946533203125,2.15665
-2.89947509765625,2.1567
-3.09967041015625,2.1567499999999997
-3.18359375,2.1568
-2.5811767578125,2.15685
-3.15673828125,2.1569
-2.9119873046875,2.1569499999999997
-3.10333251953125,2.157
-3.1280517578125,2.15705
-2.83111572265625,2.1571
-2.82562255859375,2.15715
-2.92205810546875,2.1572
-2.78717041015625,2.15725
-2.87994384765625,2.1572999999999998
-3.1298828125,2.15735
-2.8814697265625,2.1574
-2.80975341796875,2.15745
-2.8985595703125,2.1574999999999998
-3.16436767578125,2.15755
-3.1976318359375,2.1576
-3.2598876953125,2.15765
-2.82318115234375,2.1576999999999997
-3.0859375,2.15775
-3.34564208984375,2.1578
-3.2440185546875,2.15785
-2.98553466796875,2.1578999999999997
-3.3697509765625,2.15795
-3.331298828125,2.158
-3.284912109375,2.15805
-3.328857421875,2.1581
-3.363037109375,2.15815
-3.23150634765625,2.1582
-3.39569091796875,2.15825
-3.3062744140625,2.1583
-3.13232421875,2.15835
-3.45977783203125,2.1584
-3.6553955078125,2.1584499999999998
-3.24432373046875,2.1585
-3.25469970703125,2.15855
-3.1646728515625,2.1586
-2.95013427734375,2.1586499999999997
-3.39569091796875,2.1587
-3.24066162109375,2.15875
-2.97515869140625,2.1588
-2.9791259765625,2.1588499999999997
-3.03131103515625,2.1589
-2.96600341796875,2.15895
-3.11920166015625,2.159
-3.22998046875,2.1590499999999997
-3.0450439453125,2.1591
-2.6605224609375,2.15915
-3.043212890625,2.1592
-3.14239501953125,2.15925
-3.0084228515625,2.1593
-3.10150146484375,2.15935
-3.13934326171875,2.1593999999999998
-3.20556640625,2.15945
-3.17230224609375,2.1595
-3.2208251953125,2.15955
-3.17047119140625,2.1595999999999997
-3.3294677734375,2.15965
-2.99560546875,2.1597
-3.30078125,2.15975
-3.00872802734375,2.1597999999999997
-3.12744140625,2.15985
-3.16253662109375,2.1599
-3.14727783203125,2.15995
-2.8485107421875,2.1599999999999997
-3.37890625,2.16005
-3.23577880859375,2.1601
-3.00048828125,2.16015
-3.33770751953125,2.1602
-3.0975341796875,2.16025
-2.80914306640625,2.1603
-3.126220703125,2.1603499999999998
-3.06976318359375,2.1604
-3.10211181640625,2.16045
-3.092041015625,2.1605
-2.698974609375,2.1605499999999997
-2.9290771484375,2.1606
-2.803955078125,2.16065
-2.89459228515625,2.1607
-2.9510498046875,2.1607499999999997
-2.96417236328125,2.1608
-2.6763916015625,2.16085
-2.95318603515625,2.1609
-2.85400390625,2.1609499999999997
-2.8436279296875,2.161
-2.64404296875,2.16105
-2.73956298828125,2.1611
-2.5555419921875,2.16115
-2.63885498046875,2.1612
-2.66326904296875,2.16125
-2.9345703125,2.1612999999999998
-2.66265869140625,2.16135
-2.85308837890625,2.1614
-3.0072021484375,2.16145
-2.84881591796875,2.1614999999999998
-2.884521484375,2.16155
-3.24981689453125,2.1616
-2.62359619140625,2.16165
-3.26934814453125,2.1616999999999997
-2.96417236328125,2.16175
-3.01239013671875,2.1618
-3.50341796875,2.16185
-3.43017578125,2.1618999999999997
-3.12042236328125,2.16195
-3.09661865234375,2.162
-3.475341796875,2.16205
-3.45458984375,2.1621
-3.660888671875,2.16215
-3.49334716796875,2.1622
-3.673095703125,2.16225
-3.44970703125,2.1623
-3.818359375,2.16235
-3.58123779296875,2.1624
-3.82049560546875,2.1624499999999998
-3.597412109375,2.1625
-3.8037109375,2.16255
-3.75396728515625,2.1626
-3.607177734375,2.1626499999999997
-3.73291015625,2.1627
-3.8690185546875,2.16275
-3.687744140625,2.1628
-3.50341796875,2.1628499999999997
-3.7420654296875,2.1629
-3.6334228515625,2.16295
-3.6212158203125,2.163
-3.3984375,2.1630499999999997
-3.5565185546875,2.1631
-3.23883056640625,2.16315
-3.54156494140625,2.1632
-3.6322021484375,2.16325
-3.2257080078125,2.1633
-3.306884765625,2.16335
-3.1719970703125,2.1633999999999998
-2.72552490234375,2.16345
-3.11553955078125,2.1635
-3.09814453125,2.16355
-2.99896240234375,2.1635999999999997
-2.83538818359375,2.16365
-2.572021484375,2.1637
-2.9638671875,2.16375
-2.84820556640625,2.1637999999999997
-2.67791748046875,2.16385
-2.77008056640625,2.1639
-2.74169921875,2.16395
-2.46063232421875,2.1639999999999997
-2.90924072265625,2.16405
-2.97119140625,2.1641
-2.9931640625,2.16415
-2.8521728515625,2.1642
-3.01422119140625,2.16425
-2.86376953125,2.1643
-3.07037353515625,2.1643499999999998
-3.2208251953125,2.1644
-3.34014892578125,2.16445
-3.1683349609375,2.1645
-3.31787109375,2.1645499999999998
-3.48846435546875,2.1646
-3.29315185546875,2.16465
-3.45947265625,2.1647
-3.5205078125,2.1647499999999997
-2.772216796875,2.1648
-3.226318359375,2.16485
-3.3184814453125,2.1649
-3.06396484375,2.1649499999999997
-3.20770263671875,2.165
-3.275146484375,2.16505
-3.09417724609375,2.1651
-2.9034423828125,2.16515
-3.1207275390625,2.1652
-3.0181884765625,2.16525
-3.15521240234375,2.1653
-2.87689208984375,2.16535
-3.07708740234375,2.1654
-3.06671142578125,2.16545
-2.86102294921875,2.1654999999999998
-2.94281005859375,2.16555
-2.88787841796875,2.1656
-2.9132080078125,2.16565
-2.88421630859375,2.1656999999999997
-2.9925537109375,2.16575
-2.8778076171875,2.1658
-2.88848876953125,2.16585
-3.046875,2.1658999999999997
-2.923583984375,2.16595
-2.8778076171875,2.166
-3.10943603515625,2.16605
-3.084716796875,2.1660999999999997
-2.91168212890625,2.16615
-2.92266845703125,2.1662
-2.89764404296875,2.16625
-2.7447509765625,2.1663
-3.1719970703125,2.16635
-3.27972412109375,2.1664
-3.2281494140625,2.1664499999999998
-2.9290771484375,2.1665
-3.31573486328125,2.16655
-3.0230712890625,2.1666
-3.30108642578125,2.1666499999999997
-3.284912109375,2.1667
-3.2733154296875,2.16675
-3.1646728515625,2.1668
-3.01361083984375,2.1668499999999997
-3.2342529296875,2.1669
-3.2635498046875,2.16695
-3.14666748046875,2.167
-3.3087158203125,2.1670499999999997
-3.28521728515625,2.1671
-3.197021484375,2.16715
-3.443603515625,2.1672
-3.38287353515625,2.16725
-3.3203125,2.1673
-3.03466796875,2.16735
-3.2574462890625,2.1673999999999998
-3.1689453125,2.16745
-3.16162109375,2.1675
-3.262939453125,2.16755
-3.4088134765625,2.1675999999999997
-2.9339599609375,2.16765
-3.1634521484375,2.1677
-3.27667236328125,2.16775
-3.193359375,2.1677999999999997
-3.26934814453125,2.16785
-3.287353515625,2.1679
-2.90252685546875,2.16795
-3.128662109375,2.1679999999999997
-3.47259521484375,2.16805
-3.404541015625,2.1681
-3.24951171875,2.16815
-3.27667236328125,2.1682
-3.1890869140625,2.16825
-3.13201904296875,2.1683
-3.18511962890625,2.1683499999999998
-2.9705810546875,2.1684
-3.109130859375,2.16845
-3.1097412109375,2.1685
-3.2049560546875,2.1685499999999998
-3.28399658203125,2.1686
-3.4051513671875,2.16865
-3.2574462890625,2.1687
-3.42132568359375,2.1687499999999997
-3.06640625,2.1688
-3.2379150390625,2.16885
-3.37432861328125,2.1689
-3.3758544921875,2.1689499999999997
-3.12652587890625,2.169
-3.43292236328125,2.16905
-3.41766357421875,2.1691
-3.18878173828125,2.16915
-3.50555419921875,2.1692
-3.4716796875,2.16925
-3.02581787109375,2.1693
-2.87078857421875,2.16935
-3.29193115234375,2.1694
-2.8466796875,2.16945
-3.25164794921875,2.1694999999999998
-3.2537841796875,2.16955
-3.0340576171875,2.1696
-2.70904541015625,2.16965
-3.29376220703125,2.1696999999999997
-3.03009033203125,2.16975
-3.20953369140625,2.1698
-2.96051025390625,2.16985
-3.232421875,2.1698999999999997
-2.88055419921875,2.16995
-3.11859130859375,2.17
-3.316650390625,2.17005
-3.23150634765625,2.1700999999999997
-3.29986572265625,2.17015
-3.10150146484375,2.1702
-3.4942626953125,2.17025
-3.24371337890625,2.1703
-3.19122314453125,2.17035
-3.306884765625,2.1704
-3.126220703125,2.1704499999999998
-3.00689697265625,2.1705
-3.311767578125,2.17055
-3.10821533203125,2.1706
-3.12652587890625,2.1706499999999997
-3.44879150390625,2.1707
-3.0572509765625,2.17075
-2.63153076171875,2.1708
-2.9168701171875,2.1708499999999997
-3.24951171875,2.1709
-3.1060791015625,2.17095
-2.86773681640625,2.171
-3.0206298828125,2.1710499999999997
-3.0255126953125,2.1711
-3.00506591796875,2.17115
-3.282470703125,2.1712
-3.16192626953125,2.17125
-2.95135498046875,2.1713
-2.83111572265625,2.17135
-3.19091796875,2.1713999999999998
-3.1097412109375,2.17145
-2.95654296875,2.1715
-3.167724609375,2.17155
-3.03253173828125,2.1715999999999998
-3.0340576171875,2.17165
-3.1292724609375,2.1717
-2.9840087890625,2.17175
-3.22906494140625,2.1717999999999997
-3.03314208984375,2.17185
-3.11431884765625,2.1719
-3.05145263671875,2.17195
-2.987060546875,2.1719999999999997
-3.08868408203125,2.17205
-3.0657958984375,2.1721
-2.587890625,2.17215
-3.02703857421875,2.1722
-2.833251953125,2.17225
-2.8326416015625,2.1723
-3.07037353515625,2.17235
-3.05816650390625,2.1724
-2.813720703125,2.17245
-2.652587890625,2.1725
-3.026123046875,2.1725499999999998
-2.96905517578125,2.1726
-3.09417724609375,2.17265
-3.12896728515625,2.1727
-3.20404052734375,2.1727499999999997
-2.8955078125,2.1728
-3.104248046875,2.17285
-2.90130615234375,2.1729
-2.99224853515625,2.1729499999999997
-2.94464111328125,2.173
-3.1048583984375,2.17305
-2.8155517578125,2.1731
-3.0670166015625,2.1731499999999997
-3.193359375,2.1732
-3.0999755859375,2.17325
-2.89764404296875,2.1733
-3.10577392578125,2.17335
-3.10333251953125,2.1734
-2.91656494140625,2.17345
-2.91107177734375,2.1734999999999998
-3.05145263671875,2.17355
-3.03314208984375,2.1736
-2.90679931640625,2.17365
-3.29254150390625,2.1736999999999997
-3.15673828125,2.17375
-3.01483154296875,2.1738
-2.9669189453125,2.17385
-3.1658935546875,2.1738999999999997
-2.70172119140625,2.17395
-3.1732177734375,2.174
-3.24676513671875,2.17405
-3.28948974609375,2.1740999999999997
-3.1268310546875,2.17415
-2.99774169921875,2.1742
-3.09539794921875,2.17425
-3.06610107421875,2.1743
-3.1658935546875,2.17435
-3.326416015625,2.1744
-2.9254150390625,2.1744499999999998
-3.18817138671875,2.1745
-3.31939697265625,2.17455
-3.07464599609375,2.1746
-3.14361572265625,2.1746499999999997
-3.0841064453125,2.1747
-2.96630859375,2.17475
-3.07647705078125,2.1748
-3.07525634765625,2.1748499999999997
-3.09356689453125,2.1749
-3.2666015625,2.17495
-3.109130859375,2.175
-3.2574462890625,2.1750499999999997
-3.2061767578125,2.1751
-3.21319580078125,2.17515
-3.42529296875,2.1752
-3.31573486328125,2.1752499999999997
-2.83599853515625,2.1753
-3.07708740234375,2.17535
-3.115234375,2.1754
-3.01971435546875,2.1754499999999997
-3.0316162109375,2.1755
-3.20556640625,2.17555
-2.996826171875,2.1755999999999998
-3.06671142578125,2.1756499999999996
-3.17169189453125,2.1757
-2.94952392578125,2.17575
-2.9345703125,2.1757999999999997
-3.04779052734375,2.17585
-3.2147216796875,2.1759
-2.9571533203125,2.17595
-3.01422119140625,2.1759999999999997
-2.93731689453125,2.17605
-3.00933837890625,2.1761
-2.8106689453125,2.17615
-2.845458984375,2.1761999999999997
-2.64434814453125,2.17625
-2.7618408203125,2.1763
-2.81890869140625,2.17635
-3.017578125,2.1763999999999997
-2.87567138671875,2.17645
-3.16009521484375,2.1765
-3.31451416015625,2.1765499999999998
-3.294677734375,2.1765999999999996
-3.07464599609375,2.17665
-2.94464111328125,2.1767
-2.93731689453125,2.1767499999999997
-2.78533935546875,2.1768
-3.2281494140625,2.17685
-2.9144287109375,2.1769
-2.78900146484375,2.1769499999999997
-2.96356201171875,2.177
-2.99163818359375,2.17705
-2.7557373046875,2.1771
-2.80914306640625,2.1771499999999997
-3.03497314453125,2.1772
-2.933349609375,2.17725
-2.81829833984375,2.1773
-2.9803466796875,2.1773499999999997
-3.076171875,2.1774
-2.89764404296875,2.17745
-3.221435546875,2.1774999999999998
-3.21533203125,2.1775499999999997
-2.96661376953125,2.1776
-3.106689453125,2.17765
-2.9766845703125,2.1776999999999997
-3.20098876953125,2.1777499999999996
-3.07464599609375,2.1778
-2.8350830078125,2.17785
-3.0303955078125,2.1778999999999997
-2.86865234375,2.17795
-3.09906005859375,2.178
-3.22998046875,2.17805
-2.89794921875,2.1780999999999997
-2.838134765625,2.17815
-3.34228515625,2.1782
-3.338623046875,2.17825
-3.16925048828125,2.1782999999999997
-3.035888671875,2.17835
-3.14971923828125,2.1784
-2.84454345703125,2.1784499999999998
-3.06549072265625,2.1784999999999997
-3.212890625,2.17855
-3.19976806640625,2.1786
-2.8472900390625,2.1786499999999998
-2.9656982421875,2.1786999999999996
-2.87445068359375,2.17875
-2.84149169921875,2.1788
-3.11614990234375,2.1788499999999997
-2.9595947265625,2.1789
-2.78900146484375,2.17895
-2.95806884765625,2.179
-3.23028564453125,2.1790499999999997
-2.984619140625,2.1791
-3.179931640625,2.17915
-3.10760498046875,2.1792
-3.07830810546875,2.1792499999999997
-2.88330078125,2.1793
-2.71697998046875,2.17935
-2.91961669921875,2.1794
-2.94647216796875,2.1794499999999997
-2.705078125,2.1795
-3.09814453125,2.17955
-2.79632568359375,2.1795999999999998
-2.8460693359375,2.1796499999999996
-3.018798828125,2.1797
-3.06304931640625,2.17975
-2.79541015625,2.1797999999999997
-2.97760009765625,2.17985
-2.91839599609375,2.1799
-3.0615234375,2.17995
-3.19549560546875,2.1799999999999997
-3.170166015625,2.18005
-2.93121337890625,2.1801
-2.760009765625,2.18015
-3.08013916015625,2.1801999999999997
-3.1024169921875,2.18025
-2.87841796875,2.1803
-3.1378173828125,2.18035
-3.2537841796875,2.1803999999999997
-2.889404296875,2.18045
-3.15704345703125,2.1805
-3.22052001953125,2.1805499999999998
-3.06976318359375,2.1805999999999996
-3.09600830078125,2.18065
-3.16192626953125,2.1807
-3.02825927734375,2.1807499999999997
-3.145751953125,2.1807999999999996
-3.08807373046875,2.18085
-3.3770751953125,2.1809
-3.04718017578125,2.1809499999999997
-2.95257568359375,2.181
-3.50189208984375,2.18105
-3.20892333984375,2.1811
-3.1011962890625,2.1811499999999997
-3.153076171875,2.1812
-3.04443359375,2.18125
-2.7630615234375,2.1813
-3.326416015625,2.1813499999999997
-3.36090087890625,2.1814
-3.20404052734375,2.18145
-3.0645751953125,2.1814999999999998
-3.33587646484375,2.1815499999999997
-3.2073974609375,2.1816
-3.35113525390625,2.18165
-3.448486328125,2.1816999999999998
-3.52752685546875,2.1817499999999996
-2.8955078125,2.1818
-3.4515380859375,2.18185
-3.38287353515625,2.1818999999999997
-3.22265625,2.18195
-3.39813232421875,2.182
-3.33984375,2.18205
-2.96630859375,2.1820999999999997
-3.18084716796875,2.18215
-3.0743408203125,2.1822
-3.08868408203125,2.18225
-3.22906494140625,2.1822999999999997
-3.0889892578125,2.18235
-3.338623046875,2.1824
-3.0682373046875,2.18245
-3.17108154296875,2.1824999999999997
-3.34503173828125,2.18255
-3.26141357421875,2.1826
-2.71209716796875,2.1826499999999998
-3.187255859375,2.1826999999999996
-2.8985595703125,2.18275
-3.05511474609375,2.1828
-3.023681640625,2.1828499999999997
-3.17138671875,2.1829
-2.77587890625,2.18295
-3.1951904296875,2.183
-3.1585693359375,2.1830499999999997
-3.1854248046875,2.1831
-3.30810546875,2.18315
-3.0389404296875,2.1832
-3.1829833984375,2.1832499999999997
-3.0633544921875,2.1833
-3.23944091796875,2.18335
-3.37646484375,2.1834
-3.02978515625,2.1834499999999997
-3.1011962890625,2.1835
-3.35723876953125,2.18355
-2.97698974609375,2.1835999999999998
-3.33251953125,2.1836499999999996
-3.28704833984375,2.1837
-3.1201171875,2.18375
-3.37615966796875,2.1837999999999997
-3.42529296875,2.18385
-3.27392578125,2.1839
-3.43597412109375,2.18395
-3.5089111328125,2.1839999999999997
-3.61724853515625,2.18405
-3.2330322265625,2.1841
-3.2696533203125,2.18415
-3.72802734375,2.1841999999999997
-3.60076904296875,2.18425
-3.2452392578125,2.1843
-3.2989501953125,2.18435
-3.42254638671875,2.1843999999999997
-3.251953125,2.18445
-3.6224365234375,2.1845
-3.65325927734375,2.1845499999999998
-3.4381103515625,2.1845999999999997
-3.34930419921875,2.18465
-3.46038818359375,2.1847
-3.54095458984375,2.1847499999999997
-3.4063720703125,2.1847999999999996
-3.6767578125,2.18485
-3.7689208984375,2.1849
-3.38623046875,2.1849499999999997
-3.51593017578125,2.185
-3.51776123046875,2.18505
-3.2696533203125,2.1851
-3.2598876953125,2.1851499999999997
-3.36761474609375,2.1852
-3.145751953125,2.18525
-2.99560546875,2.1853
-3.0670166015625,2.1853499999999997
-3.20068359375,2.1854
-3.099365234375,2.18545
-3.0126953125,2.1854999999999998
-3.2452392578125,2.1855499999999997
-3.3319091796875,2.1856
-3.336181640625,2.18565
-3.1561279296875,2.1856999999999998
-3.06732177734375,2.1857499999999996
-2.6312255859375,2.1858
-3.2440185546875,2.18585
-3.10516357421875,2.1858999999999997
-3.25286865234375,2.18595
-3.11065673828125,2.186
-3.20068359375,2.18605
-2.8533935546875,2.1860999999999997
-3.3111572265625,2.18615
-3.25286865234375,2.1862
-3.23455810546875,2.18625
-2.94769287109375,2.1862999999999997
-3.33892822265625,2.18635
-3.22967529296875,2.1864
-3.21868896484375,2.18645
-3.06488037109375,2.1864999999999997
-3.17230224609375,2.18655
-2.88055419921875,2.1866
-2.886962890625,2.1866499999999998
-2.880859375,2.1866999999999996
-2.68341064453125,2.18675
-3.14361572265625,2.1868
-2.93914794921875,2.1868499999999997
-2.8594970703125,2.1869
-2.92205810546875,2.18695
-3.2672119140625,2.187
-3.20831298828125,2.1870499999999997
-3.48846435546875,2.1871
-3.212890625,2.18715
-3.32305908203125,2.1872
-3.38897705078125,2.1872499999999997
-3.59771728515625,2.1873
-3.63983154296875,2.18735
-3.67462158203125,2.1874
-3.51318359375,2.1874499999999997
-3.35540771484375,2.1875
-3.44390869140625,2.18755
-3.46527099609375,2.1875999999999998
-3.360595703125,2.1876499999999997
-3.5565185546875,2.1877
-3.29345703125,2.18775
-3.29071044921875,2.1877999999999997
-3.64654541015625,2.1878499999999996
-3.69476318359375,2.1879
-3.13446044921875,2.18795
-3.52203369140625,2.1879999999999997
-3.45062255859375,2.18805
-3.309326171875,2.1881
-3.33984375,2.18815
-3.40667724609375,2.1881999999999997
-3.309326171875,2.18825
-3.3026123046875,2.1883
-3.3355712890625,2.18835
-3.160400390625,2.1883999999999997
-3.277587890625,2.18845
-3.3453369140625,2.1885
-3.3184814453125,2.1885499999999998
-2.96600341796875,2.1885999999999997
-2.9632568359375,2.18865
-3.31390380859375,2.1887
-3.2257080078125,2.1887499999999998
-3.29559326171875,2.1887999999999996
-3.00384521484375,2.18885
-2.86834716796875,2.1889
-2.7606201171875,2.1889499999999997
-2.94525146484375,2.189
-2.8497314453125,2.18905
-2.75360107421875,2.1891
-2.3760986328125,2.1891499999999997
-2.51708984375,2.1892
-2.66082763671875,2.18925
-2.60345458984375,2.1893
-2.53753662109375,2.1893499999999997
-2.75787353515625,2.1894
-2.803955078125,2.18945
-3.16009521484375,2.1895
-2.940673828125,2.1895499999999997
-3.11065673828125,2.1896
-3.27239990234375,2.18965
-3.424072265625,2.1896999999999998
-3.16314697265625,2.1897499999999996
-3.19610595703125,2.1898
-3.297119140625,2.18985
-3.24920654296875,2.1898999999999997
-3.267822265625,2.18995
-2.9052734375,2.19
-3.31817626953125,2.19005
-3.0401611328125,2.1900999999999997
-3.21044921875,2.19015
-3.1561279296875,2.1902
-2.967529296875,2.19025
-2.88330078125,2.1902999999999997
-3.04901123046875,2.19035
-2.86529541015625,2.1904
-3.23150634765625,2.19045
-3.02032470703125,2.1904999999999997
-2.896728515625,2.19055
-2.98431396484375,2.1906
-2.80059814453125,2.1906499999999998
-2.72125244140625,2.1906999999999996
-2.960205078125,2.19075
-2.5213623046875,2.1908
-2.89703369140625,2.1908499999999997
-2.63153076171875,2.1909
-2.61993408203125,2.19095
-2.6806640625,2.191
-2.8173828125,2.1910499999999997
-2.43255615234375,2.1911
-2.8009033203125,2.19115
-2.57080078125,2.1912
-2.52410888671875,2.1912499999999997
-2.62939453125,2.1913
-2.84515380859375,2.19135
-2.6458740234375,2.1914
-2.61474609375,2.1914499999999997
-2.83599853515625,2.1915
-2.50518798828125,2.19155
-2.69073486328125,2.1915999999999998
-2.61322021484375,2.1916499999999997
-2.67913818359375,2.1917
-2.60589599609375,2.19175
-2.54669189453125,2.1917999999999997
-2.83782958984375,2.1918499999999996
-2.899169921875,2.1919
-2.96600341796875,2.19195
-2.84027099609375,2.1919999999999997
-2.54638671875,2.19205
-2.87841796875,2.1921
-3.00323486328125,2.19215
-3.01177978515625,2.1921999999999997
-2.82135009765625,2.19225
-2.69073486328125,2.1923
-2.9827880859375,2.19235
-2.87384033203125,2.1923999999999997
-2.66510009765625,2.19245
-2.68096923828125,2.1925
-3.00201416015625,2.1925499999999998
-2.63580322265625,2.1925999999999997
-2.78717041015625,2.19265
-2.6995849609375,2.1927
-2.8271484375,2.1927499999999998
-2.87261962890625,2.1927999999999996
-3.03192138671875,2.19285
-2.70751953125,2.1929
-2.94830322265625,2.1929499999999997
-3.07952880859375,2.193
-2.8717041015625,2.19305
-2.8985595703125,2.1931
-2.794189453125,2.1931499999999997
-2.919921875,2.1932
-3.01666259765625,2.19325
-3.1488037109375,2.1933
-3.13568115234375,2.1933499999999997
-3.067626953125,2.1934
-3.03741455078125,2.19345
-3.49212646484375,2.1935
-3.27606201171875,2.1935499999999997
-3.4844970703125,2.1936
-3.238525390625,2.19365
-3.28338623046875,2.1936999999999998
-3.243408203125,2.1937499999999996
-3.57818603515625,2.1938
-3.2635498046875,2.19385
-3.40087890625,2.1938999999999997
-3.2232666015625,2.19395
-3.29315185546875,2.194
-2.95623779296875,2.19405
-3.05908203125,2.1940999999999997
-3.20098876953125,2.19415
-3.4234619140625,2.1942
-2.8558349609375,2.19425
-3.18328857421875,2.1942999999999997
-3.165283203125,2.19435
-3.00445556640625,2.1944
-3.2012939453125,2.19445
-3.22906494140625,2.1944999999999997
-2.9022216796875,2.19455
-2.97943115234375,2.1946
-3.0609130859375,2.1946499999999998
-2.90191650390625,2.1946999999999997
-3.160400390625,2.19475
-2.90924072265625,2.1948
-2.78106689453125,2.1948499999999997
-2.66845703125,2.1948999999999996
-2.9290771484375,2.19495
-3.14361572265625,2.195
-3.17535400390625,2.1950499999999997
-2.91534423828125,2.1951
-3.17291259765625,2.19515
-2.98248291015625,2.1952
-3.23638916015625,2.1952499999999997
-2.96905517578125,2.1953
-3.2470703125,2.19535
-2.8778076171875,2.1954
-3.06427001953125,2.1954499999999997
-2.9949951171875,2.1955
-2.74200439453125,2.19555
-2.96234130859375,2.1955999999999998
-2.95989990234375,2.1956499999999997
-3.03680419921875,2.1957
-2.55706787109375,2.19575
-2.9193115234375,2.1957999999999998
-3.06793212890625,2.1958499999999996
-2.9779052734375,2.1959
-2.65899658203125,2.19595
-3.20098876953125,2.1959999999999997
-2.8729248046875,2.19605
-2.99896240234375,2.1961
-3.291015625,2.19615
-2.89947509765625,2.1961999999999997
-2.916259765625,2.19625
-2.79632568359375,2.1963
-2.879638671875,2.19635
-3.02032470703125,2.1963999999999997
-3.1719970703125,2.19645
-2.96661376953125,2.1965
-2.6416015625,2.19655
-2.777099609375,2.1965999999999997
-3.0078125,2.19665
-3.0718994140625,2.1967
-2.91290283203125,2.1967499999999998
-2.9412841796875,2.1967999999999996
-2.8851318359375,2.19685
-2.79205322265625,2.1969
-2.8546142578125,2.1969499999999997
-2.97882080078125,2.197
-2.9925537109375,2.19705
-2.774658203125,2.1971
-3.03070068359375,2.1971499999999997
-2.78656005859375,2.1972
-2.90557861328125,2.19725
-2.93182373046875,2.1973
-3.00750732421875,2.1973499999999997
-2.8948974609375,2.1974
-2.87994384765625,2.19745
-2.95654296875,2.1975
-2.918701171875,2.1975499999999997
-2.8472900390625,2.1976
-3.11370849609375,2.19765
-2.6641845703125,2.1976999999999998
-2.84088134765625,2.1977499999999996
-3.282470703125,2.1978
-2.9278564453125,2.19785
-3.03924560546875,2.1978999999999997
-3.0621337890625,2.19795
-3.046875,2.198
-2.86468505859375,2.19805
-3.17108154296875,2.1980999999999997
-3.07586669921875,2.19815
-3.0657958984375,2.1982
-2.8875732421875,2.19825
-3.0548095703125,2.1982999999999997
-2.99224853515625,2.19835
-3.01177978515625,2.1984
-2.833251953125,2.19845
-3.17901611328125,2.1984999999999997
-2.852783203125,2.19855
-2.99346923828125,2.1986
-3.13873291015625,2.1986499999999998
-3.271484375,2.1986999999999997
-3.10791015625,2.19875
-3.10791015625,2.1988
-3.21685791015625,2.1988499999999997
-3.03314208984375,2.1988999999999996
-3.16558837890625,2.19895
-3.09295654296875,2.199
-3.0145263671875,2.1990499999999997
-2.7685546875,2.1991
-3.0084228515625,2.19915
-2.8741455078125,2.1992
-3.28369140625,2.1992499999999997
-3.19671630859375,2.1993
-2.9400634765625,2.19935
-2.73529052734375,2.1994
-3.28277587890625,2.1994499999999997
-3.1549072265625,2.1995
-3.36761474609375,2.19955
-3.2049560546875,2.1995999999999998
-3.1378173828125,2.1996499999999997
-2.9522705078125,2.1997
-3.20220947265625,2.19975
-3.02032470703125,2.1997999999999998
-3.0657958984375,2.1998499999999996
-2.99957275390625,2.1999
-2.9052734375,2.19995
-3.0657958984375,2.2
-2.94769287109375,2.20005
-2.994384765625,2.2001000000000004
-3.08837890625,2.2001500000000003
-2.97210693359375,2.2002
-2.8936767578125,2.20025
-3.25653076171875,2.2003000000000004
-3.1085205078125,2.2003500000000003
-3.11248779296875,2.2004
-2.9827880859375,2.20045
-3.14666748046875,2.2005000000000003
-3.013916015625,2.2005500000000002
-3.0389404296875,2.2006
-3.1829833984375,2.20065
-2.923583984375,2.2007000000000003
-2.91351318359375,2.20075
-2.8857421875,2.2008
-2.81036376953125,2.20085
-2.8289794921875,2.2009000000000003
-3.267822265625,2.20095
-3.09967041015625,2.201
-2.93365478515625,2.2010500000000004
-2.9315185546875,2.2011000000000003
-3.1982421875,2.20115
-3.17840576171875,2.2012
-3.232421875,2.2012500000000004
-3.13934326171875,2.2013000000000003
-3.14239501953125,2.20135
-2.9754638671875,2.2014
-2.97760009765625,2.2014500000000004
-3.04534912109375,2.2015000000000002
-3.06060791015625,2.20155
-2.79205322265625,2.2016
-3.24371337890625,2.2016500000000003
-2.94586181640625,2.2017
-2.89215087890625,2.20175
-3.02215576171875,2.2018
-3.13995361328125,2.2018500000000003
-2.97393798828125,2.2019
-3.1048583984375,2.20195
-3.00201416015625,2.202
-3.17138671875,2.2020500000000003
-3.30047607421875,2.2021
-3.1494140625,2.20215
-2.8118896484375,2.2022000000000004
-2.64495849609375,2.2022500000000003
-3.08563232421875,2.2023
-2.87353515625,2.20235
-2.88909912109375,2.2024000000000004
-2.7728271484375,2.2024500000000002
-2.8472900390625,2.2025
-2.7508544921875,2.20255
-3.18817138671875,2.2026000000000003
-3.074951171875,2.20265
-3.13201904296875,2.2027
-3.01055908203125,2.20275
-3.23516845703125,2.2028000000000003
-2.9913330078125,2.20285
-3.06243896484375,2.2029
-2.796630859375,2.20295
-2.998046875,2.2030000000000003
-3.15338134765625,2.20305
-2.48626708984375,2.2031
-2.8192138671875,2.2031500000000004
-3.07281494140625,2.2032000000000003
-2.82623291015625,2.20325
-2.93670654296875,2.2033
-2.82562255859375,2.2033500000000004
-2.9095458984375,2.2034000000000002
-3.204345703125,2.20345
-3.18939208984375,2.2035
-2.9937744140625,2.2035500000000003
-2.8924560546875,2.2036000000000002
-2.84210205078125,2.20365
-3.0810546875,2.2037
-3.18359375,2.2037500000000003
-3.031005859375,2.2038
-2.9669189453125,2.20385
-2.69287109375,2.2039
-3.06884765625,2.2039500000000003
-2.802734375,2.204
-2.908935546875,2.20405
-3.1097412109375,2.2041000000000004
-3.1402587890625,2.2041500000000003
-2.83935546875,2.2042
-3.01361083984375,2.20425
-2.98492431640625,2.2043000000000004
-2.9248046875,2.2043500000000003
-3.0926513671875,2.2044
-3.04229736328125,2.20445
-2.9364013671875,2.2045000000000003
-2.83050537109375,2.2045500000000002
-2.94708251953125,2.2046
-2.91595458984375,2.20465
-3.00048828125,2.2047000000000003
-2.67608642578125,2.20475
-2.9400634765625,2.2048
-2.76885986328125,2.20485
-2.96051025390625,2.2049000000000003
-2.900390625,2.20495
-3.0926513671875,2.205
-2.742919921875,2.2050500000000004
-3.0902099609375,2.2051000000000003
-2.9779052734375,2.20515
-2.94830322265625,2.2052
-3.11431884765625,2.2052500000000004
-2.811279296875,2.2053000000000003
-2.74169921875,2.20535
-2.64495849609375,2.2054
-2.99591064453125,2.2054500000000004
-2.9559326171875,2.2055000000000002
-2.7471923828125,2.20555
-2.8594970703125,2.2056
-3.07159423828125,2.2056500000000003
-2.86895751953125,2.2057
-3.0810546875,2.20575
-3.00323486328125,2.2058
-3.087158203125,2.2058500000000003
-2.8912353515625,2.2059
-3.26568603515625,2.20595
-2.9888916015625,2.206
-3.2257080078125,2.2060500000000003
-3.133544921875,2.2061
-3.19549560546875,2.20615
-3.18450927734375,2.2062000000000004
-3.04779052734375,2.2062500000000003
-3.0816650390625,2.2063
-3.19183349609375,2.20635
-3.08074951171875,2.2064000000000004
-3.006591796875,2.2064500000000002
-2.87109375,2.2065
-2.8533935546875,2.20655
-3.42132568359375,2.2066000000000003
-3.265380859375,2.2066500000000002
-2.9229736328125,2.2067
-3.07403564453125,2.20675
-3.031005859375,2.2068000000000003
-2.88787841796875,2.20685
-3.3917236328125,2.2069
-2.98553466796875,2.20695
-2.98492431640625,2.2070000000000003
-2.93060302734375,2.20705
-3.2330322265625,2.2071
-3.043212890625,2.2071500000000004
-3.01055908203125,2.2072000000000003
-3.1011962890625,2.20725
-3.15093994140625,2.2073
-2.92572021484375,2.2073500000000004
-2.7569580078125,2.2074000000000003
-3.0010986328125,2.20745
-2.85980224609375,2.2075
-3.0450439453125,2.2075500000000003
-3.04656982421875,2.2076000000000002
-2.70599365234375,2.20765
-2.93212890625,2.2077
-2.9681396484375,2.2077500000000003
-3.001708984375,2.2078
-2.91412353515625,2.20785
-2.84423828125,2.2079
-2.9644775390625,2.2079500000000003
-2.7825927734375,2.208
-2.9718017578125,2.20805
-2.978515625,2.2081000000000004
-2.95806884765625,2.2081500000000003
-2.6641845703125,2.2082
-2.852783203125,2.20825
-2.96112060546875,2.2083000000000004
-2.75482177734375,2.2083500000000003
-2.72552490234375,2.2084
-2.86224365234375,2.20845
-2.54241943359375,2.2085000000000004
-2.974853515625,2.2085500000000002
-3.21807861328125,2.2086
-3.05877685546875,2.20865
-3.052978515625,2.2087000000000003
-3.1427001953125,2.20875
-3.15887451171875,2.2088
-2.8515625,2.20885
-3.06060791015625,2.2089000000000003
-3.15032958984375,2.20895
-3.16986083984375,2.209
-2.94586181640625,2.20905
-3.1201171875,2.2091000000000003
-2.93212890625,2.20915
-3.35601806640625,2.2092
-3.0926513671875,2.2092500000000004
-3.02978515625,2.2093000000000003
-3.072509765625,2.20935
-3.01544189453125,2.2094
-3.0999755859375,2.2094500000000004
-3.082275390625,2.2095000000000002
-2.99774169921875,2.20955
-2.84393310546875,2.2096
-2.72186279296875,2.2096500000000003
-2.579345703125,2.2097
-3.1298828125,2.20975
-2.7386474609375,2.2098
-2.6678466796875,2.2098500000000003
-2.57293701171875,2.2099
-2.8448486328125,2.20995
-2.7874755859375,2.21
-3.0059814453125,2.2100500000000003
-3.04595947265625,2.2101
-2.94830322265625,2.21015
-2.960205078125,2.2102000000000004
-3.37188720703125,2.2102500000000003
-2.96173095703125,2.2103
-3.23822021484375,2.21035
-3.25347900390625,2.2104000000000004
-3.4454345703125,2.2104500000000002
-3.16925048828125,2.2105
-3.21441650390625,2.21055
-3.29681396484375,2.2106000000000003
-3.33038330078125,2.2106500000000002
-3.32672119140625,2.2107
-3.204345703125,2.21075
-3.03466796875,2.2108000000000003
-3.2666015625,2.21085
-3.25469970703125,2.2109
-3.11798095703125,2.21095
-3.0218505859375,2.2110000000000003
-2.9949951171875,2.21105
-3.33892822265625,2.2111
-3.2525634765625,2.2111500000000004
-3.1085205078125,2.2112000000000003
-3.1549072265625,2.21125
-3.17474365234375,2.2113
-2.82135009765625,2.2113500000000004
-3.20648193359375,2.2114000000000003
-3.24310302734375,2.21145
-3.21868896484375,2.2115
-2.70904541015625,2.2115500000000003
-3.15216064453125,2.2116000000000002
-2.9473876953125,2.21165
-2.92816162109375,2.2117
-3.4136962890625,2.2117500000000003
-3.31787109375,2.2118
-3.10760498046875,2.21185
-3.10546875,2.2119
-3.1304931640625,2.2119500000000003
-3.22418212890625,2.212
-3.39935302734375,2.21205
-3.1854248046875,2.2121000000000004
-3.0450439453125,2.2121500000000003
-2.66326904296875,2.2122
-2.95928955078125,2.21225
-3.07830810546875,2.2123000000000004
-2.88330078125,2.2123500000000003
-2.760009765625,2.2124
-3.07159423828125,2.21245
-2.93701171875,2.2125000000000004
-2.8082275390625,2.2125500000000002
-3.19091796875,2.2126
-3.1640625,2.21265
-3.0340576171875,2.2127000000000003
-3.2568359375,2.21275
-3.48907470703125,2.2128
-3.35357666015625,2.21285
-3.61968994140625,2.2129000000000003
-3.4283447265625,2.21295
-3.4002685546875,2.213
-3.4283447265625,2.21305
-3.675537109375,2.2131000000000003
-3.79608154296875,2.21315
-3.85162353515625,2.2132
-3.98284912109375,2.2132500000000004
-3.90472412109375,2.2133000000000003
-3.61083984375,2.21335
-3.9080810546875,2.2134
-3.81591796875,2.2134500000000004
-3.89373779296875,2.2135000000000002
-3.61480712890625,2.21355
-3.55499267578125,2.2136
-3.7200927734375,2.2136500000000003
-3.86322021484375,2.2137000000000002
-3.62335205078125,2.21375
-3.52447509765625,2.2138
-3.45794677734375,2.2138500000000003
-3.13018798828125,2.2139
-3.50555419921875,2.21395
-3.32275390625,2.214
-3.043212890625,2.2140500000000003
-3.1585693359375,2.2141
-2.98431396484375,2.21415
-2.72186279296875,2.2142000000000004
-3.0792236328125,2.2142500000000003
-2.82012939453125,2.2143
-2.54058837890625,2.21435
-2.486572265625,2.2144000000000004
-2.58026123046875,2.2144500000000003
-2.5885009765625,2.2145
-2.803955078125,2.21455
-2.62176513671875,2.2146000000000003
-2.74169921875,2.2146500000000002
-2.16033935546875,2.2147
-2.66754150390625,2.21475
-2.43988037109375,2.2148000000000003
-2.52532958984375,2.21485
-2.6678466796875,2.2149
-2.77099609375,2.21495
-2.7166748046875,2.2150000000000003
-2.57781982421875,2.21505
-2.92327880859375,2.2151
-3.07861328125,2.2151500000000004
-3.12835693359375,2.2152000000000003
-2.93975830078125,2.21525
-3.13018798828125,2.2153
-3.22723388671875,2.2153500000000004
-3.34259033203125,2.2154000000000003
-3.18450927734375,2.21545
-3.47412109375,2.2155
-3.155517578125,2.2155500000000004
-3.4283447265625,2.2156000000000002
-3.3966064453125,2.21565
-3.03680419921875,2.2157
-3.34320068359375,2.2157500000000003
-3.3148193359375,2.2158
-2.835693359375,2.21585
-3.22296142578125,2.2159
-3.1781005859375,2.2159500000000003
-3.0584716796875,2.216
-3.09539794921875,2.21605
-3.1170654296875,2.2161
-3.055419921875,2.2161500000000003
-2.84698486328125,2.2162
-3.01971435546875,2.21625
-3.15704345703125,2.2163000000000004
-2.9400634765625,2.2163500000000003
-2.98614501953125,2.2164
-3.038330078125,2.21645
-2.9388427734375,2.2165000000000004
-3.2037353515625,2.2165500000000002
-3.08441162109375,2.2166
-3.08837890625,2.21665
-2.83538818359375,2.2167000000000003
-2.88787841796875,2.21675
-3.04473876953125,2.2168
-3.0029296875,2.21685
-2.98675537109375,2.2169000000000003
-2.92144775390625,2.21695
-3.00201416015625,2.217
-2.93304443359375,2.21705
-3.20770263671875,2.2171000000000003
-3.20648193359375,2.21715
-2.890625,2.2172
-3.17596435546875,2.2172500000000004
-3.27484130859375,2.2173000000000003
-3.02520751953125,2.21735
-3.60870361328125,2.2174
-3.31939697265625,2.2174500000000004
-3.121337890625,2.2175000000000002
-3.094482421875,2.21755
-3.1353759765625,2.2176
-3.09051513671875,2.2176500000000003
-3.2672119140625,2.2177000000000002
-3.35845947265625,2.21775
-3.30413818359375,2.2178
-3.0072021484375,2.2178500000000003
-3.32489013671875,2.2179
-3.34930419921875,2.21795
-3.20343017578125,2.218
-3.19488525390625,2.2180500000000003
-3.2415771484375,2.2181
-3.1768798828125,2.21815
-3.60107421875,2.2182000000000004
-3.46954345703125,2.2182500000000003
-3.3917236328125,2.2183
-3.47320556640625,2.21835
-3.40545654296875,2.2184000000000004
-3.4912109375,2.2184500000000003
-3.67431640625,2.2185
-3.45428466796875,2.21855
-3.3221435546875,2.2186000000000003
-3.39691162109375,2.2186500000000002
-2.92236328125,2.2187
-3.206787109375,2.21875
-3.19976806640625,2.2188000000000003
-2.9559326171875,2.21885
-3.07647705078125,2.2189
-3.3746337890625,2.21895
-2.713623046875,2.2190000000000003
-3.507080078125,2.21905
-3.43780517578125,2.2191
-3.22967529296875,2.21915
-3.23028564453125,2.2192000000000003
-3.4161376953125,2.21925
-3.248291015625,2.2193
-3.22113037109375,2.2193500000000004
-3.49456787109375,2.2194000000000003
-3.55804443359375,2.21945
-3.36639404296875,2.2195
-2.98614501953125,2.2195500000000004
-3.39630126953125,2.2196000000000002
-3.32244873046875,2.21965
-3.31695556640625,2.2197
-3.360595703125,2.2197500000000003
-3.4844970703125,2.2198
-3.46435546875,2.21985
-3.682861328125,2.2199
-3.55194091796875,2.2199500000000003
-3.50067138671875,2.22
-3.39447021484375,2.22005
-3.37066650390625,2.2201
-3.35662841796875,2.2201500000000003
-3.123779296875,2.2202
-3.38104248046875,2.22025
-3.3123779296875,2.2203000000000004
-2.90283203125,2.2203500000000003
-3.2525634765625,2.2204
-3.179931640625,2.22045
-3.0389404296875,2.2205000000000004
-3.2867431640625,2.2205500000000002
-3.5064697265625,2.2206
-3.11004638671875,2.22065
-3.29315185546875,2.2207000000000003
-3.2647705078125,2.2207500000000002
-3.2586669921875,2.2208
-3.5540771484375,2.22085
-3.60321044921875,2.2209000000000003
-3.29833984375,2.22095
-3.23211669921875,2.221
-3.49456787109375,2.22105
-3.41766357421875,2.2211000000000003
-3.37188720703125,2.22115
-3.2080078125,2.2212
-3.2574462890625,2.2212500000000004
-3.2769775390625,2.2213000000000003
-3.32977294921875,2.22135
-3.194580078125,2.2214
-2.98431396484375,2.2214500000000004
-3.23394775390625,2.2215000000000003
-3.15948486328125,2.22155
-3.27880859375,2.2216
-3.16680908203125,2.2216500000000003
-3.01422119140625,2.2217000000000002
-2.95654296875,2.22175
-3.1341552734375,2.2218
-2.87109375,2.2218500000000003
-3.19580078125,2.2219
-2.9248046875,2.22195
-3.0303955078125,2.222
-2.626953125,2.2220500000000003
-2.940673828125,2.2221
-2.4554443359375,2.22215
-2.8106689453125,2.2222000000000004
-3.10882568359375,2.2222500000000003
-2.90985107421875,2.2223
-2.67974853515625,2.22235
-3.15521240234375,2.2224000000000004
-2.92205810546875,2.2224500000000003
-3.1298828125,2.2225
-3.0450439453125,2.22255
-3.1024169921875,2.2226000000000004
-2.8106689453125,2.2226500000000002
-2.93487548828125,2.2227
-2.97760009765625,2.22275
-2.9656982421875,2.2228000000000003
-2.96630859375,2.22285
-2.8125,2.2229
-2.955322265625,2.22295
-2.6702880859375,2.2230000000000003
-2.93853759765625,2.22305
-2.82623291015625,2.2231
-3.06549072265625,2.22315
-2.838134765625,2.2232000000000003
-3.04229736328125,2.22325
-2.8424072265625,2.2233
-2.68096923828125,2.2233500000000004
-2.95989990234375,2.2234000000000003
-3.11981201171875,2.22345
-2.584228515625,2.2235
-2.69989013671875,2.2235500000000004
-2.982177734375,2.2236000000000002
-2.90496826171875,2.22365
-2.94342041015625,2.2237
-3.1182861328125,2.2237500000000003
-2.53509521484375,2.2238
-2.6702880859375,2.22385
-3.0902099609375,2.2239
-3.05267333984375,2.2239500000000003
-3.023681640625,2.224
-2.71942138671875,2.22405
-2.742919921875,2.2241
-3.15338134765625,2.2241500000000003
-3.14910888671875,2.2242
-3.02978515625,2.22425
-2.98980712890625,2.2243000000000004
-3.140869140625,2.2243500000000003
-3.14666748046875,2.2244
-3.2635498046875,2.22445
-3.133544921875,2.2245000000000004
-3.1170654296875,2.2245500000000002
-3.01544189453125,2.2246
-2.950439453125,2.22465
-2.9400634765625,2.2247000000000003
-3.24554443359375,2.2247500000000002
-3.04290771484375,2.2248
-2.8839111328125,2.22485
-3.277587890625,2.2249000000000003
-3.0389404296875,2.22495
-3.08563232421875,2.225
-3.2470703125,2.22505
-3.4161376953125,2.2251000000000003
-3.1744384765625,2.22515
-2.88482666015625,2.2252
-3.21136474609375,2.22525
-2.913818359375,2.2253000000000003
-3.1982421875,2.22535
-3.25286865234375,2.2254
-3.26995849609375,2.22545
-2.9193115234375,2.2255000000000003
-3.023681640625,2.22555
-3.09661865234375,2.2256
-3.13568115234375,2.22565
-3.14178466796875,2.2257000000000002
-3.2305908203125,2.22575
-3.20465087890625,2.2258
-3.37310791015625,2.2258500000000003
-3.4100341796875,2.2259
-3.045654296875,2.22595
-3.16192626953125,2.226
-2.84515380859375,2.2260500000000003
-3.154296875,2.2261
-2.83782958984375,2.22615
-2.85247802734375,2.2262
-2.9656982421875,2.2262500000000003
-3.1060791015625,2.2263
-2.60345458984375,2.22635
-3.10333251953125,2.2264
-2.7392578125,2.2264500000000003
-2.87445068359375,2.2265
-2.90496826171875,2.22655
-2.8692626953125,2.2266
-2.58544921875,2.2266500000000002
-2.8717041015625,2.2267
-3.29010009765625,2.22675
-3.18695068359375,2.2268000000000003
-2.91259765625,2.22685
-3.00048828125,2.2269
-2.8173828125,2.22695
-2.7545166015625,2.2270000000000003
-2.821044921875,2.22705
-2.8680419921875,2.2271
-2.73895263671875,2.22715
-2.69744873046875,2.2272000000000003
-2.81402587890625,2.22725
-2.83599853515625,2.2273
-2.87994384765625,2.22735
-3.0792236328125,2.2274000000000003
-2.93212890625,2.22745
-2.7789306640625,2.2275
-2.7764892578125,2.22755
-2.9962158203125,2.2276000000000002
-3.00537109375,2.22765
-2.5830078125,2.2277
-2.750244140625,2.22775
-2.64862060546875,2.2278000000000002
-2.54638671875,2.22785
-2.83843994140625,2.2279
-2.69805908203125,2.2279500000000003
-2.48809814453125,2.228
-2.72003173828125,2.22805
-2.76611328125,2.2281
-2.75299072265625,2.2281500000000003
-2.9547119140625,2.2282
-3.11431884765625,2.22825
-2.8466796875,2.2283
-2.90924072265625,2.2283500000000003
-3.3819580078125,2.2284
-3.08197021484375,2.22845
-3.184814453125,2.2285
-3.060302734375,2.2285500000000003
-3.1591796875,2.2286
-2.896728515625,2.22865
-3.1085205078125,2.2287
-3.082275390625,2.2287500000000002
-2.890625,2.2288
-3.236083984375,2.22885
-3.2623291015625,2.2289000000000003
-3.10791015625,2.22895
-3.1976318359375,2.229
-3.31939697265625,2.22905
-3.33251953125,2.2291000000000003
-3.07525634765625,2.22915
-3.016357421875,2.2292
-3.2684326171875,2.22925
-3.06732177734375,2.2293000000000003
-3.0645751953125,2.22935
-3.30535888671875,2.2294
-3.08990478515625,2.22945
-2.75970458984375,2.2295000000000003
-3.0078125,2.22955
-2.99896240234375,2.2296
-2.8118896484375,2.22965
-2.65228271484375,2.2297000000000002
-2.93365478515625,2.22975
-2.50396728515625,2.2298
-2.87841796875,2.2298500000000003
-3.084716796875,2.2299
-3.0511474609375,2.22995
-2.67486572265625,2.23
-2.537841796875,2.2300500000000003
-2.96295166015625,2.2301
-2.99530029296875,2.23015
-2.68463134765625,2.2302
-3.04107666015625,2.2302500000000003
-2.83660888671875,2.2303
-3.04107666015625,2.23035
-3.3453369140625,2.2304
-2.94097900390625,2.2304500000000003
-3.1671142578125,2.2305
-3.1219482421875,2.23055
-3.106689453125,2.2306
-2.9376220703125,2.2306500000000002
-2.80120849609375,2.2307
-2.91351318359375,2.23075
-3.1292724609375,2.2308000000000003
-2.70263671875,2.23085
-2.9803466796875,2.2309
-2.77862548828125,2.23095
-2.8253173828125,2.2310000000000003
-3.04534912109375,2.23105
-3.19732666015625,2.2311
-2.43896484375,2.23115
-2.90374755859375,2.2312000000000003
-3.1475830078125,2.23125
-3.0987548828125,2.2313
-3.15826416015625,2.23135
-3.3282470703125,2.2314000000000003
-3.140869140625,2.23145
-3.0682373046875,2.2315
-3.33221435546875,2.23155
-3.087158203125,2.2316000000000003
-3.216552734375,2.23165
-3.12713623046875,2.2317
-3.32489013671875,2.23175
-3.1903076171875,2.2318000000000002
-3.25408935546875,2.23185
-3.4332275390625,2.2319
-3.11859130859375,2.2319500000000003
-3.17840576171875,2.232
-3.32489013671875,2.23205
-3.28277587890625,2.2321
-3.22906494140625,2.2321500000000003
-3.3001708984375,2.2322
-3.424072265625,2.23225
-3.28399658203125,2.2323
-3.204345703125,2.2323500000000003
-3.4033203125,2.2324
-3.3074951171875,2.23245
-3.1884765625,2.2325
-3.15032958984375,2.2325500000000003
-3.11126708984375,2.2326
-2.89703369140625,2.23265
-3.2818603515625,2.2327
-3.22174072265625,2.2327500000000002
-3.05633544921875,2.2328
-2.92572021484375,2.23285
-3.3489990234375,2.2329000000000003
-2.96478271484375,2.23295
-3.233642578125,2.233
-3.3599853515625,2.23305
-3.01910400390625,2.2331000000000003
-2.8594970703125,2.23315
-3.011474609375,2.2332
-3.1402587890625,2.23325
-3.0010986328125,2.2333000000000003
-3.2275390625,2.23335
-3.009033203125,2.2334
-3.011474609375,2.23345
-3.0548095703125,2.2335000000000003
-3.10028076171875,2.23355
-3.10791015625,2.2336
-3.0499267578125,2.23365
-3.1915283203125,2.2337000000000002
-3.1903076171875,2.23375
-2.98431396484375,2.2338
-3.05023193359375,2.2338500000000003
-3.1146240234375,2.2339
-3.0108642578125,2.23395
-2.81463623046875,2.234
-3.02215576171875,2.2340500000000003
-3.109130859375,2.2341
-2.8900146484375,2.23415
-2.98675537109375,2.2342
-3.1103515625,2.2342500000000003
-2.70111083984375,2.2343
-2.98553466796875,2.23435
-3.3929443359375,2.2344
-3.30352783203125,2.2344500000000003
-2.96905517578125,2.2345
-3.18115234375,2.23455
-3.09295654296875,2.2346
-3.0615234375,2.2346500000000002
-3.148193359375,2.2347
-3.1353759765625,2.23475
-3.00018310546875,2.2348
-3.291015625,2.2348500000000002
-3.29498291015625,2.2349
-3.05450439453125,2.23495
-3.32489013671875,2.2350000000000003
-3.2861328125,2.23505
-3.365478515625,2.2351
-3.17474365234375,2.23515
-3.19793701171875,2.2352000000000003
-3.11920166015625,2.23525
-3.24859619140625,2.2353
-3.1707763671875,2.23535
-3.39141845703125,2.2354000000000003
-2.99224853515625,2.23545
-3.23944091796875,2.2355
-3.333740234375,2.23555
-3.07098388671875,2.2356000000000003
-2.83111572265625,2.23565
-2.95501708984375,2.2357
-2.974853515625,2.23575
-2.94158935546875,2.2358000000000002
-3.22662353515625,2.23585
-3.1201171875,2.2359
-2.9443359375,2.2359500000000003
-2.8839111328125,2.236
-3.1829833984375,2.23605
-2.8741455078125,2.2361
-2.97149658203125,2.2361500000000003
-3.0657958984375,2.2362
-3.1011962890625,2.23625
-2.677001953125,2.2363
-2.95501708984375,2.2363500000000003
-3.125,2.2364
-2.82745361328125,2.23645
-2.8656005859375,2.2365
-2.77862548828125,2.2365500000000003
-2.86285400390625,2.2366
-2.9010009765625,2.23665
-3.01483154296875,2.2367
-3.08319091796875,2.2367500000000002
-2.75787353515625,2.2368
-2.91412353515625,2.23685
-3.24066162109375,2.2369000000000003
-2.96630859375,2.23695
-2.8729248046875,2.237
-3.0804443359375,2.23705
-2.74444580078125,2.2371000000000003
-2.5335693359375,2.23715
-2.79205322265625,2.2372
-2.69073486328125,2.23725
-2.808837890625,2.2373000000000003
-2.50823974609375,2.23735
-2.9498291015625,2.2374
-2.760009765625,2.23745
-2.98187255859375,2.2375000000000003
-3.3050537109375,2.23755
-3.380126953125,2.2376
-2.8680419921875,2.23765
-3.35479736328125,2.2377000000000002
-3.2354736328125,2.23775
-3.18115234375,2.2378
-3.4442138671875,2.23785
-3.62152099609375,2.2379000000000002
-3.19610595703125,2.23795
-3.51776123046875,2.238
-3.34259033203125,2.2380500000000003
-3.37310791015625,2.2381
-3.6187744140625,2.23815
-3.40850830078125,2.2382
-3.5076904296875,2.2382500000000003
-3.23211669921875,2.2383
-3.4844970703125,2.23835
-3.7591552734375,2.2384
-3.7408447265625,2.2384500000000003
-3.0938720703125,2.2385
-3.48236083984375,2.23855
-3.20343017578125,2.2386
-3.3154296875,2.2386500000000003
-3.3807373046875,2.2387
-3.31268310546875,2.23875
-3.09234619140625,2.2388
-3.275146484375,2.2388500000000002
-3.4576416015625,2.2389
-3.33282470703125,2.23895
-3.44329833984375,2.2390000000000003
-3.38165283203125,2.23905
-3.44268798828125,2.2391
-3.09539794921875,2.23915
-3.3026123046875,2.2392000000000003
-3.10546875,2.23925
-3.0816650390625,2.2393
-3.21624755859375,2.23935
-3.40423583984375,2.2394000000000003
-2.77801513671875,2.23945
-3.11126708984375,2.2395
-2.91168212890625,2.23955
-2.8399658203125,2.2396000000000003
-2.71881103515625,2.23965
-2.6324462890625,2.2397
-2.49786376953125,2.23975
-2.62176513671875,2.2398000000000002
-2.8759765625,2.23985
-2.90924072265625,2.2399
-2.42095947265625,2.2399500000000003
-2.64434814453125,2.24
-3.1097412109375,2.24005
-2.87506103515625,2.2401
-2.7435302734375,2.2401500000000003
-2.8936767578125,2.2402
-2.7557373046875,2.24025
-2.63763427734375,2.2403
-3.38348388671875,2.2403500000000003
-3.28582763671875,2.2404
-3.18939208984375,2.24045
-3.2244873046875,2.2405
-3.037109375,2.2405500000000003
-3.13385009765625,2.2406
-2.9730224609375,2.24065
-3.270263671875,2.2407
-3.2965087890625,2.2407500000000002
-2.87445068359375,2.2408
-3.096923828125,2.24085
-3.12347412109375,2.2409000000000003
-2.862548828125,2.24095
-3.1781005859375,2.241
-3.1280517578125,2.24105
-2.86041259765625,2.2411000000000003
-2.72674560546875,2.24115
-2.613525390625,2.2412
-2.742919921875,2.24125
-2.8778076171875,2.2413000000000003
-2.52593994140625,2.24135
-2.74658203125,2.2414
-2.5616455078125,2.24145
-2.6239013671875,2.2415000000000003
-2.71026611328125,2.24155
-2.49786376953125,2.2416
-2.26531982421875,2.24165
-2.5323486328125,2.2417000000000002
-2.33673095703125,2.24175
-2.5341796875,2.2418
-2.38861083984375,2.24185
-2.54547119140625,2.2419000000000002
-2.25006103515625,2.24195
-2.73529052734375,2.242
-2.5518798828125,2.2420500000000003
-2.80487060546875,2.2421
-2.75665283203125,2.24215
-2.79541015625,2.2422
-2.90740966796875,2.2422500000000003
-2.60009765625,2.2423
-2.81280517578125,2.24235
-2.8607177734375,2.2424
-2.672119140625,2.2424500000000003
-2.762451171875,2.2425
-2.7349853515625,2.24255
-2.32147216796875,2.2426
-2.77984619140625,2.2426500000000003
-2.76123046875,2.2427
-2.60711669921875,2.24275
-2.672119140625,2.2428
-2.95379638671875,2.2428500000000002
-2.7874755859375,2.2429
-3.16436767578125,2.24295
-3.07281494140625,2.2430000000000003
-3.03192138671875,2.24305
-2.64617919921875,2.2431
-2.72369384765625,2.24315
-2.9718017578125,2.2432000000000003
-2.7972412109375,2.24325
-2.60162353515625,2.2433
-2.69805908203125,2.24335
-2.8155517578125,2.2434000000000003
-2.72186279296875,2.24345
-2.8753662109375,2.2435
-3.0645751953125,2.24355
-2.926025390625,2.2436000000000003
-3.06060791015625,2.24365
-2.91015625,2.2437
-3.1585693359375,2.24375
-2.9473876953125,2.2438000000000002
-3.29803466796875,2.24385
-3.43994140625,2.2439
-3.001708984375,2.2439500000000003
-3.135986328125,2.244
-3.01055908203125,2.24405
-3.09417724609375,2.2441
-3.114013671875,2.2441500000000003
-3.05938720703125,2.2442
-2.82196044921875,2.24425
-2.89642333984375,2.2443
-3.18328857421875,2.2443500000000003
-3.09112548828125,2.2444
-3.0340576171875,2.24445
-2.9412841796875,2.2445
-3.25408935546875,2.2445500000000003
-3.21014404296875,2.2446
-3.19549560546875,2.24465
-3.16864013671875,2.2447
-3.09844970703125,2.2447500000000002
-2.955322265625,2.2448
-3.21258544921875,2.24485
-3.20098876953125,2.2449
-3.18572998046875,2.2449500000000002
-3.07952880859375,2.245
-3.18359375,2.24505
-2.7862548828125,2.2451000000000003
-2.8924560546875,2.24515
-2.82806396484375,2.2452
-2.9705810546875,2.24525
-2.87567138671875,2.2453000000000003
-2.8826904296875,2.24535
-2.974853515625,2.2454
-2.879638671875,2.24545
-3.10302734375,2.2455000000000003
-3.24127197265625,2.24555
-2.9443359375,2.2456
-3.07037353515625,2.24565
-2.9925537109375,2.2457000000000003
-2.8778076171875,2.24575
-3.15948486328125,2.2458
-3.06884765625,2.24585
-3.060302734375,2.2459000000000002
-2.8265380859375,2.24595
-3.1353759765625,2.246
-2.83721923828125,2.2460500000000003
-3.00811767578125,2.2461
-2.91900634765625,2.24615
-3.01116943359375,2.2462
-2.67578125,2.2462500000000003
-2.9449462890625,2.2463
-3.0316162109375,2.24635
-3.1658935546875,2.2464
-3.0218505859375,2.2464500000000003
-3.06884765625,2.2465
-3.00384521484375,2.24655
-2.8729248046875,2.2466
-3.16680908203125,2.2466500000000003
-3.2623291015625,2.2467
-3.302001953125,2.24675
-3.29315185546875,2.2468
-3.1915283203125,2.2468500000000002
-3.35723876953125,2.2469
-3.37432861328125,2.24695
-3.411865234375,2.2470000000000003
-3.4716796875,2.24705
-3.06610107421875,2.2471
-3.1866455078125,2.24715
-3.14422607421875,2.2472000000000003
-3.22357177734375,2.24725
-3.15643310546875,2.2473
-3.12744140625,2.24735
-2.984619140625,2.2474000000000003
-2.94952392578125,2.24745
-3.0816650390625,2.2475
-2.91351318359375,2.24755
-2.8326416015625,2.2476000000000003
-2.86529541015625,2.24765
-2.90435791015625,2.2477
-2.7191162109375,2.24775
-2.97210693359375,2.2478000000000002
-3.0291748046875,2.24785
-3.10638427734375,2.2479
-3.01971435546875,2.2479500000000003
-2.86712646484375,2.248
-2.9766845703125,2.24805
-3.24493408203125,2.2481
-3.11981201171875,2.2481500000000003
-3.092041015625,2.2482
-3.1591796875,2.24825
-3.22357177734375,2.2483
-3.09356689453125,2.2483500000000003
-3.35296630859375,2.2484
-3.17657470703125,2.24845
-3.25897216796875,2.2485
-2.9132080078125,2.2485500000000003
-3.15673828125,2.2486
-3.44635009765625,2.24865
-3.2708740234375,2.2487
-3.057861328125,2.2487500000000002
-3.29681396484375,2.2488
-3.489990234375,2.24885
-3.173828125,2.2489
-3.2232666015625,2.2489500000000002
-3.0584716796875,2.249
-3.42315673828125,2.24905
-2.94677734375,2.2491000000000003
-3.20404052734375,2.24915
-2.8570556640625,2.2492
-2.9443359375,2.24925
-3.03466796875,2.2493000000000003
-3.25714111328125,2.24935
-2.860107421875,2.2494
-3.0517578125,2.24945
-3.372802734375,2.2495000000000003
-3.3251953125,2.24955
-3.28460693359375,2.2496
-3.15155029296875,2.24965
-2.87567138671875,2.2497000000000003
-3.3331298828125,2.24975
-3.08837890625,2.2498
-3.2513427734375,2.24985
-3.431396484375,2.2499000000000002
-3.114013671875,2.24995
-3.03955078125,2.25
-3.04931640625,2.25005
-3.17047119140625,2.2501
-3.16070556640625,2.25015
-3.03955078125,2.2502
-2.9107666015625,2.25025
-3.3154296875,2.2503
-3.21563720703125,2.25035
-3.1866455078125,2.2504
-3.01422119140625,2.25045
-3.21136474609375,2.2505
-2.9296875,2.25055
-2.88665771484375,2.2506
-3.2208251953125,2.25065
-3.11676025390625,2.2507
-3.02520751953125,2.25075
-3.15277099609375,2.2508
-3.26202392578125,2.25085
-3.06427001953125,2.2509
-3.34197998046875,2.25095
-3.492431640625,2.251
-3.09295654296875,2.25105
-3.05450439453125,2.2511
-3.258056640625,2.25115
-3.25347900390625,2.2512
-3.3770751953125,2.25125
-3.42071533203125,2.2513
-3.09112548828125,2.25135
-3.21807861328125,2.2514
-3.204345703125,2.25145
-3.275146484375,2.2515
-3.48724365234375,2.25155
-3.11859130859375,2.2516
-3.1414794921875,2.25165
-3.03741455078125,2.2517
-3.2305908203125,2.25175
-3.372802734375,2.2518
-3.19061279296875,2.25185
-3.1024169921875,2.2519
-3.49334716796875,2.25195
-3.41522216796875,2.252
-3.2464599609375,2.25205
-3.39111328125,2.2521
-3.35174560546875,2.25215
-3.3642578125,2.2522
-3.0267333984375,2.25225
-3.51806640625,2.2523
-3.2598876953125,2.25235
-3.35296630859375,2.2524
-3.38775634765625,2.25245
-3.33251953125,2.2525
-2.93243408203125,2.25255
-3.10699462890625,2.2526
-3.29376220703125,2.25265
-3.148193359375,2.2527
-3.14910888671875,2.25275
-3.228759765625,2.2528
-3.05145263671875,2.25285
-3.39447021484375,2.2529
-3.2989501953125,2.25295
-3.311767578125,2.253
-2.97393798828125,2.25305
-2.72369384765625,2.2531
-3.087158203125,2.25315
-3.0645751953125,2.2532
-2.85614013671875,2.25325
-2.8924560546875,2.2533
-3.25836181640625,2.25335
-2.66693115234375,2.2534
-3.223876953125,2.25345
-3.1524658203125,2.2535
-3.104248046875,2.25355
-3.27239990234375,2.2536
-3.099365234375,2.25365
-3.05267333984375,2.2537
-3.07220458984375,2.25375
-3.16070556640625,2.2538
-3.26080322265625,2.25385
-3.0096435546875,2.2539
-2.9803466796875,2.25395
-3.27972412109375,2.254
-3.2080078125,2.25405
-3.121337890625,2.2541
-3.18450927734375,2.25415
-2.84942626953125,2.2542
-3.1915283203125,2.25425
-3.10516357421875,2.2543
-2.88970947265625,2.25435
-3.33221435546875,2.2544
-3.2568359375,2.25445
-3.0322265625,2.2545
-2.857666015625,2.25455
-3.31756591796875,2.2546
-3.23577880859375,2.25465
-3.2379150390625,2.2547
-2.8350830078125,2.25475
-3.0224609375,2.2548
-3.07830810546875,2.25485
-3.0859375,2.2549
-2.92694091796875,2.25495
-3.05908203125,2.255
-2.93670654296875,2.25505
-3.037109375,2.2551
-3.02459716796875,2.25515
-2.96539306640625,2.2552
-2.8936767578125,2.25525
-3.09356689453125,2.2553
-2.96295166015625,2.25535
-3.1500244140625,2.2554
-3.2330322265625,2.25545
-3.21533203125,2.2555
-3.1561279296875,2.25555
-3.12255859375,2.2556
-3.08685302734375,2.25565
-2.8411865234375,2.2557
-2.969970703125,2.25575
-3.07342529296875,2.2558
-2.95318603515625,2.25585
-2.9534912109375,2.2559
-2.92572021484375,2.25595
-2.94097900390625,2.256
-3.2269287109375,2.25605
-3.1390380859375,2.2561
-3.26446533203125,2.25615
-3.01025390625,2.2562
-3.14605712890625,2.25625
-3.477783203125,2.2563
-3.41033935546875,2.25635
-3.1353759765625,2.2564
-3.15399169921875,2.25645
-3.4613037109375,2.2565
-2.9083251953125,2.25655
-3.34625244140625,2.2566
-3.20343017578125,2.25665
-3.00994873046875,2.2567
-3.02001953125,2.25675
-3.267822265625,2.2568
-3.02825927734375,2.25685
-3.60992431640625,2.2569
-3.34747314453125,2.25695
-3.31451416015625,2.257
-3.0340576171875,2.25705
-3.070068359375,2.2571
-3.31329345703125,2.25715
-3.50494384765625,2.2572
-3.31512451171875,2.25725
-3.47747802734375,2.2573
-3.03497314453125,2.25735
-3.35723876953125,2.2574
-3.3489990234375,2.25745
-3.1219482421875,2.2575
-3.131103515625,2.25755
-3.06243896484375,2.2576
-3.15032958984375,2.25765
-3.08502197265625,2.2577
-3.18450927734375,2.25775
-3.04473876953125,2.2578
-3.2666015625,2.25785
-2.99285888671875,2.2579
-3.21533203125,2.25795
-3.1890869140625,2.258
-3.133544921875,2.25805
-2.928466796875,2.2581
-3.294677734375,2.25815
-2.7294921875,2.2582
-2.89306640625,2.25825
-3.05267333984375,2.2583
-2.66143798828125,2.25835
-2.85400390625,2.2584
-3.05633544921875,2.25845
-2.65533447265625,2.2585
-3.00262451171875,2.25855
-3.06549072265625,2.2586
-3.004150390625,2.25865
-2.99407958984375,2.2587
-3.148193359375,2.25875
-3.01910400390625,2.2588
-2.9150390625,2.25885
-3.1719970703125,2.2589
-3.1390380859375,2.25895
-3.1103515625,2.259
-2.65380859375,2.25905
-3.099365234375,2.2591
-2.98370361328125,2.25915
-2.974853515625,2.2592
-3.0694580078125,2.25925
-3.09906005859375,2.2593
-3.173828125,2.25935
-3.1756591796875,2.2594
-3.23699951171875,2.25945
-3.24127197265625,2.2595
-3.4100341796875,2.25955
-3.04351806640625,2.2596
-3.2855224609375,2.25965
-3.07220458984375,2.2597
-3.30963134765625,2.25975
-3.2568359375,2.2598
-3.12713623046875,2.25985
-3.09173583984375,2.2599
-3.26263427734375,2.25995
-3.17108154296875,2.26
-3.46954345703125,2.26005
-3.45672607421875,2.2601
-3.06549072265625,2.26015
-2.9449462890625,2.2602
-3.20098876953125,2.26025
-2.90679931640625,2.2603
-3.1744384765625,2.26035
-3.13629150390625,2.2604
-2.90679931640625,2.26045
-2.91290283203125,2.2605
-2.9815673828125,2.26055
-3.23822021484375,2.2606
-3.118896484375,2.26065
-2.8857421875,2.2607
-3.02093505859375,2.26075
-3.36212158203125,2.2608
-3.39508056640625,2.26085
-3.25775146484375,2.2609
-3.08502197265625,2.26095
-3.32550048828125,2.261
-3.0712890625,2.26105
-3.26507568359375,2.2611
-3.1915283203125,2.26115
-2.92236328125,2.2612
-3.05145263671875,2.26125
-3.2720947265625,2.2613
-2.8125,2.26135
-3.19610595703125,2.2614
-3.24249267578125,2.26145
-2.9534912109375,2.2615
-2.72064208984375,2.26155
-3.265380859375,2.2616
-2.71728515625,2.26165
-3.16375732421875,2.2617
-3.35845947265625,2.26175
-3.38287353515625,2.2618
-3.096923828125,2.26185
-3.26904296875,2.2619
-2.886962890625,2.26195
-3.0694580078125,2.262
-3.02154541015625,2.26205
-2.95623779296875,2.2621
-3.10302734375,2.26215
-2.72125244140625,2.2622
-2.93304443359375,2.26225
-2.9901123046875,2.2623
-2.9229736328125,2.26235
-2.82135009765625,2.2624
-3.0523681640625,2.26245
-2.8662109375,2.2625
-3.08319091796875,2.26255
-3.1353759765625,2.2626
-3.08197021484375,2.26265
-2.90252685546875,2.2627
-2.8179931640625,2.26275
-3.15460205078125,2.2628
-2.68402099609375,2.26285
-3.03466796875,2.2629
-2.82257080078125,2.26295
-2.81005859375,2.263
-2.76153564453125,2.26305
-2.95257568359375,2.2631
-2.97271728515625,2.26315
-3.1976318359375,2.2632
-3.39080810546875,2.26325
-3.24554443359375,2.2633
-3.31939697265625,2.26335
-3.720703125,2.2634
-3.46405029296875,2.26345
-3.68438720703125,2.2635
-3.51043701171875,2.26355
-3.3837890625,2.2636
-3.44207763671875,2.26365
-3.8409423828125,2.2637
-3.62945556640625,2.26375
-3.7432861328125,2.2638
-3.9697265625,2.26385
-3.8189697265625,2.2639
-4.14520263671875,2.26395
-4.0570068359375,2.264
-3.92425537109375,2.26405
-3.95477294921875,2.2641
-3.79913330078125,2.26415
-3.80401611328125,2.2642
-4.10400390625,2.26425
-3.790283203125,2.2643
-3.580322265625,2.26435
-3.809814453125,2.2644
-3.83392333984375,2.26445
-3.4222412109375,2.2645
-3.5321044921875,2.26455
-3.548583984375,2.2646
-3.5272216796875,2.26465
-3.0975341796875,2.2647
-3.468017578125,2.26475
-2.81524658203125,2.2648
-2.935791015625,2.26485
-3.20220947265625,2.2649
-3.25897216796875,2.26495
-2.83416748046875,2.265
-2.630615234375,2.26505
-2.75115966796875,2.2651
-3.04962158203125,2.26515
-2.66845703125,2.2652
-2.8424072265625,2.26525
-2.691650390625,2.2653
-2.77801513671875,2.26535
-2.91473388671875,2.2654
-2.95135498046875,2.26545
-2.89581298828125,2.2655
-2.901611328125,2.26555
-2.98248291015625,2.2656
-2.91656494140625,2.26565
-2.908935546875,2.2657
-3.13690185546875,2.26575
-3.21258544921875,2.2658
-2.88330078125,2.26585
-3.358154296875,2.2659
-3.25927734375,2.26595
-3.32244873046875,2.266
-3.38623046875,2.26605
-3.53363037109375,2.2661
-3.2830810546875,2.26615
-3.1536865234375,2.2662
-3.53057861328125,2.26625
-3.40087890625,2.2663
-3.2769775390625,2.26635
-3.1964111328125,2.2664
-3.13201904296875,2.26645
-2.762451171875,2.2665
-3.13568115234375,2.26655
-2.88055419921875,2.2666
-2.8369140625,2.26665
-2.69866943359375,2.2667
-2.7923583984375,2.26675
-2.85400390625,2.2668
-3.095703125,2.26685
-3.10638427734375,2.2669
-2.74932861328125,2.26695
-2.8857421875,2.267
-2.7618408203125,2.26705
-3.3294677734375,2.2671
-2.97760009765625,2.26715
-2.686767578125,2.2672
-2.89642333984375,2.26725
-2.87811279296875,2.2673
-2.5286865234375,2.26735
-3.1182861328125,2.2674
-2.71087646484375,2.26745
-2.75390625,2.2675
-2.73651123046875,2.26755
-2.786865234375,2.2676
-2.67852783203125,2.26765
-3.03924560546875,2.2677
-3.2720947265625,2.26775
-3.37615966796875,2.2678
-2.9302978515625,2.26785
-3.22723388671875,2.2679
-3.0169677734375,2.26795
-3.10211181640625,2.268
-3.15582275390625,2.26805
-3.13140869140625,2.2681
-2.82257080078125,2.26815
-2.9815673828125,2.2682
-3.0377197265625,2.26825
-2.97119140625,2.2683
-2.9168701171875,2.26835
-3.0340576171875,2.2684
-3.13385009765625,2.26845
-3.14056396484375,2.2685
-3.23333740234375,2.26855
-3.20892333984375,2.2686
-3.277587890625,2.26865
-2.801513671875,2.2687
-3.291015625,2.26875
-3.150634765625,2.2688
-2.9541015625,2.26885
-3.12591552734375,2.2689
-3.2470703125,2.26895
-2.65289306640625,2.269
-3.15673828125,2.26905
-3.31573486328125,2.2691
-3.294677734375,2.26915
-3.2421875,2.2692
-3.4222412109375,2.26925
-3.18267822265625,2.2693
-3.15460205078125,2.26935
-3.44757080078125,2.2694
-3.49212646484375,2.26945
-3.0657958984375,2.2695
-2.79571533203125,2.26955
-3.22540283203125,2.2696
-3.06976318359375,2.26965
-3.17535400390625,2.2697
-3.15704345703125,2.26975
-2.97271728515625,2.2698
-3.13690185546875,2.26985
-3.2928466796875,2.2699
-3.1884765625,2.26995
-3.287353515625,2.27
-3.3245849609375,2.27005
-3.121337890625,2.2701
-3.14697265625,2.27015
-3.06884765625,2.2702
-3.41796875,2.27025
-3.19091796875,2.2703
-2.8863525390625,2.27035
-3.30108642578125,2.2704
-3.11431884765625,2.27045
-3.04168701171875,2.2705
-3.3282470703125,2.27055
-3.3135986328125,2.2706
-2.908935546875,2.27065
-3.13720703125,2.2707
-3.43017578125,2.27075
-2.95867919921875,2.2708
-3.34991455078125,2.27085
-3.38897705078125,2.2709
-3.39111328125,2.27095
-3.00018310546875,2.271
-3.310546875,2.27105
-3.38531494140625,2.2711
-3.323974609375,2.27115
-3.01025390625,2.2712
-3.10455322265625,2.27125
-3.11004638671875,2.2713
-3.40423583984375,2.27135
-3.27545166015625,2.2714
-3.079833984375,2.27145
-2.91595458984375,2.2715
-2.928466796875,2.27155
-3.26080322265625,2.2716
-3.12103271484375,2.27165
-2.89337158203125,2.2717
-3.25531005859375,2.27175
-3.29010009765625,2.2718
-2.95257568359375,2.27185
-3.53424072265625,2.2719
-3.27117919921875,2.27195
-3.11004638671875,2.272
-2.84759521484375,2.27205
-3.13629150390625,2.2721
-2.72979736328125,2.27215
-2.91259765625,2.2722
-3.1292724609375,2.27225
-3.09173583984375,2.2723
-2.88360595703125,2.27235
-3.0401611328125,2.2724
-2.8411865234375,2.27245
-3.0615234375,2.2725
-3.206787109375,2.27255
-3.1207275390625,2.2726
-2.73040771484375,2.27265
-2.75909423828125,2.2727
-3.05389404296875,2.27275
-3.0889892578125,2.2728
-2.71240234375,2.27285
-2.71392822265625,2.2729
-2.97515869140625,2.27295
-2.777099609375,2.273
-2.75146484375,2.27305
-2.83935546875,2.2731
-2.74993896484375,2.27315
-2.55859375,2.2732
-2.9443359375,2.27325
-2.84759521484375,2.2733
-2.921142578125,2.27335
-2.94219970703125,2.2734
-2.95867919921875,2.27345
-2.7008056640625,2.2735
-2.93304443359375,2.27355
-2.90924072265625,2.2736
-2.89642333984375,2.27365
-3.03985595703125,2.2737
-3.20037841796875,2.27375
-2.8497314453125,2.2738
-2.9608154296875,2.27385
-3.0877685546875,2.2739
-2.93701171875,2.27395
-2.9315185546875,2.274
-2.80181884765625,2.27405
-2.96295166015625,2.2741
-2.83660888671875,2.27415
-3.06396484375,2.2742
-2.97119140625,2.27425
-2.80792236328125,2.2743
-3.0767822265625,2.27435
-2.99163818359375,2.2744
-3.22784423828125,2.27445
-3.1512451171875,2.2745
-2.80029296875,2.27455
-3.15277099609375,2.2746
-2.918701171875,2.27465
-2.8863525390625,2.2747
-3.173828125,2.27475
-2.9339599609375,2.2748
-2.8570556640625,2.27485
-3.038330078125,2.2749
-2.8631591796875,2.27495
-3.00567626953125,2.275
-3.35845947265625,2.27505
-3.3392333984375,2.2751
-3.3099365234375,2.27515
-3.0120849609375,2.2752
-3.4185791015625,2.2752499999999998
-3.016357421875,2.2753
-3.3502197265625,2.27535
-3.21807861328125,2.2754
-3.392333984375,2.2754499999999998
-3.0682373046875,2.2755
-3.0853271484375,2.27555
-3.36334228515625,2.2756
-3.2586669921875,2.2756499999999997
-3.255615234375,2.2757
-3.2452392578125,2.27575
-2.96722412109375,2.2758
-3.341064453125,2.27585
-3.36761474609375,2.2759
-3.20709228515625,2.27595
-3.3404541015625,2.276
-3.228759765625,2.27605
-3.49456787109375,2.2761
-3.343505859375,2.27615
-3.00689697265625,2.2762
-3.34564208984375,2.27625
-3.17047119140625,2.2763
-2.6922607421875,2.27635
-3.37921142578125,2.2763999999999998
-3.16192626953125,2.27645
-3.11370849609375,2.2765
-3.09417724609375,2.27655
-3.2830810546875,2.2765999999999997
-2.99530029296875,2.27665
-3.03955078125,2.2767
-3.17626953125,2.27675
-3.20953369140625,2.2768
-3.06396484375,2.27685
-3.1597900390625,2.2769
-3.03466796875,2.27695
-3.11798095703125,2.277
-3.21258544921875,2.27705
-3.27972412109375,2.2771
-2.9095458984375,2.27715
-2.96356201171875,2.2772
-3.0963134765625,2.27725
-2.900390625,2.2773
-3.0352783203125,2.2773499999999998
-3.03375244140625,2.2774
-2.89642333984375,2.27745
-2.8533935546875,2.2775
-3.079833984375,2.2775499999999997
-3.10546875,2.2776
-3.01055908203125,2.27765
-2.696533203125,2.2777
-3.21746826171875,2.2777499999999997
-2.96417236328125,2.2778
-2.7716064453125,2.27785
-2.97882080078125,2.2779
-3.06427001953125,2.27795
-2.83966064453125,2.278
-2.835693359375,2.27805
-2.767333984375,2.2781
-2.7703857421875,2.27815
-3.0926513671875,2.2782
-3.09967041015625,2.27825
-2.84027099609375,2.2782999999999998
-2.913818359375,2.27835
-3.08013916015625,2.2784
-3.0120849609375,2.27845
-2.93121337890625,2.2784999999999997
-2.80029296875,2.27855
-3.00872802734375,2.2786
-2.66510009765625,2.27865
-3.06976318359375,2.2786999999999997
-2.96539306640625,2.27875
-2.75726318359375,2.2788
-2.97882080078125,2.27885
-3.0084228515625,2.2789
-2.68310546875,2.27895
-2.94158935546875,2.279
-2.76031494140625,2.27905
-2.7423095703125,2.2791
-2.6898193359375,2.27915
-2.71759033203125,2.2792
-3.05755615234375,2.2792499999999998
-2.72674560546875,2.2793
-2.4639892578125,2.27935
-2.7392578125,2.2794
-2.8271484375,2.2794499999999998
-2.43865966796875,2.2795
-2.93670654296875,2.27955
-2.83111572265625,2.2796
-2.69927978515625,2.2796499999999997
-2.72857666015625,2.2797
-2.918701171875,2.27975
-2.56988525390625,2.2798
-2.72857666015625,2.27985
-2.82989501953125,2.2799
-2.89337158203125,2.27995
-2.63580322265625,2.28
-2.4957275390625,2.28005
-2.6959228515625,2.2801
-2.88726806640625,2.28015
-2.61688232421875,2.2802
-2.99041748046875,2.28025
-2.50244140625,2.2803
-2.7459716796875,2.28035
-2.9559326171875,2.2803999999999998
-2.7020263671875,2.28045
-2.68951416015625,2.2805
-2.52960205078125,2.28055
-2.572021484375,2.2805999999999997
-2.78472900390625,2.28065
-2.44537353515625,2.2807
-2.7239990234375,2.28075
-2.66082763671875,2.2808
-2.47772216796875,2.28085
-3.02032470703125,2.2809
-2.7630615234375,2.28095
-2.71209716796875,2.281
-2.73895263671875,2.28105
-3.05023193359375,2.2811
-2.618408203125,2.28115
-2.7813720703125,2.2812
-2.73468017578125,2.28125
-2.52685546875,2.2813
-2.83111572265625,2.2813499999999998
-2.75970458984375,2.2814
-2.322998046875,2.28145
-2.5677490234375,2.2815
-2.7276611328125,2.2815499999999997
-2.738037109375,2.2816
-2.65625,2.28165
-2.59552001953125,2.2817
-2.92266845703125,2.2817499999999997
-2.85430908203125,2.2818
-2.89459228515625,2.28185
-2.8057861328125,2.2819
-2.62542724609375,2.28195
-2.83172607421875,2.282
-3.084716796875,2.28205
-2.8887939453125,2.2821
-3.1085205078125,2.28215
-2.74078369140625,2.2822
-3.15277099609375,2.28225
-3.1280517578125,2.2822999999999998
-2.89154052734375,2.28235
-3.250732421875,2.2824
-3.0902099609375,2.28245
-3.11187744140625,2.2824999999999998
-2.97576904296875,2.28255
-2.93609619140625,2.2826
-2.63153076171875,2.28265
-3.0865478515625,2.2826999999999997
-3.255615234375,2.28275
-3.0255126953125,2.2828
-2.85888671875,2.28285
-3.1121826171875,2.2829
-2.82135009765625,2.28295
-3.189697265625,2.283
-3.07159423828125,2.28305
-3.0322265625,2.2831
-2.81036376953125,2.28315
-3.184814453125,2.2832
-3.22784423828125,2.28325
-3.2861328125,2.2833
-3.01666259765625,2.28335
-3.41644287109375,2.2834
-3.10089111328125,2.2834499999999998
-3.22906494140625,2.2835
-3.28765869140625,2.28355
-3.238525390625,2.2836
-3.0963134765625,2.2836499999999997
-2.88726806640625,2.2837
-3.06365966796875,2.28375
-3.240966796875,2.2838
-3.06915283203125,2.28385
-3.03070068359375,2.2839
-3.118896484375,2.28395
-2.94769287109375,2.284
-3.27392578125,2.28405
-3.3465576171875,2.2841
-3.3258056640625,2.28415
-3.12103271484375,2.2842
-3.47900390625,2.28425
-3.0548095703125,2.2843
-3.0645751953125,2.28435
-3.07464599609375,2.2843999999999998
-3.2098388671875,2.28445
-2.84393310546875,2.2845
-2.78045654296875,2.28455
-2.93243408203125,2.2845999999999997
-2.92999267578125,2.28465
-3.101806640625,2.2847
-3.2427978515625,2.28475
-2.86712646484375,2.2847999999999997
-3.05633544921875,2.28485
-3.3056640625,2.2849
-3.37127685546875,2.28495
-3.2171630859375,2.285
-3.18756103515625,2.28505
-2.943115234375,2.2851
-2.9736328125,2.28515
-3.1982421875,2.2852
-3.19580078125,2.28525
-3.2061767578125,2.2853
-2.85064697265625,2.2853499999999998
-3.226318359375,2.2854
-3.04656982421875,2.28545
-3.21990966796875,2.2855
-3.43719482421875,2.2855499999999997
-3.55438232421875,2.2856
-3.36395263671875,2.28565
-3.49578857421875,2.2857
-3.50982666015625,2.2857499999999997
-3.173828125,2.2858
-3.48876953125,2.28585
-3.35296630859375,2.2859
-3.50494384765625,2.28595
-3.01361083984375,2.286
-3.19000244140625,2.28605
-3.31787109375,2.2861
-3.07037353515625,2.28615
-3.179931640625,2.2862
-3.29498291015625,2.28625
-2.9095458984375,2.2862999999999998
-3.392333984375,2.28635
-3.24859619140625,2.2864
-3.0413818359375,2.28645
-3.0145263671875,2.2864999999999998
-3.211669921875,2.28655
-3.2366943359375,2.2866
-3.1146240234375,2.28665
-2.91351318359375,2.2866999999999997
-3.09539794921875,2.28675
-2.90985107421875,2.2868
-2.6806640625,2.28685
-2.9833984375,2.2869
-3.11065673828125,2.28695
-3.13323974609375,2.287
-2.935791015625,2.28705
-2.85003662109375,2.2871
-2.87261962890625,2.28715
-3.16314697265625,2.2872
-3.32916259765625,2.28725
-3.17169189453125,2.2873
-2.96630859375,2.28735
-3.01788330078125,2.2874
-3.27178955078125,2.2874499999999998
-3.11187744140625,2.2875
-3.01849365234375,2.28755
-3.082275390625,2.2876
-2.5982666015625,2.2876499999999997
-2.9150390625,2.2877
-2.9522705078125,2.28775
-2.92205810546875,2.2878
-2.7716064453125,2.2878499999999997
-3.14788818359375,2.2879
-2.769775390625,2.28795
-3.0322265625,2.288
-3.08197021484375,2.28805
-3.150634765625,2.2881
-2.767333984375,2.28815
-2.77557373046875,2.2882
-2.95501708984375,2.28825
-3.03741455078125,2.2883
-2.9608154296875,2.28835
-2.906494140625,2.2883999999999998
-3.2659912109375,2.28845
-2.94647216796875,2.2885
-3.24432373046875,2.28855
-3.69110107421875,2.2885999999999997
-3.60809326171875,2.28865
-3.84002685546875,2.2887
-3.97857666015625,2.28875
-3.69781494140625,2.2887999999999997
-3.8555908203125,2.28885
-3.919677734375,2.2889
-3.78814697265625,2.28895
-3.692626953125,2.289
-3.52081298828125,2.28905
-3.707275390625,2.2891
-3.3203125,2.28915
-3.66546630859375,2.2892
-3.75,2.28925
-3.16009521484375,2.2893
-3.59771728515625,2.2893499999999998
-3.63525390625,2.2894
-3.59344482421875,2.28945
-3.6761474609375,2.2895
-3.7139892578125,2.2895499999999998
-3.58306884765625,2.2896
-3.45458984375,2.28965
-3.7689208984375,2.2897
-3.802490234375,2.2897499999999997
-3.29376220703125,2.2898
-3.30047607421875,2.28985
-3.2940673828125,2.2899
-3.0377197265625,2.28995
-2.97821044921875,2.29
-3.18756103515625,2.29005
-3.29620361328125,2.2901
-2.8778076171875,2.29015
-2.998046875,2.2902
-2.97637939453125,2.29025
-2.79144287109375,2.2903
-2.93487548828125,2.29035
-3.21807861328125,2.2904
-3.01361083984375,2.29045
-2.841796875,2.2904999999999998
-3.08746337890625,2.29055
-3.42041015625,2.2906
-3.29254150390625,2.29065
-3.06060791015625,2.2906999999999997
-3.38653564453125,2.29075
-2.7691650390625,2.2908
-3.25042724609375,2.29085
-3.1243896484375,2.2909
-3.1524658203125,2.29095
-2.94281005859375,2.291
-3.3245849609375,2.29105
-3.31817626953125,2.2911
-3.4527587890625,2.29115
-3.41094970703125,2.2912
-3.5223388671875,2.29125
-3.214111328125,2.2913
-3.42071533203125,2.29135
-3.7896728515625,2.2914
-3.4881591796875,2.2914499999999998
-3.4918212890625,2.2915
-3.42254638671875,2.29155
-3.53118896484375,2.2916
-3.143310546875,2.2916499999999997
-3.2452392578125,2.2917
-3.44573974609375,2.29175
-3.128662109375,2.2918
-3.01727294921875,2.2918499999999997
-3.2244873046875,2.2919
-3.1463623046875,2.29195
-3.17535400390625,2.292
-3.23883056640625,2.29205
-3.2421875,2.2921
-2.7496337890625,2.29215
-2.89215087890625,2.2922
-2.87933349609375,2.29225
-3.07861328125,2.2923
-2.93487548828125,2.29235
-2.64739990234375,2.2923999999999998
-2.65838623046875,2.29245
-2.735595703125,2.2925
-2.763671875,2.29255
-2.84210205078125,2.2925999999999997
-2.61932373046875,2.29265
-2.4481201171875,2.2927
-2.85614013671875,2.29275
-2.77130126953125,2.2927999999999997
-2.95166015625,2.29285
-2.82623291015625,2.2929
-2.80364990234375,2.29295
-2.77099609375,2.293
-2.92236328125,2.29305
-3.11737060546875,2.2931
-2.8680419921875,2.29315
-3.031005859375,2.2932
-3.08319091796875,2.29325
-2.8778076171875,2.2933
-2.79205322265625,2.2933499999999998
-2.96783447265625,2.2934
-2.9254150390625,2.29345
-2.77008056640625,2.2935
-2.938232421875,2.2935499999999998
-2.923583984375,2.2936
-2.843017578125,2.29365
-3.0743408203125,2.2937
-3.0657958984375,2.2937499999999997
-2.65411376953125,2.2938
-2.85736083984375,2.29385
-2.7593994140625,2.2939
-2.82958984375,2.29395
-3.00323486328125,2.294
-2.61505126953125,2.29405
-3.03436279296875,2.2941
-2.67120361328125,2.29415
-2.63458251953125,2.2942
-2.808837890625,2.29425
-2.60467529296875,2.2943
-2.5372314453125,2.29435
-2.8704833984375,2.2944
-2.7392578125,2.29445
-2.96112060546875,2.2944999999999998
-3.20526123046875,2.29455
-3.2171630859375,2.2946
-3.00262451171875,2.29465
-2.933349609375,2.2946999999999997
-3.11767578125,2.29475
-2.83416748046875,2.2948
-2.91595458984375,2.29485
-3.04840087890625,2.2948999999999997
-3.24859619140625,2.29495
-2.77130126953125,2.295
-2.9376220703125,2.29505
-3.12896728515625,2.2951
-3.1402587890625,2.29515
-3.0511474609375,2.2952
-3.2421875,2.29525
-2.86529541015625,2.2953
-3.17657470703125,2.29535
-3.03741455078125,2.2954
-2.950439453125,2.2954499999999998
-2.9791259765625,2.2955
-2.691650390625,2.29555
-3.06610107421875,2.2956
-3.065185546875,2.2956499999999997
-3.02093505859375,2.2957
-2.95654296875,2.29575
-2.7789306640625,2.2958
-2.62969970703125,2.2958499999999997
-3.10791015625,2.2959
-2.891845703125,2.29595
-3.1329345703125,2.296
-3.0364990234375,2.29605
-3.12225341796875,2.2961
-2.86285400390625,2.29615
-2.84271240234375,2.2962
-2.89154052734375,2.29625
-2.930908203125,2.2963
-2.6666259765625,2.29635
-2.74444580078125,2.2963999999999998
-2.89825439453125,2.29645
-2.84393310546875,2.2965
-3.001708984375,2.29655
-3.08441162109375,2.2965999999999998
-2.60101318359375,2.29665
-2.7618408203125,2.2967
-2.7166748046875,2.29675
-2.83477783203125,2.2967999999999997
-2.66021728515625,2.29685
-2.8875732421875,2.2969
-2.647705078125,2.29695
-2.7740478515625,2.297
-2.957763671875,2.29705
-3.03985595703125,2.2971
-2.84881591796875,2.29715
-2.49755859375,2.2972
-3.0963134765625,2.29725
-2.85430908203125,2.2973
-2.877197265625,2.29735
-3.01788330078125,2.2974
-3.05511474609375,2.29745
-2.8125,2.2975
-3.30596923828125,2.2975499999999998
-2.96722412109375,2.2976
-2.92388916015625,2.29765
-3.32122802734375,2.2977
-3.133544921875,2.2977499999999997
-2.9046630859375,2.2978
-2.93609619140625,2.29785
-2.8094482421875,2.2979
-3.0792236328125,2.29795
-2.82379150390625,2.298
-2.8826904296875,2.29805
-3.07159423828125,2.2981
-2.6373291015625,2.29815
-2.8729248046875,2.2982
-2.79510498046875,2.29825
-2.7667236328125,2.2983
-2.79754638671875,2.29835
-2.950439453125,2.2984
-2.6885986328125,2.29845
-2.97760009765625,2.2984999999999998
-2.962646484375,2.29855
-3.06976318359375,2.2986
-2.81280517578125,2.29865
-2.833251953125,2.2986999999999997
-3.13507080078125,2.29875
-3.09967041015625,2.2988
-3.08074951171875,2.29885
-2.9376220703125,2.2988999999999997
-2.95562744140625,2.29895
-2.9095458984375,2.299
-3.3575439453125,2.29905
-3.4637451171875,2.2991
-3.177490234375,2.29915
-3.40545654296875,2.2992
-3.21044921875,2.29925
-3.16680908203125,2.2993
-3.45947265625,2.29935
-3.30322265625,2.2994
-3.36669921875,2.2994499999999998
-3.1854248046875,2.2995
-3.0828857421875,2.29955
-3.121337890625,2.2996
-3.21929931640625,2.2996499999999997
-3.27911376953125,2.2997
-3.2916259765625,2.29975
-3.011474609375,2.2998
-3.06304931640625,2.2998499999999997
-3.2916259765625,2.2999
-3.30535888671875,2.29995
-2.960205078125,2.3000000000000003
-2.9241943359375,2.30005
-2.9736328125,2.3001000000000005
-3.4271240234375,2.3001500000000004
-3.19549560546875,2.3002000000000002
-3.1304931640625,2.30025
-3.1536865234375,2.3003000000000005
-3.00384521484375,2.3003500000000003
-3.1658935546875,2.3004000000000002
-3.16558837890625,2.30045
-3.13934326171875,2.3005000000000004
-3.25775146484375,2.3005500000000003
-3.41064453125,2.3006
-2.9150390625,2.30065
-3.262939453125,2.3007000000000004
-3.12591552734375,2.3007500000000003
-3.02520751953125,2.3008
-3.1036376953125,2.30085
-3.3306884765625,2.3009000000000004
-3.055419921875,2.3009500000000003
-3.2293701171875,2.301
-3.338623046875,2.3010500000000005
-3.5675048828125,2.3011000000000004
-3.0938720703125,2.3011500000000003
-3.3782958984375,2.3012
-3.17413330078125,2.3012500000000005
-2.97760009765625,2.3013000000000003
-3.20343017578125,2.3013500000000002
-3.12957763671875,2.3014
-2.99774169921875,2.3014500000000004
-3.04107666015625,2.3015000000000003
-3.167724609375,2.30155
-2.98492431640625,2.3016
-3.01971435546875,2.3016500000000004
-3.16131591796875,2.3017000000000003
-3.1561279296875,2.30175
-2.930908203125,2.3018
-3.167724609375,2.3018500000000004
-3.2171630859375,2.3019000000000003
-3.2525634765625,2.30195
-3.079833984375,2.302
-3.06243896484375,2.3020500000000004
-3.08868408203125,2.3021000000000003
-2.880859375,2.30215
-3.067626953125,2.3022000000000005
-3.18695068359375,2.3022500000000004
-2.95074462890625,2.3023000000000002
-3.09539794921875,2.30235
-3.089599609375,2.3024000000000004
-3.26141357421875,2.3024500000000003
-3.192138671875,2.3025
-3.3538818359375,2.30255
-3.3367919921875,2.3026000000000004
-2.977294921875,2.3026500000000003
-3.3056640625,2.3027
-3.16925048828125,2.30275
-3.2073974609375,2.3028000000000004
-3.23486328125,2.3028500000000003
-3.20526123046875,2.3029
-3.0108642578125,2.30295
-3.284912109375,2.3030000000000004
-3.14422607421875,2.3030500000000003
-3.25439453125,2.3031
-2.9400634765625,2.3031500000000005
-2.81951904296875,2.3032000000000004
-3.2379150390625,2.3032500000000002
-2.93853759765625,2.3033
-3.1304931640625,2.3033500000000005
-3.06976318359375,2.3034000000000003
-2.89520263671875,2.30345
-3.01239013671875,2.3035
-2.95166015625,2.3035500000000004
-3.05145263671875,2.3036000000000003
-3.0059814453125,2.30365
-2.87109375,2.3037
-3.0499267578125,2.3037500000000004
-2.90740966796875,2.3038000000000003
-3.12652587890625,2.30385
-3.06640625,2.3039
-3.24798583984375,2.3039500000000004
-2.88482666015625,2.3040000000000003
-2.9180908203125,2.30405
-2.88238525390625,2.3041000000000005
-3.14605712890625,2.3041500000000004
-3.12408447265625,2.3042000000000002
-3.04443359375,2.30425
-2.68310546875,2.3043000000000005
-2.969970703125,2.3043500000000003
-3.1280517578125,2.3044000000000002
-3.07769775390625,2.30445
-3.116455078125,2.3045000000000004
-2.8564453125,2.3045500000000003
-3.01055908203125,2.3046
-3.07464599609375,2.30465
-3.06976318359375,2.3047000000000004
-2.838134765625,2.3047500000000003
-3.045654296875,2.3048
-2.87567138671875,2.30485
-3.140869140625,2.3049000000000004
-2.87750244140625,2.3049500000000003
-3.04779052734375,2.305
-3.13507080078125,2.3050500000000005
-2.919921875,2.3051000000000004
-2.84820556640625,2.3051500000000003
-2.89703369140625,2.3052
-2.84423828125,2.3052500000000005
-2.90802001953125,2.3053000000000003
-2.926025390625,2.3053500000000002
-2.93701171875,2.3054
-2.78656005859375,2.3054500000000004
-2.7655029296875,2.3055000000000003
-3.06671142578125,2.30555
-3.14300537109375,2.3056
-2.6702880859375,2.3056500000000004
-2.864990234375,2.3057000000000003
-2.96630859375,2.30575
-2.69866943359375,2.3058
-3.013916015625,2.3058500000000004
-2.958984375,2.3059000000000003
-2.84088134765625,2.30595
-2.6763916015625,2.306
-2.88360595703125,2.3060500000000004
-2.89215087890625,2.3061000000000003
-2.81494140625,2.30615
-2.7362060546875,2.3062000000000005
-2.806396484375,2.3062500000000004
-2.74200439453125,2.3063000000000002
-2.7838134765625,2.30635
-2.98583984375,2.3064000000000004
-3.1463623046875,2.3064500000000003
-2.7734375,2.3065
-3.0731201171875,2.30655
-2.5616455078125,2.3066000000000004
-2.7374267578125,2.3066500000000003
-2.79388427734375,2.3067
-2.84454345703125,2.30675
-2.8216552734375,2.3068000000000004
-2.72796630859375,2.3068500000000003
-2.679443359375,2.3069
-2.884521484375,2.30695
-2.94036865234375,2.3070000000000004
-2.9296875,2.3070500000000003
-3.050537109375,2.3071
-2.7734375,2.3071500000000005
-2.99346923828125,2.3072000000000004
-3.150634765625,2.3072500000000002
-3.0694580078125,2.3073
-2.76824951171875,2.3073500000000005
-3.03558349609375,2.3074000000000003
-2.7020263671875,2.3074500000000002
-3.0706787109375,2.3075
-2.98309326171875,2.3075500000000004
-3.03009033203125,2.3076000000000003
-2.97760009765625,2.30765
-2.89581298828125,2.3077
-2.89306640625,2.3077500000000004
-3.08990478515625,2.3078000000000003
-3.2183837890625,2.30785
-3.033447265625,2.3079
-3.14483642578125,2.3079500000000004
-2.77618408203125,2.3080000000000003
-3.2159423828125,2.30805
-3.14544677734375,2.3081000000000005
-2.9498291015625,2.3081500000000004
-2.88848876953125,2.3082000000000003
-3.1475830078125,2.30825
-2.94891357421875,2.3083000000000005
-2.98309326171875,2.3083500000000003
-2.99957275390625,2.3084000000000002
-3.1744384765625,2.30845
-2.89581298828125,2.3085000000000004
-3.22052001953125,2.3085500000000003
-2.9034423828125,2.3086
-3.03497314453125,2.30865
-3.25958251953125,2.3087000000000004
-3.29254150390625,2.3087500000000003
-2.8973388671875,2.3088
-2.96173095703125,2.30885
-3.4063720703125,2.3089000000000004
-2.9705810546875,2.3089500000000003
-2.83203125,2.309
-2.9901123046875,2.30905
-2.8192138671875,2.3091000000000004
-2.7349853515625,2.3091500000000003
-2.9486083984375,2.3092
-2.8387451171875,2.3092500000000005
-3.2135009765625,2.3093000000000004
-2.9473876953125,2.3093500000000002
-3.10638427734375,2.3094
-3.0267333984375,2.3094500000000004
-2.95257568359375,2.3095000000000003
-3.14178466796875,2.30955
-3.33526611328125,2.3096
-3.0218505859375,2.3096500000000004
-3.28704833984375,2.3097000000000003
-3.17535400390625,2.30975
-3.365478515625,2.3098
-3.2342529296875,2.3098500000000004
-3.37310791015625,2.3099000000000003
-3.00384521484375,2.30995
-2.79876708984375,2.31
-3.228759765625,2.3100500000000004
-3.0523681640625,2.3101000000000003
-3.06427001953125,2.31015
-3.14056396484375,2.3102000000000005
-3.33038330078125,2.3102500000000004
-3.306884765625,2.3103000000000002
-3.505859375,2.31035
-3.57574462890625,2.3104000000000005
-3.60931396484375,2.3104500000000003
-2.99774169921875,2.3105
-3.54522705078125,2.31055
-3.49334716796875,2.3106000000000004
-3.36273193359375,2.3106500000000003
-3.4527587890625,2.3107
-3.3074951171875,2.31075
-3.3258056640625,2.3108000000000004
-3.35540771484375,2.3108500000000003
-3.06488037109375,2.3109
-3.39263916015625,2.31095
-3.277587890625,2.3110000000000004
-3.2598876953125,2.3110500000000003
-3.145751953125,2.3111
-3.21258544921875,2.3111500000000005
-3.26263427734375,2.3112000000000004
-3.23577880859375,2.3112500000000002
-3.228759765625,2.3113
-2.906494140625,2.3113500000000005
-3.1109619140625,2.3114000000000003
-2.7734375,2.3114500000000002
-3.13995361328125,2.3115
-3.154296875,2.3115500000000004
-2.95623779296875,2.3116000000000003
-2.85491943359375,2.31165
-3.204345703125,2.3117
-3.15155029296875,2.3117500000000004
-3.25714111328125,2.3118000000000003
-3.16131591796875,2.31185
-2.996826171875,2.3119
-3.33221435546875,2.3119500000000004
-3.1085205078125,2.3120000000000003
-3.319091796875,2.31205
-3.1451416015625,2.3121000000000005
-3.1146240234375,2.3121500000000004
-3.2366943359375,2.3122000000000003
-3.2232666015625,2.31225
-3.05419921875,2.3123000000000005
-3.1414794921875,2.3123500000000003
-3.35296630859375,2.3124000000000002
-3.19244384765625,2.31245
-3.02276611328125,2.3125000000000004
-3.17169189453125,2.3125500000000003
-2.930908203125,2.3126
-3.1976318359375,2.31265
-2.9327392578125,2.3127000000000004
-3.1982421875,2.3127500000000003
-3.1134033203125,2.3128
-2.879638671875,2.31285
-3.06976318359375,2.3129000000000004
-3.10211181640625,2.3129500000000003
-2.80059814453125,2.313
-3.02734375,2.31305
-2.8497314453125,2.3131000000000004
-2.72247314453125,2.3131500000000003
-3.1591796875,2.3132
-3.16253662109375,2.3132500000000005
-2.92205810546875,2.3133000000000004
-2.7508544921875,2.3133500000000002
-2.803955078125,2.3134
-2.8558349609375,2.3134500000000005
-3.0377197265625,2.3135000000000003
-2.81005859375,2.31355
-2.74505615234375,2.3136
-2.7197265625,2.3136500000000004
-2.996826171875,2.3137000000000003
-3.0126953125,2.31375
-3.250732421875,2.3138
-2.86895751953125,2.3138500000000004
-3.21624755859375,2.3139000000000003
-2.83782958984375,2.31395
-2.94677734375,2.314
-3.0133056640625,2.3140500000000004
-3.04290771484375,2.3141000000000003
-3.2049560546875,2.31415
-3.27117919921875,2.3142000000000005
-3.01116943359375,2.3142500000000004
-3.143310546875,2.3143000000000002
-3.34014892578125,2.31435
-3.52508544921875,2.3144000000000005
-3.50494384765625,2.3144500000000003
-3.37677001953125,2.3145000000000002
-3.56292724609375,2.31455
-3.61114501953125,2.3146000000000004
-3.54644775390625,2.3146500000000003
-3.5772705078125,2.3147
-3.4783935546875,2.31475
-3.3203125,2.3148000000000004
-3.994140625,2.3148500000000003
-3.65814208984375,2.3149
-3.6627197265625,2.31495
-3.66485595703125,2.3150000000000004
-3.431396484375,2.3150500000000003
-3.28765869140625,2.3151
-3.44696044921875,2.3151500000000005
-3.57025146484375,2.3152000000000004
-3.468017578125,2.3152500000000003
-3.60626220703125,2.3153
-3.1622314453125,2.3153500000000005
-3.25042724609375,2.3154000000000003
-3.0731201171875,2.3154500000000002
-2.99072265625,2.3155
-3.03497314453125,2.3155500000000004
-3.101806640625,2.3156000000000003
-2.74139404296875,2.31565
-2.939453125,2.3157
-2.77252197265625,2.3157500000000004
-2.9205322265625,2.3158000000000003
-2.6800537109375,2.31585
-2.77008056640625,2.3159
-2.4224853515625,2.3159500000000004
-2.4371337890625,2.3160000000000003
-2.7093505859375,2.31605
-2.783203125,2.3161
-2.45452880859375,2.3161500000000004
-2.6934814453125,2.3162000000000003
-2.869873046875,2.31625
-2.54791259765625,2.3163000000000005
-2.94647216796875,2.3163500000000004
-2.97454833984375,2.3164000000000002
-2.83721923828125,2.31645
-2.87689208984375,2.3165000000000004
-2.92755126953125,2.3165500000000003
-3.00872802734375,2.3166
-3.3233642578125,2.31665
-3.05145263671875,2.3167000000000004
-3.08502197265625,2.3167500000000003
-3.08502197265625,2.3168
-3.05572509765625,2.31685
-3.22052001953125,2.3169000000000004
-3.39447021484375,2.3169500000000003
-3.1378173828125,2.317
-3.49456787109375,2.31705
-3.1298828125,2.3171000000000004
-3.29681396484375,2.3171500000000003
-3.2171630859375,2.3172
-3.409423828125,2.3172500000000005
-3.12896728515625,2.3173000000000004
-3.01361083984375,2.3173500000000002
-3.0340576171875,2.3174
-3.02764892578125,2.3174500000000005
-3.0804443359375,2.3175000000000003
-3.01422119140625,2.31755
-3.08197021484375,2.3176
-2.88177490234375,2.3176500000000004
-3.07830810546875,2.3177000000000003
-3.0706787109375,2.31775
-2.88330078125,2.3178
-2.64434814453125,2.3178500000000004
-2.95257568359375,2.3179000000000003
-2.7557373046875,2.31795
-2.869873046875,2.318
-2.83843994140625,2.3180500000000004
-2.71087646484375,2.3181000000000003
-2.664794921875,2.31815
-2.95684814453125,2.3182000000000005
-2.5640869140625,2.3182500000000004
-2.90069580078125,2.3183000000000002
-2.841796875,2.31835
-2.97821044921875,2.3184000000000005
-2.91656494140625,2.3184500000000003
-2.9473876953125,2.3185000000000002
-2.98248291015625,2.31855
-2.88116455078125,2.3186000000000004
-3.2305908203125,2.3186500000000003
-3.1719970703125,2.3187
-3.27178955078125,2.31875
-2.6910400390625,2.3188000000000004
-3.201904296875,2.3188500000000003
-3.4625244140625,2.3189
-3.2659912109375,2.31895
-3.13323974609375,2.3190000000000004
-3.39599609375,2.3190500000000003
-3.3575439453125,2.3191
-3.28582763671875,2.3191500000000005
-3.2672119140625,2.3192000000000004
-3.20465087890625,2.3192500000000003
-3.12896728515625,2.3193
-3.1427001953125,2.3193500000000005
-3.1097412109375,2.3194000000000004
-3.07586669921875,2.3194500000000002
-3.35662841796875,2.3195
-3.155517578125,2.3195500000000004
-2.89886474609375,2.3196000000000003
-3.1048583984375,2.31965
-3.18450927734375,2.3197
-3.2794189453125,2.3197500000000004
-3.3380126953125,2.3198000000000003
-3.28338623046875,2.31985
-3.07708740234375,2.3199
-3.06671142578125,2.3199500000000004
-3.28399658203125,2.3200000000000003
-2.9669189453125,2.32005
-3.2830810546875,2.3201
-3.12408447265625,2.3201500000000004
-3.084716796875,2.3202000000000003
-3.13568115234375,2.32025
-3.19580078125,2.3203000000000005
-3.18450927734375,2.3203500000000004
-3.24371337890625,2.3204000000000002
-2.83538818359375,2.32045
-2.89306640625,2.3205000000000005
-3.21990966796875,2.3205500000000003
-3.3740234375,2.3206
-3.0780029296875,2.32065
-3.0780029296875,2.3207000000000004
-3.115234375,2.3207500000000003
-2.87811279296875,2.3208
-3.26751708984375,2.32085
-3.319091796875,2.3209000000000004
-2.8448486328125,2.3209500000000003
-3.34869384765625,2.321
-3.42987060546875,2.32105
-3.017578125,2.3211000000000004
-3.6187744140625,2.3211500000000003
-3.53607177734375,2.3212
-3.32244873046875,2.3212500000000005
-2.92877197265625,2.3213000000000004
-3.45794677734375,2.3213500000000002
-3.2415771484375,2.3214
-3.275146484375,2.3214500000000005
-3.50250244140625,2.3215000000000003
-3.5174560546875,2.3215500000000002
-3.30596923828125,2.3216
-3.3575439453125,2.3216500000000004
-3.14605712890625,2.3217000000000003
-3.4234619140625,2.32175
-3.353271484375,2.3218
-3.17962646484375,2.3218500000000004
-3.36761474609375,2.3219000000000003
-3.08074951171875,2.32195
-3.2781982421875,2.322
-3.3905029296875,2.3220500000000004
-3.1256103515625,2.3221000000000003
-3.00140380859375,2.32215
-3.31390380859375,2.3222000000000005
-3.16009521484375,2.3222500000000004
-3.2177734375,2.3223000000000003
-3.3404541015625,2.32235
-3.2806396484375,2.3224000000000005
-2.84698486328125,2.3224500000000003
-3.38134765625,2.3225000000000002
-3.428955078125,2.32255
-3.2330322265625,2.3226000000000004
-3.394775390625,2.3226500000000003
-3.22021484375,2.3227
-3.204345703125,2.32275
-3.1182861328125,2.3228000000000004
-3.10546875,2.3228500000000003
-3.04290771484375,2.3229
-3.1134033203125,2.32295
-3.13690185546875,2.3230000000000004
-3.076171875,2.3230500000000003
-3.0322265625,2.3231
-3.19976806640625,2.32315
-3.15582275390625,2.3232000000000004
-3.01025390625,2.3232500000000003
-2.75665283203125,2.3233
-2.8314208984375,2.3233500000000005
-2.9132080078125,2.3234000000000004
-3.2330322265625,2.3234500000000002
-2.9766845703125,2.3235
-2.77923583984375,2.3235500000000004
-3.128662109375,2.3236000000000003
-3.0133056640625,2.32365
-3.0072021484375,2.3237
-3.06488037109375,2.3237500000000004
-2.8961181640625,2.3238000000000003
-3.050537109375,2.32385
-2.86041259765625,2.3239
-2.83782958984375,2.3239500000000004
-3.27301025390625,2.3240000000000003
-2.94189453125,2.32405
-2.73773193359375,2.3241
-3.02581787109375,2.3241500000000004
-2.9718017578125,2.3242000000000003
-2.79937744140625,2.32425
-3.099365234375,2.3243000000000005
-3.11737060546875,2.3243500000000004
-3.07159423828125,2.3244000000000002
-2.84881591796875,2.32445
-3.12591552734375,2.3245000000000005
-2.872314453125,2.3245500000000003
-3.00537109375,2.3246
-2.97393798828125,2.32465
-3.306884765625,2.3247000000000004
-2.82470703125,2.3247500000000003
-3.00048828125,2.3248
-3.10943603515625,2.32485
-3.31024169921875,2.3249000000000004
-2.989501953125,2.3249500000000003
-3.23211669921875,2.325
-3.02947998046875,2.32505
-3.046875,2.3251000000000004
-3.25958251953125,2.3251500000000003
-3.079833984375,2.3252
-3.2861328125,2.32525
-2.98583984375,2.3253000000000004
-3.0029296875,2.3253500000000003
-3.050537109375,2.3254
-2.90130615234375,2.32545
-3.0279541015625,2.3255000000000003
-3.22723388671875,2.3255500000000002
-2.75421142578125,2.3256
-3.3953857421875,2.32565
-3.3026123046875,2.3257000000000003
-3.3331298828125,2.32575
-3.216552734375,2.3258
-3.3673095703125,2.3258500000000004
-3.10302734375,2.3259000000000003
-2.9742431640625,2.32595
-3.23822021484375,2.326
-3.20526123046875,2.3260500000000004
-3.197021484375,2.3261000000000003
-2.87841796875,2.32615
-2.923583984375,2.3262
-3.04656982421875,2.3262500000000004
-3.338623046875,2.3263000000000003
-3.23394775390625,2.32635
-3.1158447265625,2.3264
-3.045654296875,2.3264500000000004
-3.58856201171875,2.3265000000000002
-3.44573974609375,2.32655
-3.37982177734375,2.3266
-3.33587646484375,2.3266500000000003
-3.28094482421875,2.3267
-3.25286865234375,2.32675
-3.34747314453125,2.3268000000000004
-3.53973388671875,2.3268500000000003
-3.2708740234375,2.3269
-2.97119140625,2.32695
-3.5089111328125,2.3270000000000004
-3.33404541015625,2.3270500000000003
-3.1597900390625,2.3271
-3.624267578125,2.32715
-3.52294921875,2.3272000000000004
-3.34564208984375,2.3272500000000003
-3.41033935546875,2.3273
-3.3062744140625,2.32735
-3.02520751953125,2.3274000000000004
-3.5833740234375,2.3274500000000002
-3.49822998046875,2.3275
-3.475341796875,2.32755
-3.1854248046875,2.3276000000000003
-3.20556640625,2.32765
-3.2843017578125,2.3277
-3.23150634765625,2.32775
-3.02581787109375,2.3278000000000003
-3.177490234375,2.32785
-2.8253173828125,2.3279
-3.2000732421875,2.3279500000000004
-3.15216064453125,2.3280000000000003
-2.97698974609375,2.32805
-2.91290283203125,2.3281
-3.0712890625,2.3281500000000004
-2.96478271484375,2.3282000000000003
-3.05511474609375,2.32825
-2.97271728515625,2.3283
-3.001708984375,2.3283500000000004
-3.114013671875,2.3284000000000002
-2.73162841796875,2.32845
-3.12713623046875,2.3285
-2.9779052734375,2.3285500000000003
-2.862548828125,2.3286000000000002
-2.74566650390625,2.32865
-2.96722412109375,2.3287
-2.4774169921875,2.3287500000000003
-3.00994873046875,2.3288
-3.265380859375,2.32885
-3.11004638671875,2.3289000000000004
-2.9071044921875,2.3289500000000003
-3.26873779296875,2.329
-2.8948974609375,2.32905
-3.1903076171875,2.3291000000000004
-3.01788330078125,2.3291500000000003
-3.125,2.3292
-2.96295166015625,2.32925
-2.73895263671875,2.3293000000000004
-2.9425048828125,2.3293500000000003
-2.97943115234375,2.3294
-3.0224609375,2.32945
-3.19427490234375,2.3295000000000003
-2.93121337890625,2.3295500000000002
-2.82318115234375,2.3296
-3.27606201171875,2.32965
-3.211669921875,2.3297000000000003
-3.0078125,2.32975
-3.1103515625,2.3298
-2.93426513671875,2.3298500000000004
-3.15338134765625,2.3299000000000003
-3.00323486328125,2.32995
-3.04290771484375,2.33
-3.0975341796875,2.3300500000000004
-2.7886962890625,2.3301000000000003
-2.923583984375,2.33015
-2.94464111328125,2.3302
-2.86590576171875,2.3302500000000004
-3.0377197265625,2.3303000000000003
-3.2293701171875,2.33035
-2.784423828125,2.3304
-2.86590576171875,2.3304500000000004
-3.079833984375,2.3305000000000002
-2.8497314453125,2.33055
-2.9718017578125,2.3306
-3.0181884765625,2.3306500000000003
-2.833251953125,2.3307
-2.6751708984375,2.33075
-2.92266845703125,2.3308
-2.82989501953125,2.3308500000000003
-2.7655029296875,2.3309
-2.98492431640625,2.33095
-2.99163818359375,2.3310000000000004
-2.90069580078125,2.3310500000000003
-3.06182861328125,2.3311
-2.9595947265625,2.33115
-2.9541015625,2.3312000000000004
-2.578125,2.3312500000000003
-2.999267578125,2.3313
-2.9644775390625,2.33135
-2.75848388671875,2.3314000000000004
-2.71270751953125,2.3314500000000002
-3.01025390625,2.3315
-2.78472900390625,2.33155
-2.62176513671875,2.3316000000000003
-2.89459228515625,2.3316500000000002
-3.089599609375,2.3317
-2.8985595703125,2.33175
-2.7020263671875,2.3318000000000003
-2.9278564453125,2.33185
-2.506103515625,2.3319
-2.93426513671875,2.3319500000000004
-3.02886962890625,2.3320000000000003
-2.9327392578125,2.33205
-2.46337890625,2.3321
-2.76123046875,2.3321500000000004
-2.8607177734375,2.3322000000000003
-2.913818359375,2.33225
-2.69134521484375,2.3323
-2.72613525390625,2.3323500000000004
-2.425537109375,2.3324000000000003
-2.9266357421875,2.33245
-2.974853515625,2.3325
-2.8314208984375,2.3325500000000003
-2.85980224609375,2.3326000000000002
-3.05206298828125,2.33265
-3.16650390625,2.3327
-3.011474609375,2.3327500000000003
-3.045654296875,2.3328
-3.0621337890625,2.33285
-2.7410888671875,2.3329000000000004
-2.962646484375,2.3329500000000003
-3.21197509765625,2.333
-3.13232421875,2.33305
-3.05389404296875,2.3331000000000004
-3.00567626953125,2.3331500000000003
-3.11126708984375,2.3332
-2.80914306640625,2.33325
-2.794189453125,2.3333000000000004
-3.291015625,2.3333500000000003
-3.1097412109375,2.3334
-3.08074951171875,2.33345
-3.28765869140625,2.3335000000000004
-3.07952880859375,2.3335500000000002
-3.23333740234375,2.3336
-3.39691162109375,2.33365
-3.28460693359375,2.3337000000000003
-2.8619384765625,2.33375
-2.94464111328125,2.3338
-3.154296875,2.3338500000000004
-3.1298828125,2.3339000000000003
-3.01300048828125,2.33395
-3.32916259765625,2.334
-2.9937744140625,2.3340500000000004
-3.18359375,2.3341000000000003
-3.27362060546875,2.33415
-3.47320556640625,2.3342
-3.194580078125,2.3342500000000004
-3.2415771484375,2.3343000000000003
-3.44696044921875,2.33435
-3.3160400390625,2.3344
-3.4881591796875,2.3344500000000004
-3.426513671875,2.3345000000000002
-3.0908203125,2.33455
-3.143310546875,2.3346
-3.17535400390625,2.3346500000000003
-3.179931640625,2.3347
-3.1182861328125,2.33475
-3.22418212890625,2.3348
-3.385009765625,2.3348500000000003
-3.133544921875,2.3349
-3.26446533203125,2.33495
-3.4185791015625,2.3350000000000004
-3.1640625,2.3350500000000003
-3.30413818359375,2.3351
-3.226318359375,2.33515
-3.28643798828125,2.3352000000000004
-2.87750244140625,2.3352500000000003
-3.138427734375,2.3353
-3.24554443359375,2.33535
-2.92144775390625,2.3354000000000004
-2.86529541015625,2.3354500000000002
-3.018798828125,2.3355
-2.813720703125,2.33555
-3.1072998046875,2.3356000000000003
-3.0169677734375,2.3356500000000002
-2.88055419921875,2.3357
-2.601318359375,2.33575
-3.10333251953125,2.3358000000000003
-3.34320068359375,2.33585
-3.0859375,2.3359
-2.85430908203125,2.3359500000000004
-3.24798583984375,2.3360000000000003
-3.033447265625,2.33605
-3.0914306640625,2.3361
-3.17657470703125,2.3361500000000004
-3.353271484375,2.3362000000000003
-3.0902099609375,2.33625
-3.31024169921875,2.3363
-3.34320068359375,2.3363500000000004
-3.2135009765625,2.3364000000000003
-3.24249267578125,2.33645
-3.4002685546875,2.3365
-3.438720703125,2.3365500000000003
-3.33251953125,2.3366000000000002
-3.216552734375,2.33665
-3.380126953125,2.3367
-3.6083984375,2.3367500000000003
-3.2757568359375,2.3368
-3.5980224609375,2.33685
-2.9534912109375,2.3369000000000004
-3.33404541015625,2.3369500000000003
-3.20770263671875,2.337
-3.21624755859375,2.33705
-2.919921875,2.3371000000000004
-3.08197021484375,2.3371500000000003
-2.862548828125,2.3372
-3.057861328125,2.33725
-2.94036865234375,2.3373000000000004
-3.16802978515625,2.3373500000000003
-2.72491455078125,2.3374
-3.07220458984375,2.33745
-3.0889892578125,2.3375000000000004
-3.094482421875,2.3375500000000002
-3.19854736328125,2.3376
-2.9229736328125,2.33765
-3.14422607421875,2.3377000000000003
-2.76580810546875,2.33775
-2.833251953125,2.3378
-3.050537109375,2.33785
-2.71453857421875,2.3379000000000003
-2.9473876953125,2.33795
-3.03009033203125,2.338
-2.7117919921875,2.3380500000000004
-3.13720703125,2.3381000000000003
-3.18878173828125,2.33815
-3.14117431640625,2.3382
-3.04290771484375,2.3382500000000004
-3.089599609375,2.3383000000000003
-3.12103271484375,2.33835
-3.18206787109375,2.3384
-3.09417724609375,2.3384500000000004
-3.1195068359375,2.3385000000000002
-2.7947998046875,2.33855
-2.8424072265625,2.3386
-2.9278564453125,2.3386500000000003
-2.69989013671875,2.3387000000000002
-2.7130126953125,2.33875
-2.63153076171875,2.3388
-2.82958984375,2.3388500000000003
-2.650146484375,2.3389
-2.96966552734375,2.33895
-3.05816650390625,2.3390000000000004
-2.98492431640625,2.3390500000000003
-2.904052734375,2.3391
-2.85491943359375,2.33915
-2.977294921875,2.3392000000000004
-3.00811767578125,2.3392500000000003
-3.311767578125,2.3393
-3.5394287109375,2.33935
-3.16253662109375,2.3394000000000004
-3.46893310546875,2.3394500000000003
-3.20037841796875,2.3395
-3.2257080078125,2.33955
-3.44635009765625,2.3396000000000003
-3.6822509765625,2.3396500000000002
-3.409423828125,2.3397
-3.31573486328125,2.33975
-3.5595703125,2.3398000000000003
-3.6676025390625,2.33985
-3.61785888671875,2.3399
-3.54644775390625,2.3399500000000004
-3.71917724609375,2.3400000000000003
-3.5546875,2.34005
-3.7750244140625,2.3401
-3.623046875,2.3401500000000004
-3.5546875,2.3402000000000003
-3.33221435546875,2.34025
-3.30078125,2.3403
-3.27972412109375,2.3403500000000004
-3.44940185546875,2.3404000000000003
-3.291015625,2.34045
-3.472900390625,2.3405
-3.30902099609375,2.3405500000000004
-3.41217041015625,2.3406000000000002
-3.34808349609375,2.34065
-3.502197265625,2.3407
-3.32275390625,2.3407500000000003
-3.5321044921875,2.3408
-3.570556640625,2.34085
-3.14727783203125,2.3409000000000004
-3.3123779296875,2.3409500000000003
-3.2855224609375,2.341
-3.19854736328125,2.34105
-2.9901123046875,2.3411000000000004
-2.76336669921875,2.3411500000000003
-2.6123046875,2.3412
-2.90252685546875,2.34125
-2.92022705078125,2.3413000000000004
-2.90924072265625,2.3413500000000003
-2.62054443359375,2.3414
-3.03741455078125,2.34145
-2.8594970703125,2.3415000000000004
-2.96844482421875,2.3415500000000002
-2.93060302734375,2.3416
-2.95684814453125,2.34165
-2.818603515625,2.3417000000000003
-3.1707763671875,2.34175
-3.204345703125,2.3418
-3.23211669921875,2.34185
-3.08868408203125,2.3419000000000003
-3.1256103515625,2.34195
-3.13385009765625,2.342
-3.17169189453125,2.3420500000000004
-3.19580078125,2.3421000000000003
-3.38287353515625,2.34215
-3.47991943359375,2.3422
-3.271484375,2.3422500000000004
-3.38714599609375,2.3423000000000003
-3.41583251953125,2.34235
-3.1231689453125,2.3424
-3.25347900390625,2.3424500000000004
-3.3477783203125,2.3425000000000002
-2.96966552734375,2.34255
-2.92022705078125,2.3426
-3.14727783203125,2.3426500000000003
-3.2513427734375,2.3427000000000002
-2.8271484375,2.34275
-2.90283203125,2.3428
-2.77801513671875,2.3428500000000003
-2.60345458984375,2.3429
-2.83843994140625,2.34295
-2.72308349609375,2.3430000000000004
-2.344970703125,2.3430500000000003
-2.36175537109375,2.3431
-2.6129150390625,2.34315
-2.43072509765625,2.3432000000000004
-2.7679443359375,2.3432500000000003
-2.5146484375,2.3433
-2.37030029296875,2.34335
-2.5958251953125,2.3434000000000004
-2.51129150390625,2.3434500000000003
-2.78350830078125,2.3435
-2.92083740234375,2.34355
-2.371826171875,2.3436000000000003
-2.74627685546875,2.3436500000000002
-2.4896240234375,2.3437
-2.53936767578125,2.34375
-2.56195068359375,2.3438000000000003
-2.523193359375,2.34385
-2.5006103515625,2.3439
-2.5225830078125,2.3439500000000004
-2.2705078125,2.3440000000000003
-2.5079345703125,2.34405
-2.80120849609375,2.3441
-2.77557373046875,2.3441500000000004
-2.706298828125,2.3442000000000003
-2.52197265625,2.34425
-2.84759521484375,2.3443
-2.80487060546875,2.3443500000000004
-2.88909912109375,2.3444000000000003
-2.62420654296875,2.34445
-2.8900146484375,2.3445
-2.4493408203125,2.3445500000000004
-2.6947021484375,2.3446000000000002
-2.59033203125,2.34465
-2.6593017578125,2.3447
-2.51312255859375,2.3447500000000003
-2.80609130859375,2.3448
-2.5341796875,2.34485
-2.9534912109375,2.3449
-3.00262451171875,2.3449500000000003
-2.7703857421875,2.345
-2.89398193359375,2.34505
-2.79266357421875,2.3451000000000004
-2.77862548828125,2.3451500000000003
-2.90679931640625,2.3452
-2.681884765625,2.34525
-2.89306640625,2.3453000000000004
-2.901611328125,2.3453500000000003
-2.6470947265625,2.3454
-2.86041259765625,2.34545
-2.89154052734375,2.3455000000000004
-2.98553466796875,2.3455500000000002
-3.0645751953125,2.3456
-3.1292724609375,2.34565
-2.830810546875,2.3457000000000003
-3.32061767578125,2.3457500000000002
-3.486328125,2.3458
-3.2733154296875,2.34585
-2.8912353515625,2.3459000000000003
-3.095703125,2.34595
-3.25042724609375,2.346
-3.09722900390625,2.3460500000000004
-2.93670654296875,2.3461000000000003
-3.0206298828125,2.34615
-2.81036376953125,2.3462
-2.884521484375,2.3462500000000004
-2.969970703125,2.3463000000000003
-3.09814453125,2.34635
-3.0938720703125,2.3464
-3.24310302734375,2.3464500000000004
-2.8070068359375,2.3465000000000003
-3.214111328125,2.34655
-2.96539306640625,2.3466
-3.28948974609375,2.3466500000000003
-3.32489013671875,2.3467000000000002
-3.07403564453125,2.34675
-3.19000244140625,2.3468
-2.9449462890625,2.3468500000000003
-3.0609130859375,2.3469
-3.1085205078125,2.34695
-3.15277099609375,2.3470000000000004
-2.744140625,2.3470500000000003
-2.77801513671875,2.3471
-3.023681640625,2.34715
-2.89886474609375,2.3472000000000004
-2.81341552734375,2.3472500000000003
-2.91473388671875,2.3473
-3.028564453125,2.34735
-3.06304931640625,2.3474000000000004
-3.22418212890625,2.3474500000000003
-3.10272216796875,2.3475
-3.04229736328125,2.34755
-2.79266357421875,2.3476000000000004
-3.0352783203125,2.3476500000000002
-2.91351318359375,2.3477
-3.0755615234375,2.34775
-2.95196533203125,2.3478000000000003
-3.05816650390625,2.34785
-2.86956787109375,2.3479
-3.057861328125,2.3479500000000004
-2.83843994140625,2.3480000000000003
-3.173828125,2.34805
-3.08074951171875,2.3481
-3.18450927734375,2.3481500000000004
-3.10638427734375,2.3482000000000003
-3.12408447265625,2.34825
-3.15582275390625,2.3483
-3.15704345703125,2.3483500000000004
-3.0670166015625,2.3484000000000003
-3.0670166015625,2.34845
-2.9656982421875,2.3485
-2.75970458984375,2.3485500000000004
-3.123779296875,2.3486000000000002
-3.08074951171875,2.34865
-2.91534423828125,2.3487
-2.784423828125,2.3487500000000003
-3.09814453125,2.3488
-2.9241943359375,2.34885
-3.226318359375,2.3489
-3.19671630859375,2.3489500000000003
-3.05511474609375,2.349
-2.81463623046875,2.34905
-3.07769775390625,2.3491000000000004
-3.04656982421875,2.3491500000000003
-3.10272216796875,2.3492
-2.7105712890625,2.34925
-2.8948974609375,2.3493000000000004
-2.652587890625,2.3493500000000003
-3.001708984375,2.3494
-2.9345703125,2.34945
-2.763671875,2.3495000000000004
-2.95745849609375,2.3495500000000002
-2.93670654296875,2.3496
-2.90985107421875,2.34965
-2.97119140625,2.3497000000000003
-2.84149169921875,2.3497500000000002
-2.94036865234375,2.3498
-3.10546875,2.34985
-2.8662109375,2.3499000000000003
-2.83294677734375,2.34995
-3.06427001953125,2.35
-3.08441162109375,2.35005
-2.97698974609375,2.3501000000000003
-3.0572509765625,2.35015
-2.87841796875,2.3502
-2.88299560546875,2.35025
-3.01361083984375,2.3503000000000003
-2.8619384765625,2.35035
-2.64617919921875,2.3504
-2.718505859375,2.35045
-2.7520751953125,2.3505000000000003
-2.818603515625,2.35055
-2.96875,2.3506
-2.828369140625,2.35065
-2.62939453125,2.3507000000000002
-2.7362060546875,2.35075
-2.74200439453125,2.3508
-2.83966064453125,2.35085
-2.93792724609375,2.3509
-2.65960693359375,2.35095
-2.8448486328125,2.351
-2.7880859375,2.3510500000000003
-2.8546142578125,2.3511
-2.46673583984375,2.35115
-2.8350830078125,2.3512
-2.76397705078125,2.3512500000000003
-2.79449462890625,2.3513
-2.569580078125,2.35135
-2.82989501953125,2.3514
-3.082275390625,2.3514500000000003
-3.2403564453125,2.3515
-2.98828125,2.35155
-3.0535888671875,2.3516
-3.23089599609375,2.3516500000000002
-3.0828857421875,2.3517
-3.3740234375,2.35175
-3.07647705078125,2.3518
-3.179931640625,2.35185
-3.00537109375,2.3519
-3.148193359375,2.35195
-2.93487548828125,2.352
-3.06549072265625,2.35205
-3.074951171875,2.3521
-3.0279541015625,2.35215
-2.84881591796875,2.3522000000000003
-3.15765380859375,2.35225
-3.23150634765625,2.3523
-3.1866455078125,2.35235
-3.116455078125,2.3524000000000003
-3.15826416015625,2.35245
-3.115234375,2.3525
-3.38043212890625,2.35255
-3.07098388671875,2.3526000000000002
-3.38775634765625,2.35265
-3.135986328125,2.3527
-3.09814453125,2.35275
-3.2122802734375,2.3528000000000002
-3.24737548828125,2.35285
-3.20526123046875,2.3529
-3.26934814453125,2.35295
-3.2635498046875,2.353
-2.9302978515625,2.35305
-3.26019287109375,2.3531
-3.353271484375,2.3531500000000003
-3.01605224609375,2.3532
-2.9522705078125,2.35325
-3.14971923828125,2.3533
-2.92388916015625,2.3533500000000003
-3.0169677734375,2.3534
-3.06427001953125,2.35345
-2.95440673828125,2.3535
-2.76763916015625,2.3535500000000003
-2.89886474609375,2.3536
-2.933349609375,2.35365
-2.94525146484375,2.3537
-3.0426025390625,2.3537500000000002
-3.082275390625,2.3538
-2.69927978515625,2.35385
-3.0645751953125,2.3539
-3.0633544921875,2.35395
-3.193359375,2.354
-3.25469970703125,2.35405
-3.2586669921875,2.3541000000000003
-3.2427978515625,2.35415
-3.04901123046875,2.3542
-3.13232421875,2.35425
-3.1280517578125,2.3543000000000003
-3.41094970703125,2.35435
-2.9473876953125,2.3544
-2.9364013671875,2.35445
-3.094482421875,2.3545000000000003
-3.0828857421875,2.35455
-3.17718505859375,2.3546
-3.16253662109375,2.35465
-3.04107666015625,2.3547000000000002
-3.258056640625,2.35475
-3.2293701171875,2.3548
-3.16375732421875,2.35485
-2.99407958984375,2.3549
-2.90252685546875,2.35495
-2.78717041015625,2.355
-2.80059814453125,2.3550500000000003
-3.194580078125,2.3551
-2.8143310546875,2.35515
-2.86895751953125,2.3552
-2.81951904296875,2.3552500000000003
-3.01849365234375,2.3553
-2.80303955078125,2.35535
-2.97393798828125,2.3554
-2.88818359375,2.3554500000000003
-2.8302001953125,2.3555
-2.833251953125,2.35555
-2.99896240234375,2.3556
-2.7423095703125,2.3556500000000002
-2.7734375,2.3557
-2.8863525390625,2.35575
-2.8875732421875,2.3558
-2.5372314453125,2.35585
-2.48199462890625,2.3559
-2.8240966796875,2.35595
-2.8875732421875,2.356
-2.49908447265625,2.35605
-2.51678466796875,2.3561
-2.8216552734375,2.35615
-2.6531982421875,2.3562000000000003
-2.86590576171875,2.35625
-2.8619384765625,2.3563
-2.8350830078125,2.35635
-2.65625,2.3564000000000003
-2.76702880859375,2.35645
-2.74261474609375,2.3565
-2.969970703125,2.35655
-2.68096923828125,2.3566000000000003
-2.7264404296875,2.35665
-2.5079345703125,2.3567
-2.7581787109375,2.35675
-2.838134765625,2.3568000000000002
-2.82745361328125,2.35685
-2.84515380859375,2.3569
-2.75848388671875,2.35695
-2.5872802734375,2.357
-2.89520263671875,2.35705
-2.66632080078125,2.3571
-2.8509521484375,2.3571500000000003
-2.72003173828125,2.3572
-2.87811279296875,2.35725
-2.90496826171875,2.3573
-2.97454833984375,2.3573500000000003
-3.067626953125,2.3574
-2.9119873046875,2.35745
-3.05633544921875,2.3575
-2.69744873046875,2.3575500000000003
-2.7606201171875,2.3576
-2.945556640625,2.35765
-2.87353515625,2.3577
-2.65716552734375,2.3577500000000002
-2.84149169921875,2.3578
-2.6800537109375,2.35785
-2.95135498046875,2.3579
-3.050537109375,2.35795
-2.73529052734375,2.358
-2.95806884765625,2.35805
-3.07525634765625,2.3581000000000003
-2.9644775390625,2.35815
-3.29498291015625,2.3582
-3.45123291015625,2.35825
-3.0853271484375,2.3583000000000003
-2.869873046875,2.35835
-3.0908203125,2.3584
-3.23486328125,2.35845
-2.90008544921875,2.3585000000000003
-3.2159423828125,2.35855
-2.99774169921875,2.3586
-3.16192626953125,2.35865
-2.8106689453125,2.3587000000000002
-3.08807373046875,2.35875
-3.23211669921875,2.3588
-3.2427978515625,2.35885
-3.19580078125,2.3589
-3.3184814453125,2.35895
-3.09844970703125,2.359
-3.3343505859375,2.35905
-3.5107421875,2.3591
-3.35601806640625,2.35915
-3.1451416015625,2.3592
-2.97515869140625,2.3592500000000003
-3.19427490234375,2.3593
-2.88909912109375,2.35935
-3.19305419921875,2.3594
-3.08868408203125,2.3594500000000003
-2.88726806640625,2.3595
-2.974853515625,2.35955
-3.30474853515625,2.3596
-3.18634033203125,2.3596500000000002
-3.32733154296875,2.3597
-3.154296875,2.35975
-3.34869384765625,2.3598
-3.280029296875,2.3598500000000002
-3.35906982421875,2.3599
-3.23577880859375,2.35995
-3.45367431640625,2.36
-3.1829833984375,2.36005
-3.0316162109375,2.3601
-2.99163818359375,2.36015
-2.987060546875,2.3602000000000003
-3.0316162109375,2.36025
-3.046875,2.3603
-2.86590576171875,2.36035
-2.77618408203125,2.3604000000000003
-3.14910888671875,2.36045
-3.25897216796875,2.3605
-3.04962158203125,2.36055
-2.79022216796875,2.3606000000000003
-3.26446533203125,2.36065
-3.197021484375,2.3607
-3.2763671875,2.36075
-3.40850830078125,2.3608000000000002
-3.1298828125,2.36085
-2.83477783203125,2.3609
-3.12469482421875,2.36095
-3.07281494140625,2.361
-3.26446533203125,2.36105
-3.07708740234375,2.3611
-3.251953125,2.3611500000000003
-2.79388427734375,2.3612
-3.331298828125,2.36125
-3.06610107421875,2.3613
-3.31695556640625,2.3613500000000003
-3.5052490234375,2.3614
-3.624267578125,2.36145
-3.3990478515625,2.3615
-3.66607666015625,2.3615500000000003
-3.47930908203125,2.3616
-3.6468505859375,2.36165
-3.57666015625,2.3617
-3.22479248046875,2.3617500000000002
-3.44085693359375,2.3618
-3.2891845703125,2.36185
-3.271484375,2.3619
-3.40118408203125,2.36195
-3.3331298828125,2.362
-3.12896728515625,2.36205
-3.4478759765625,2.3621000000000003
-3.2525634765625,2.36215
-3.42315673828125,2.3622
-3.21746826171875,2.36225
-3.30474853515625,2.3623000000000003
-3.11859130859375,2.36235
-3.28704833984375,2.3624
-3.48358154296875,2.36245
-2.955322265625,2.3625000000000003
-3.03375244140625,2.36255
-3.074951171875,2.3626
-3.11614990234375,2.36265
-2.977294921875,2.3627000000000002
-3.17352294921875,2.36275
-3.16680908203125,2.3628
-3.01483154296875,2.36285
-3.11248779296875,2.3629000000000002
-3.2275390625,2.36295
-3.0517578125,2.363
-3.38165283203125,2.36305
-3.37066650390625,2.3631
-3.35113525390625,2.36315
-3.0517578125,2.3632
-3.165283203125,2.3632500000000003
-3.529052734375,2.3633
-3.49609375,2.36335
-3.02459716796875,2.3634
-3.316650390625,2.3634500000000003
-3.32977294921875,2.3635
-3.0047607421875,2.36355
-3.2763671875,2.3636
-3.2293701171875,2.3636500000000003
-3.089599609375,2.3637
-2.86346435546875,2.36375
-2.97882080078125,2.3638
-2.8900146484375,2.3638500000000002
-3.12286376953125,2.3639
-2.8668212890625,2.36395
-2.90740966796875,2.364
-2.9254150390625,2.36405
-3.0560302734375,2.3641
-3.05633544921875,2.36415
-2.91259765625,2.3642000000000003
-2.77374267578125,2.36425
-2.864990234375,2.3643
-2.44476318359375,2.36435
-2.70263671875,2.3644000000000003
-2.4755859375,2.36445
-2.64251708984375,2.3645
-2.75299072265625,2.36455
-2.67822265625,2.3646000000000003
-2.53143310546875,2.36465
-2.7703857421875,2.3647
-2.95654296875,2.36475
-3.03070068359375,2.3648000000000002
-3.013916015625,2.36485
-2.86102294921875,2.3649
-3.23699951171875,2.36495
-3.37432861328125,2.365
-3.0743408203125,2.36505
-2.9022216796875,2.3651
-3.0474853515625,2.3651500000000003
-2.7490234375,2.3652
-3.197021484375,2.36525
-3.0767822265625,2.3653
-3.05267333984375,2.3653500000000003
-3.04931640625,2.3654
-3.35479736328125,2.36545
-2.9730224609375,2.3655
-3.4930419921875,2.3655500000000003
-3.68865966796875,2.3656
-3.59161376953125,2.36565
-3.45489501953125,2.3657
-3.564453125,2.3657500000000002
-3.68194580078125,2.3658
-3.57147216796875,2.36585
-3.846435546875,2.3659
-3.95477294921875,2.36595
-3.7689208984375,2.366
-3.4869384765625,2.36605
-3.76068115234375,2.3661
-3.62701416015625,2.36615
-3.599853515625,2.3662
-3.414306640625,2.36625
-3.5845947265625,2.3663000000000003
-3.40057373046875,2.36635
-3.52386474609375,2.3664
-3.60748291015625,2.36645
-3.44024658203125,2.3665000000000003
-3.31756591796875,2.36655
-3.44757080078125,2.3666
-3.2470703125,2.36665
-2.98095703125,2.3667000000000002
-3.13140869140625,2.36675
-2.9937744140625,2.3668
-2.69134521484375,2.36685
-2.686767578125,2.3669000000000002
-2.86285400390625,2.36695
-2.56866455078125,2.367
-2.7764892578125,2.36705
-2.53631591796875,2.3671
-2.47406005859375,2.36715
-2.32940673828125,2.3672
-2.5518798828125,2.3672500000000003
-2.44964599609375,2.3673
-2.7325439453125,2.36735
-2.7032470703125,2.3674
-2.84515380859375,2.3674500000000003
-2.66815185546875,2.3675
-2.933349609375,2.36755
-2.79937744140625,2.3676
-3.10333251953125,2.3676500000000003
-2.74078369140625,2.3677
-2.698974609375,2.36775
-2.9901123046875,2.3678
-3.3099365234375,2.3678500000000002
-2.9132080078125,2.3679
-3.06884765625,2.36795
-3.280029296875,2.368
-3.02581787109375,2.36805
-3.33251953125,2.3681
-3.2763671875,2.36815
-3.32672119140625,2.3682000000000003
-3.214111328125,2.36825
-3.04962158203125,2.3683
-2.97149658203125,2.36835
-3.19732666015625,2.3684000000000003
-3.0145263671875,2.36845
-3.0902099609375,2.3685
-2.7618408203125,2.36855
-2.9766845703125,2.3686000000000003
-2.76702880859375,2.36865
-2.85003662109375,2.3687
-3.01544189453125,2.36875
-2.9266357421875,2.3688000000000002
-2.73773193359375,2.36885
-2.935791015625,2.3689
-2.80487060546875,2.36895
-2.85186767578125,2.369
-3.06793212890625,2.36905
-2.80303955078125,2.3691
-2.70233154296875,2.3691500000000003
-2.3687744140625,2.3692
-2.9302978515625,2.36925
-2.82928466796875,2.3693
-2.61383056640625,2.3693500000000003
-2.6800537109375,2.3694
-3.046875,2.36945
-3.02734375,2.3695
-3.18084716796875,2.3695500000000003
-3.14178466796875,2.3696
-3.13568115234375,2.36965
-3.05938720703125,2.3697
-3.21319580078125,2.3697500000000002
-3.26568603515625,2.3698
-3.057861328125,2.36985
-3.31268310546875,2.3699
-3.341064453125,2.3699500000000002
-3.23150634765625,2.37
-3.24859619140625,2.37005
-3.25836181640625,2.3701
-3.41796875,2.37015
-3.3245849609375,2.3702
-3.4112548828125,2.37025
-3.20556640625,2.3703000000000003
-3.2293701171875,2.37035
-3.533935546875,2.3704
-3.4967041015625,2.37045
-3.52569580078125,2.3705000000000003
-3.18206787109375,2.37055
-3.11370849609375,2.3706
-3.34136962890625,2.37065
-3.39752197265625,2.3707000000000003
-3.05145263671875,2.37075
-3.31512451171875,2.3708
-3.29010009765625,2.37085
-3.1475830078125,2.3709000000000002
-3.45794677734375,2.37095
-3.5107421875,2.371
-3.2415771484375,2.37105
-3.29925537109375,2.3711
-3.26416015625,2.37115
-3.12652587890625,2.3712
-3.5089111328125,2.3712500000000003
-3.245849609375,2.3713
-3.16986083984375,2.37135
-3.21502685546875,2.3714
-3.25653076171875,2.3714500000000003
-3.2861328125,2.3715
-3.52264404296875,2.37155
-3.243408203125,2.3716
-3.34930419921875,2.3716500000000003
-2.88543701171875,2.3717
-3.12713623046875,2.37175
-2.9150390625,2.3718
-3.12652587890625,2.3718500000000002
-3.3282470703125,2.3719
-3.3612060546875,2.37195
-3.10516357421875,2.372
-3.50189208984375,2.37205
-3.55987548828125,2.3721
-3.62640380859375,2.37215
-3.36029052734375,2.3722000000000003
-3.31146240234375,2.37225
-3.326416015625,2.3723
-3.47381591796875,2.37235
-3.40362548828125,2.3724000000000003
-3.36669921875,2.37245
-3.487548828125,2.3725
-2.90313720703125,2.37255
-3.44451904296875,2.3726000000000003
-3.265380859375,2.37265
-3.211669921875,2.3727
-3.1610107421875,2.37275
-3.2293701171875,2.3728000000000002
-2.974853515625,2.37285
-3.4912109375,2.3729
-3.0865478515625,2.37295
-3.10089111328125,2.373
-3.30780029296875,2.37305
-3.250732421875,2.3731
-3.1317138671875,2.37315
-3.02215576171875,2.3732
-3.365478515625,2.37325
-3.21990966796875,2.3733
-3.22540283203125,2.3733500000000003
-3.06243896484375,2.3734
-3.1622314453125,2.37345
-3.126220703125,2.3735
-3.359375,2.3735500000000003
-3.380126953125,2.3736
-3.44970703125,2.37365
-3.0426025390625,2.3737
-3.3837890625,2.3737500000000002
-3.41796875,2.3738
-3.310546875,2.37385
-2.94952392578125,2.3739
-3.22418212890625,2.3739500000000002
-3.3160400390625,2.374
-3.21441650390625,2.37405
-3.10882568359375,2.3741
-3.21533203125,2.37415
-2.92694091796875,2.3742
-2.99530029296875,2.37425
-3.0462646484375,2.3743000000000003
-2.91656494140625,2.37435
-3.2330322265625,2.3744
-3.02032470703125,2.37445
-2.71087646484375,2.3745000000000003
-2.97698974609375,2.37455
-2.6885986328125,2.3746
-2.9937744140625,2.37465
-3.19549560546875,2.3747000000000003
-3.1085205078125,2.37475
-3.16802978515625,2.3748
-2.72918701171875,2.37485
-3.0908203125,2.3749000000000002
-3.02825927734375,2.37495
-3.1732177734375,2.375
-2.6812744140625,2.37505
-2.733154296875,2.3751
-2.96539306640625,2.37515
-2.88238525390625,2.3752
-2.84881591796875,2.37525
-2.88238525390625,2.3753
-3.031005859375,2.37535
-3.09417724609375,2.3754
-3.03985595703125,2.37545
-2.978515625,2.3755
-3.08074951171875,2.37555
-3.00750732421875,2.3756
-3.11126708984375,2.37565
-2.95440673828125,2.3757
-3.1365966796875,2.37575
-2.9669189453125,2.3758
-2.84759521484375,2.3758500000000002
-2.89825439453125,2.3759
-2.9949951171875,2.37595
-2.54302978515625,2.376
-3.067626953125,2.37605
-3.05908203125,2.3761
-2.98675537109375,2.37615
-2.86376953125,2.3762
-2.84149169921875,2.37625
-2.89642333984375,2.3763
-3.07586669921875,2.37635
-3.18084716796875,2.3764
-3.023681640625,2.37645
-3.00262451171875,2.3765
-2.88787841796875,2.37655
-3.2269287109375,2.3766
-3.01727294921875,2.37665
-2.75146484375,2.3767
-2.908935546875,2.37675
-3.0548095703125,2.3768000000000002
-2.80364990234375,2.37685
-3.0718994140625,2.3769
-3.0126953125,2.37695
-3.15399169921875,2.3770000000000002
-2.860107421875,2.37705
-3.0780029296875,2.3771
-2.92327880859375,2.37715
-2.98797607421875,2.3772
-2.9730224609375,2.37725
-3.15277099609375,2.3773
-3.07220458984375,2.37735
-3.275146484375,2.3774
-3.214111328125,2.37745
-3.118896484375,2.3775
-3.2489013671875,2.37755
-3.37188720703125,2.3776
-2.7960205078125,2.37765
-3.06549072265625,2.3777
-3.10546875,2.37775
-3.13140869140625,2.3778
-3.19244384765625,2.37785
-3.1219482421875,2.3779
-3.00567626953125,2.3779500000000002
-3.03985595703125,2.378
-3.23760986328125,2.37805
-3.0413818359375,2.3781
-3.212890625,2.37815
-2.90191650390625,2.3782
-3.1353759765625,2.37825
-3.4307861328125,2.3783
-3.1298828125,2.37835
-2.94647216796875,2.3784
-3.11553955078125,2.37845
-3.09814453125,2.3785
-3.0938720703125,2.37855
-3.1494140625,2.3786
-3.10028076171875,2.37865
-2.99591064453125,2.3787
-3.0084228515625,2.37875
-2.94189453125,2.3788
-2.9888916015625,2.37885
-3.2232666015625,2.3789000000000002
-3.12255859375,2.37895
-2.967529296875,2.379
-3.00262451171875,2.37905
-3.05328369140625,2.3791
-2.74566650390625,2.37915
-3.0889892578125,2.3792
-3.23638916015625,2.37925
-3.18817138671875,2.3793
-2.67791748046875,2.37935
-2.957763671875,2.3794
-2.95654296875,2.37945
-3.02337646484375,2.3795
-2.85736083984375,2.37955
-2.8216552734375,2.3796
-2.862548828125,2.37965
-2.76519775390625,2.3797
-2.89581298828125,2.37975
-2.94769287109375,2.3798
-3.04718017578125,2.3798500000000002
-2.7252197265625,2.3799
-3.1201171875,2.37995
-2.69195556640625,2.38
-2.99346923828125,2.38005
-3.00140380859375,2.3801
-2.99896240234375,2.38015
-2.7667236328125,2.3802
-3.06365966796875,2.38025
-2.9571533203125,2.3803
-2.76885986328125,2.38035
-2.88299560546875,2.3804
-2.84759521484375,2.38045
-2.5640869140625,2.3805
-2.9205322265625,2.38055
-2.97332763671875,2.3806
-3.0010986328125,2.38065
-3.08258056640625,2.3807
-2.90985107421875,2.38075
-2.92083740234375,2.3808
-3.0157470703125,2.38085
-3.056640625,2.3809
-3.20953369140625,2.38095
-3.0902099609375,2.3810000000000002
-3.01025390625,2.38105
-3.12408447265625,2.3811
-3.01910400390625,2.38115
-3.037109375,2.3812
-2.958984375,2.38125
-3.0810546875,2.3813
-2.99041748046875,2.38135
-2.90679931640625,2.3814
-3.16497802734375,2.38145
-3.3953857421875,2.3815
-2.99285888671875,2.38155
-3.1939697265625,2.3816
-3.19793701171875,2.38165
-3.07891845703125,2.3817
-3.08349609375,2.38175
-3.35845947265625,2.3818
-2.8631591796875,2.38185
-3.08990478515625,2.3819
-2.950439453125,2.3819500000000002
-2.88818359375,2.382
-3.2122802734375,2.38205
-3.167724609375,2.3821
-2.80303955078125,2.38215
-2.6690673828125,2.3822
-3.05145263671875,2.38225
-2.8411865234375,2.3823
-3.08349609375,2.38235
-2.8900146484375,2.3824
-2.8936767578125,2.38245
-2.8179931640625,2.3825
-3.089599609375,2.38255
-2.965087890625,2.3826
-3.09326171875,2.38265
-3.00079345703125,2.3827
-3.22174072265625,2.38275
-3.11309814453125,2.3828
-2.92755126953125,2.38285
-3.12835693359375,2.3829000000000002
-3.138427734375,2.38295
-2.978515625,2.383
-2.66448974609375,2.38305
-3.06671142578125,2.3831
-2.83416748046875,2.38315
-3.070068359375,2.3832
-2.88787841796875,2.38325
-3.101806640625,2.3833
-2.8070068359375,2.38335
-3.121337890625,2.3834
-3.14544677734375,2.38345
-2.96478271484375,2.3835
-3.21807861328125,2.38355
-3.1561279296875,2.3836
-2.92388916015625,2.38365
-3.1951904296875,2.3837
-3.45428466796875,2.38375
-3.36639404296875,2.3838
-2.95562744140625,2.3838500000000002
-2.86590576171875,2.3839
-3.3270263671875,2.38395
-3.15521240234375,2.384
-3.0450439453125,2.3840500000000002
-2.88787841796875,2.3841
-3.199462890625,2.38415
-2.79754638671875,2.3842
-3.2568359375,2.38425
-3.2171630859375,2.3843
-3.2757568359375,2.38435
-3.13446044921875,2.3844
-3.40667724609375,2.38445
-3.05267333984375,2.3845
-3.27545166015625,2.38455
-3.20526123046875,2.3846
-3.31207275390625,2.38465
-2.98065185546875,2.3847
-3.06365966796875,2.38475
-3.1854248046875,2.3848
-3.07525634765625,2.38485
-3.48297119140625,2.3849
-3.3062744140625,2.38495
-2.840576171875,2.3850000000000002
-3.2574462890625,2.38505
-3.27362060546875,2.3851
-3.21380615234375,2.38515
-3.47442626953125,2.3852
-3.28460693359375,2.38525
-3.20526123046875,2.3853
-3.2720947265625,2.38535
-3.45184326171875,2.3854
-3.2049560546875,2.38545
-3.34320068359375,2.3855
-3.05999755859375,2.38555
-3.06365966796875,2.3856
-3.09722900390625,2.38565
-3.0413818359375,2.3857
-2.95806884765625,2.38575
-3.03009033203125,2.3858
-2.8350830078125,2.38585
-2.93304443359375,2.3859
-3.0242919921875,2.3859500000000002
-3.016357421875,2.386
-2.9541015625,2.38605
-3.14208984375,2.3861
-2.77496337890625,2.38615
-3.16802978515625,2.3862
-3.13995361328125,2.38625
-3.0303955078125,2.3863
-2.94708251953125,2.38635
-2.9730224609375,2.3864
-3.00323486328125,2.38645
-2.59063720703125,2.3865
-3.01971435546875,2.38655
-2.9742431640625,2.3866
-2.76458740234375,2.38665
-2.501220703125,2.3867
-2.7716064453125,2.38675
-2.79205322265625,2.3868
-2.9193115234375,2.38685
-2.9901123046875,2.3869000000000002
-3.048095703125,2.38695
-2.90496826171875,2.387
-3.1939697265625,2.38705
-3.2733154296875,2.3871
-3.23272705078125,2.38715
-3.082275390625,2.3872
-3.01605224609375,2.38725
-3.17718505859375,2.3873
-2.6910400390625,2.38735
-3.19854736328125,2.3874
-3.07769775390625,2.38745
-2.96356201171875,2.3875
-3.08135986328125,2.38755
-3.076171875,2.3876
-3.03680419921875,2.38765
-3.31024169921875,2.3877
-3.34625244140625,2.38775
-3.18267822265625,2.3878
-3.0731201171875,2.38785
-3.08929443359375,2.3879
-3.19610595703125,2.38795
-3.30413818359375,2.388
-3.53607177734375,2.3880500000000002
-3.23333740234375,2.3881
-3.1768798828125,2.38815
-3.24493408203125,2.3882
-3.3013916015625,2.38825
-3.25775146484375,2.3883
-3.28582763671875,2.38835
-3.19305419921875,2.3884
-3.3233642578125,2.38845
-3.20281982421875,2.3885
-3.408203125,2.38855
-3.01849365234375,2.3886
-3.372802734375,2.38865
-3.13873291015625,2.3887
-3.05755615234375,2.38875
-3.11004638671875,2.3888
-3.0535888671875,2.38885
-2.77130126953125,2.3889
-3.037109375,2.38895
-2.66326904296875,2.3890000000000002
-2.808837890625,2.38905
-2.85064697265625,2.3891
-2.9656982421875,2.38915
-2.4658203125,2.3892
-2.70599365234375,2.38925
-2.50732421875,2.3893
-2.49908447265625,2.38935
-2.977294921875,2.3894
-2.82623291015625,2.38945
-2.57843017578125,2.3895
-2.99163818359375,2.38955
-2.91259765625,2.3896
-2.8656005859375,2.38965
-3.0322265625,2.3897
-3.0548095703125,2.38975
-2.91168212890625,2.3898
-2.73712158203125,2.38985
-3.00323486328125,2.3899
-2.91595458984375,2.3899500000000002
-2.7545166015625,2.39
-2.96783447265625,2.39005
-3.148193359375,2.3901
-2.7984619140625,2.39015
-2.92999267578125,2.3902
-2.8973388671875,2.39025
-2.99530029296875,2.3903
-2.78900146484375,2.39035
-2.6263427734375,2.3904
-2.97119140625,2.39045
-2.8106689453125,2.3905
-2.9949951171875,2.39055
-3.05938720703125,2.3906
-2.9132080078125,2.39065
-2.94952392578125,2.3907
-3.3245849609375,2.39075
-3.3233642578125,2.3908
-3.336181640625,2.39085
-3.62213134765625,2.3909000000000002
-3.336181640625,2.39095
-3.2037353515625,2.391
-3.8873291015625,2.39105
-3.675537109375,2.3911000000000002
-3.7139892578125,2.39115
-3.32672119140625,2.3912
-3.37371826171875,2.39125
-3.4552001953125,2.3913
-3.37615966796875,2.39135
-3.27667236328125,2.3914
-3.30322265625,2.39145
-3.458251953125,2.3915
-3.2061767578125,2.39155
-3.59710693359375,2.3916
-3.4478759765625,2.39165
-3.4075927734375,2.3917
-3.355712890625,2.39175
-3.39691162109375,2.3918
-3.01116943359375,2.39185
-3.32366943359375,2.3919
-3.29437255859375,2.39195
-3.3074951171875,2.392
-3.38134765625,2.3920500000000002
-3.19000244140625,2.3921
-3.19793701171875,2.39215
-3.21044921875,2.3922
-3.34442138671875,2.39225
-3.2611083984375,2.3923
-2.71148681640625,2.39235
-3.1298828125,2.3924
-2.87628173828125,2.39245
-2.78900146484375,2.3925
-3.18939208984375,2.39255
-2.811279296875,2.3926
-2.5030517578125,2.39265
-2.705078125,2.3927
-2.88482666015625,2.39275
-2.9119873046875,2.3928
-2.79693603515625,2.39285
-2.79510498046875,2.3929
-2.9052734375,2.39295
-2.8759765625,2.3930000000000002
-2.9693603515625,2.39305
-3.0023193359375,2.3931
-3.1256103515625,2.39315
-2.8631591796875,2.3932
-3.17352294921875,2.39325
-2.94189453125,2.3933
-3.08258056640625,2.39335
-3.13690185546875,2.3934
-3.47747802734375,2.39345
-2.95135498046875,2.3935
-3.3013916015625,2.39355
-3.463134765625,2.3936
-3.37127685546875,2.39365
-3.50982666015625,2.3937
-3.33282470703125,2.39375
-3.14422607421875,2.3938
-2.93243408203125,2.39385
-3.39080810546875,2.3939
-3.4454345703125,2.3939500000000002
-3.0169677734375,2.394
-2.88177490234375,2.39405
-3.1292724609375,2.3941
-2.83599853515625,2.3941500000000002
-2.94189453125,2.3942
-2.6806640625,2.39425
-2.86712646484375,2.3943
-2.64312744140625,2.39435
-2.87628173828125,2.3944
-2.84423828125,2.39445
-2.813720703125,2.3945
-2.884521484375,2.39455
-2.841796875,2.3946
-2.71209716796875,2.39465
-2.4725341796875,2.3947
-2.80975341796875,2.39475
-2.720947265625,2.3948
-2.593994140625,2.39485
-2.4395751953125,2.3949
-2.7410888671875,2.39495
-2.55889892578125,2.395
-2.92755126953125,2.39505
-2.90313720703125,2.3951000000000002
-2.642822265625,2.39515
-2.781982421875,2.3952
-2.8753662109375,2.39525
-2.71759033203125,2.3953
-3.07830810546875,2.39535
-3.0963134765625,2.3954
-3.02581787109375,2.39545
-2.75360107421875,2.3955
-3.05999755859375,2.39555
-3.02520751953125,2.3956
-2.857666015625,2.39565
-2.83172607421875,2.3957
-2.7850341796875,2.39575
-2.8424072265625,2.3958
-2.74505615234375,2.39585
-2.80181884765625,2.3959
-2.9046630859375,2.39595
-3.12835693359375,2.396
-2.7783203125,2.3960500000000002
-3.092041015625,2.3961
-3.04931640625,2.39615
-3.0517578125,2.3962
-3.1689453125,2.39625
-3.1683349609375,2.3963
-2.9595947265625,2.39635
-3.02520751953125,2.3964
-2.984619140625,2.39645
-3.0621337890625,2.3965
-2.9443359375,2.39655
-2.99468994140625,2.3966
-2.65380859375,2.39665
-2.78717041015625,2.3967
-3.270263671875,2.39675
-2.913818359375,2.3968
-2.84759521484375,2.39685
-3.0694580078125,2.3969
-3.15216064453125,2.39695
-3.33099365234375,2.3970000000000002
-3.7322998046875,2.39705
-3.4124755859375,2.3971
-3.2733154296875,2.39715
-2.95379638671875,2.3972
-3.53973388671875,2.39725
-3.2171630859375,2.3973
-3.0120849609375,2.39735
-3.1719970703125,2.3974
-3.29620361328125,2.39745
-3.24127197265625,2.3975
-3.1585693359375,2.39755
-3.19000244140625,2.3976
-3.42041015625,2.39765
-3.26812744140625,2.3977
-3.2733154296875,2.39775
-3.404541015625,2.3978
-3.3929443359375,2.39785
-3.5577392578125,2.3979
-3.4637451171875,2.3979500000000002
-3.1536865234375,2.398
-2.9058837890625,2.39805
-3.01300048828125,2.3981
-3.0035400390625,2.3981500000000002
-3.06671142578125,2.3982
-2.92999267578125,2.39825
-2.71942138671875,2.3983
-2.6019287109375,2.39835
-3.0584716796875,2.3984
-2.92938232421875,2.39845
-3.13690185546875,2.3985
-3.13385009765625,2.39855
-3.2000732421875,2.3986
-3.0731201171875,2.39865
-3.16009521484375,2.3987
-3.0157470703125,2.39875
-3.02978515625,2.3988
-3.08502197265625,2.39885
-3.0389404296875,2.3989
-3.1146240234375,2.39895
-3.07373046875,2.399
-2.87017822265625,2.39905
-3.0194091796875,2.3991000000000002
-2.8533935546875,2.39915
-2.75177001953125,2.3992
-2.9833984375,2.39925
-2.6416015625,2.3993
-2.828369140625,2.39935
-2.89398193359375,2.3994
-2.79754638671875,2.39945
-2.81280517578125,2.3995
-2.96051025390625,2.39955
-3.1298828125,2.3996
-2.8765869140625,2.39965
-2.66571044921875,2.3997
-2.777099609375,2.39975
-2.56011962890625,2.3998
-2.65869140625,2.39985
-2.9669189453125,2.3999
-3.0126953125,2.39995
-2.9296875,2.4
-2.818603515625,2.40005
-2.89154052734375,2.4001
-2.8955078125,2.40015
-3.15673828125,2.4002
-2.9290771484375,2.4002499999999998
-2.899169921875,2.4003
-2.9364013671875,2.40035
-3.0889892578125,2.4004
-3.0511474609375,2.4004499999999998
-3.12744140625,2.4005
-2.62603759765625,2.40055
-3.10516357421875,2.4006
-2.823486328125,2.4006499999999997
-2.755126953125,2.4007
-2.938232421875,2.40075
-2.97454833984375,2.4008
-2.77069091796875,2.4008499999999997
-3.01055908203125,2.4009
-2.77587890625,2.40095
-2.97576904296875,2.401
-3.1353759765625,2.40105
-2.96630859375,2.4011
-2.8045654296875,2.40115
-2.88299560546875,2.4012
-3.10699462890625,2.40125
-3.07525634765625,2.4013
-3.111572265625,2.40135
-2.940673828125,2.4013999999999998
-3.03619384765625,2.40145
-3.0133056640625,2.4015
-3.375244140625,2.40155
-3.20098876953125,2.4015999999999997
-3.226318359375,2.40165
-3.05694580078125,2.4017
-3.389892578125,2.40175
-2.9638671875,2.4017999999999997
-3.12744140625,2.40185
-3.245849609375,2.4019
-2.95928955078125,2.40195
-3.046875,2.4019999999999997
-2.724609375,2.40205
-2.789306640625,2.4021
-2.9986572265625,2.40215
-2.81829833984375,2.4022
-2.838134765625,2.40225
-2.82257080078125,2.4023
-2.66021728515625,2.4023499999999998
-3.22723388671875,2.4024
-2.96875,2.40245
-2.72491455078125,2.4025
-3.00933837890625,2.4025499999999997
-2.88787841796875,2.4026
-2.80487060546875,2.40265
-3.15765380859375,2.4027
-3.29254150390625,2.4027499999999997
-3.10272216796875,2.4028
-2.8338623046875,2.40285
-3.34075927734375,2.4029
-3.14208984375,2.4029499999999997
-3.2208251953125,2.403
-3.1329345703125,2.40305
-3.3203125,2.4031
-2.98797607421875,2.40315
-3.1231689453125,2.4032
-3.1793212890625,2.40325
-3.0810546875,2.4032999999999998
-3.3184814453125,2.40335
-3.170166015625,2.4034
-3.09600830078125,2.40345
-3.03558349609375,2.4034999999999997
-3.11676025390625,2.40355
-3.17596435546875,2.4036
-3.20831298828125,2.40365
-3.1964111328125,2.4036999999999997
-3.35357666015625,2.40375
-3.04901123046875,2.4038
-2.965087890625,2.40385
-3.32275390625,2.4038999999999997
-3.25653076171875,2.40395
-2.6708984375,2.404
-3.12530517578125,2.40405
-3.19915771484375,2.4041
-3.13995361328125,2.40415
-3.040771484375,2.4042
-3.1317138671875,2.4042499999999998
-2.80548095703125,2.4043
-3.10028076171875,2.40435
-3.33282470703125,2.4044
-3.1536865234375,2.4044499999999998
-3.29681396484375,2.4045
-2.867431640625,2.40455
-3.16436767578125,2.4046
-3.172607421875,2.4046499999999997
-3.0535888671875,2.4047
-3.1787109375,2.40475
-3.07830810546875,2.4048
-2.93792724609375,2.4048499999999997
-3.1732177734375,2.4049
-2.88421630859375,2.40495
-3.1414794921875,2.405
-3.0615234375,2.40505
-2.92755126953125,2.4051
-3.1390380859375,2.40515
-3.16009521484375,2.4052
-3.1549072265625,2.40525
-3.31298828125,2.4053
-3.0438232421875,2.40535
-3.3837890625,2.4053999999999998
-3.05572509765625,2.40545
-3.09967041015625,2.4055
-3.4893798828125,2.40555
-3.36639404296875,2.4055999999999997
-2.99346923828125,2.40565
-2.92755126953125,2.4057
-3.18695068359375,2.40575
-3.10150146484375,2.4057999999999997
-3.292236328125,2.40585
-3.4075927734375,2.4059
-3.240966796875,2.40595
-3.076171875,2.4059999999999997
-3.31024169921875,2.40605
-3.2025146484375,2.4061
-3.00750732421875,2.40615
-3.3721923828125,2.4062
-3.365478515625,2.40625
-3.255615234375,2.4063
-3.1024169921875,2.4063499999999998
-3.1158447265625,2.4064
-3.08074951171875,2.40645
-2.901611328125,2.4065
-3.05206298828125,2.4065499999999997
-3.0059814453125,2.4066
-2.7301025390625,2.40665
-2.7850341796875,2.4067
-3.087158203125,2.4067499999999997
-2.91412353515625,2.4068
-2.86651611328125,2.40685
-3.09814453125,2.4069
-3.228759765625,2.4069499999999997
-3.0499267578125,2.407
-2.92022705078125,2.40705
-2.9888916015625,2.4071
-2.5250244140625,2.40715
-2.88543701171875,2.4072
-2.957763671875,2.40725
-2.9681396484375,2.4072999999999998
-2.828369140625,2.40735
-2.8912353515625,2.4074
-2.73651123046875,2.40745
-3.01483154296875,2.4074999999999998
-3.17840576171875,2.40755
-3.06427001953125,2.4076
-2.71087646484375,2.40765
-3.09539794921875,2.4076999999999997
-3.0694580078125,2.40775
-2.9827880859375,2.4078
-2.99224853515625,2.40785
-2.940673828125,2.4078999999999997
-2.9425048828125,2.40795
-2.6800537109375,2.408
-2.8656005859375,2.40805
-2.74658203125,2.4081
-2.94525146484375,2.40815
-2.701416015625,2.4082
-2.92816162109375,2.40825
-2.74505615234375,2.4083
-2.79876708984375,2.40835
-2.84820556640625,2.4084
-2.88848876953125,2.4084499999999998
-2.42584228515625,2.4085
-2.6251220703125,2.40855
-2.63946533203125,2.4086
-2.79388427734375,2.4086499999999997
-2.67333984375,2.4087
-2.8045654296875,2.40875
-2.7197265625,2.4088
-2.76947021484375,2.4088499999999997
-2.889404296875,2.4089
-2.87384033203125,2.40895
-2.70751953125,2.409
-2.896728515625,2.4090499999999997
-2.9425048828125,2.4091
-2.79205322265625,2.40915
-2.98980712890625,2.4092
-3.05511474609375,2.40925
-2.92327880859375,2.4093
-2.84912109375,2.40935
-2.8863525390625,2.4093999999999998
-2.852783203125,2.40945
-3.00872802734375,2.4095
-3.00506591796875,2.40955
-3.05633544921875,2.4095999999999997
-2.97607421875,2.40965
-3.07220458984375,2.4097
-3.236083984375,2.40975
-3.21197509765625,2.4097999999999997
-2.9510498046875,2.40985
-3.1658935546875,2.4099
-3.021240234375,2.40995
-2.90618896484375,2.4099999999999997
-3.3447265625,2.41005
-3.2244873046875,2.4101
-3.03375244140625,2.41015
-3.0743408203125,2.4102
-3.1182861328125,2.41025
-3.0462646484375,2.4103
-3.3013916015625,2.4103499999999998
-3.43231201171875,2.4104
-3.2177734375,2.41045
-3.0731201171875,2.4105
-3.41400146484375,2.4105499999999997
-3.2623291015625,2.4106
-3.00537109375,2.41065
-3.4222412109375,2.4107
-3.50982666015625,2.4107499999999997
-3.1121826171875,2.4108
-3.240966796875,2.41085
-3.096923828125,2.4109
-3.32366943359375,2.4109499999999997
-3.2672119140625,2.411
-3.16131591796875,2.41105
-3.0859375,2.4111
-3.03619384765625,2.41115
-3.34503173828125,2.4112
-3.34075927734375,2.41125
-3.1036376953125,2.4112999999999998
-2.7655029296875,2.41135
-3.44482421875,2.4114
-3.037109375,2.41145
-3.14483642578125,2.4114999999999998
-3.10211181640625,2.41155
-3.115234375,2.4116
-2.840576171875,2.41165
-3.18603515625,2.4116999999999997
-3.02642822265625,2.41175
-3.19732666015625,2.4118
-2.9730224609375,2.41185
-2.930908203125,2.4118999999999997
-3.00018310546875,2.41195
-2.9132080078125,2.412
-2.91259765625,2.41205
-3.09417724609375,2.4121
-2.79510498046875,2.41215
-3.17291259765625,2.4122
-3.1854248046875,2.41225
-2.93701171875,2.4123
-3.1524658203125,2.41235
-3.3306884765625,2.4124
-3.03314208984375,2.4124499999999998
-3.0352783203125,2.4125
-3.03466796875,2.41255
-2.97210693359375,2.4126
-3.36639404296875,2.4126499999999997
-3.20098876953125,2.4127
-3.2147216796875,2.41275
-3.24371337890625,2.4128
-3.258056640625,2.4128499999999997
-3.287353515625,2.4129
-3.32183837890625,2.41295
-2.861328125,2.413
-3.35845947265625,2.4130499999999997
-3.08807373046875,2.4131
-3.2684326171875,2.41315
-3.448486328125,2.4132
-3.3978271484375,2.41325
-3.1475830078125,2.4133
-3.26263427734375,2.41335
-2.91290283203125,2.4133999999999998
-3.16375732421875,2.41345
-3.12255859375,2.4135
-3.20587158203125,2.41355
-3.24493408203125,2.4135999999999997
-2.9461669921875,2.41365
-3.13873291015625,2.4137
-3.1304931640625,2.41375
-2.99041748046875,2.4137999999999997
-2.95013427734375,2.41385
-3.31451416015625,2.4139
-2.75360107421875,2.41395
-2.94097900390625,2.4139999999999997
-3.1536865234375,2.41405
-3.22784423828125,2.4141
-2.91839599609375,2.41415
-3.385009765625,2.4142
-2.98614501953125,2.41425
-3.302001953125,2.4143
-3.2647705078125,2.4143499999999998
-3.04718017578125,2.4144
-3.16497802734375,2.41445
-2.80487060546875,2.4145
-3.12713623046875,2.4145499999999998
-3.1488037109375,2.4146
-3.2318115234375,2.41465
-3.00567626953125,2.4147
-2.99896240234375,2.4147499999999997
-2.84912109375,2.4148
-3.243408203125,2.41485
-3.39141845703125,2.4149
-3.1591796875,2.4149499999999997
-2.9547119140625,2.415
-3.1549072265625,2.41505
-3.13934326171875,2.4151
-3.02032470703125,2.41515
-2.918701171875,2.4152
-3.095703125,2.41525
-2.94219970703125,2.4153
-2.947998046875,2.41535
-2.6324462890625,2.4154
-2.6861572265625,2.41545
-3.00567626953125,2.4154999999999998
-2.984619140625,2.41555
-2.55401611328125,2.4156
-2.6983642578125,2.41565
-3.07464599609375,2.4156999999999997
-2.76458740234375,2.41575
-2.930908203125,2.4158
-2.98614501953125,2.41585
-2.77191162109375,2.4158999999999997
-2.79632568359375,2.41595
-2.98370361328125,2.416
-2.69744873046875,2.41605
-3.09661865234375,2.4160999999999997
-2.8814697265625,2.41615
-2.95928955078125,2.4162
-2.83905029296875,2.41625
-2.90374755859375,2.4163
-3.08502197265625,2.41635
-3.24737548828125,2.4164
-3.0645751953125,2.4164499999999998
-3.154296875,2.4165
-3.1890869140625,2.41655
-3.4088134765625,2.4166
-3.232421875,2.4166499999999997
-3.57330322265625,2.4167
-3.3966064453125,2.41675
-3.0877685546875,2.4168
-3.3074951171875,2.4168499999999997
-3.48358154296875,2.4169
-3.47259521484375,2.41695
-3.424072265625,2.417
-3.59130859375,2.4170499999999997
-3.31817626953125,2.4171
-3.38470458984375,2.41715
-3.60076904296875,2.4172
-3.6163330078125,2.41725
-3.1878662109375,2.4173
-3.531494140625,2.41735
-3.43597412109375,2.4173999999999998
-3.446044921875,2.41745
-3.89404296875,2.4175
-3.4130859375,2.41755
-3.511962890625,2.4175999999999997
-3.773193359375,2.41765
-3.55377197265625,2.4177
-3.86810302734375,2.41775
-3.86810302734375,2.4177999999999997
-3.57452392578125,2.41785
-3.289794921875,2.4179
-3.4075927734375,2.41795
-3.309326171875,2.4179999999999997
-3.12713623046875,2.41805
-3.2171630859375,2.4181
-3.02093505859375,2.41815
-3.0645751953125,2.4182
-2.75482177734375,2.41825
-3.043212890625,2.4183
-3.0694580078125,2.4183499999999998
-2.91290283203125,2.4184
-2.81494140625,2.41845
-2.88787841796875,2.4185
-2.899169921875,2.4185499999999998
-2.93701171875,2.4186
-2.79571533203125,2.41865
-2.734375,2.4187
-2.9364013671875,2.4187499999999997
-2.593994140625,2.4188
-2.71026611328125,2.41885
-2.50030517578125,2.4189
-2.59674072265625,2.4189499999999997
-2.68707275390625,2.419
-2.7996826171875,2.41905
-2.68707275390625,2.4191
-3.1427001953125,2.41915
-3.04473876953125,2.4192
-3.1976318359375,2.41925
-3.12408447265625,2.4193
-3.2928466796875,2.41935
-3.28277587890625,2.4194
-3.287353515625,2.41945
-3.25592041015625,2.4194999999999998
-3.38531494140625,2.41955
-3.294677734375,2.4196
-3.017578125,2.41965
-2.9742431640625,2.4196999999999997
-3.177490234375,2.41975
-2.95806884765625,2.4198
-3.13812255859375,2.41985
-2.72796630859375,2.4198999999999997
-2.74993896484375,2.41995
-3.154296875,2.42
-3.22601318359375,2.42005
-2.91046142578125,2.4200999999999997
-2.896728515625,2.42015
-3.17535400390625,2.4202
-2.9840087890625,2.42025
-3.148193359375,2.4203
-2.9400634765625,2.42035
-2.8326416015625,2.4204
-2.6123046875,2.4204499999999998
-2.8936767578125,2.4205
-2.72613525390625,2.42055
-2.9791259765625,2.4206
-2.978515625,2.4206499999999997
-2.9437255859375,2.4207
-2.56103515625,2.42075
-2.88055419921875,2.4208
-2.9010009765625,2.4208499999999997
-3.1060791015625,2.4209
-3.0499267578125,2.42095
-3.22662353515625,2.421
-2.9779052734375,2.4210499999999997
-3.21380615234375,2.4211
-2.977294921875,2.42115
-3.138427734375,2.4212
-3.1500244140625,2.42125
-2.71270751953125,2.4213
-3.013916015625,2.42135
-2.91473388671875,2.4213999999999998
-2.9718017578125,2.42145
-2.9693603515625,2.4215
-3.0206298828125,2.42155
-2.8533935546875,2.4215999999999998
-3.37921142578125,2.42165
-3.28125,2.4217
-3.19000244140625,2.42175
-2.92205810546875,2.4217999999999997
-3.2470703125,2.42185
-3.04412841796875,2.4219
-2.99102783203125,2.42195
-3.16009521484375,2.4219999999999997
-2.80242919921875,2.42205
-2.8851318359375,2.4221
-2.962646484375,2.42215
-2.8271484375,2.4222
-2.87109375,2.42225
-3.035888671875,2.4223
-3.10760498046875,2.42235
-2.950439453125,2.4224
-3.08990478515625,2.42245
-3.11126708984375,2.4225
-2.91839599609375,2.4225499999999998
-3.223876953125,2.4226
-3.3447265625,2.42265
-3.10150146484375,2.4227
-2.965087890625,2.4227499999999997
-3.1378173828125,2.4228
-3.316650390625,2.42285
-3.15704345703125,2.4229
-2.8466796875,2.4229499999999997
-3.2659912109375,2.423
-3.24249267578125,2.42305
-3.0023193359375,2.4231
-3.3160400390625,2.4231499999999997
-3.29071044921875,2.4232
-3.0828857421875,2.42325
-3.1549072265625,2.4233
-3.00384521484375,2.42335
-3.1146240234375,2.4234
-3.15032958984375,2.42345
-3.1005859375,2.4234999999999998
-2.989501953125,2.42355
-3.056640625,2.4236
-3.243408203125,2.42365
-3.23150634765625,2.4236999999999997
-3.143310546875,2.42375
-3.1201171875,2.4238
-3.29559326171875,2.42385
-3.07525634765625,2.4238999999999997
-3.31787109375,2.42395
-3.25653076171875,2.424
-3.42254638671875,2.42405
-3.33404541015625,2.4240999999999997
-3.38348388671875,2.42415
-3.21319580078125,2.4242
-3.3917236328125,2.42425
-3.27972412109375,2.4243
-3.4014892578125,2.42435
-3.0810546875,2.4244
-2.93182373046875,2.4244499999999998
-3.16925048828125,2.4245
-3.245849609375,2.42455
-3.1011962890625,2.4246
-2.83843994140625,2.4246499999999997
-3.0291748046875,2.4247
-2.72674560546875,2.42475
-3.074951171875,2.4248
-3.05938720703125,2.4248499999999997
-2.91046142578125,2.4249
-2.81402587890625,2.42495
-3.09051513671875,2.425
-2.724609375,2.4250499999999997
-3.32275390625,2.4251
-2.923583984375,2.42515
-2.95867919921875,2.4252
-2.84332275390625,2.4252499999999997
-2.94158935546875,2.4253
-2.803955078125,2.42535
-2.89794921875,2.4254
-3.15521240234375,2.4254499999999997
-3.2012939453125,2.4255
-2.7642822265625,2.42555
-3.00262451171875,2.4255999999999998
-3.165283203125,2.4256499999999996
-3.06610107421875,2.4257
-2.95562744140625,2.42575
-3.040771484375,2.4257999999999997
-2.796630859375,2.42585
-2.98675537109375,2.4259
-2.965087890625,2.42595
-3.0828857421875,2.4259999999999997
-2.96417236328125,2.42605
-2.8826904296875,2.4261
-3.0615234375,2.42615
-2.75970458984375,2.4261999999999997
-3.0047607421875,2.42625
-2.8515625,2.4263
-2.92816162109375,2.42635
-2.6654052734375,2.4263999999999997
-2.81646728515625,2.42645
-2.84271240234375,2.4265
-2.73956298828125,2.4265499999999998
-2.85797119140625,2.4265999999999996
-2.9998779296875,2.42665
-2.43743896484375,2.4267
-2.64068603515625,2.4267499999999997
-2.9071044921875,2.4268
-2.75909423828125,2.42685
-2.83905029296875,2.4269
-2.87200927734375,2.4269499999999997
-2.79541015625,2.427
-2.70294189453125,2.42705
-3.01971435546875,2.4271
-2.80792236328125,2.4271499999999997
-2.9107666015625,2.4272
-2.33154296875,2.42725
-2.6617431640625,2.4273
-2.8961181640625,2.4273499999999997
-2.84576416015625,2.4274
-2.58209228515625,2.42745
-2.78564453125,2.4274999999999998
-2.8857421875,2.4275499999999997
-2.92816162109375,2.4276
-3.00323486328125,2.42765
-2.90802001953125,2.4276999999999997
-2.91717529296875,2.4277499999999996
-2.841796875,2.4278
-2.81890869140625,2.42785
-2.713623046875,2.4278999999999997
-3.12408447265625,2.42795
-2.84332275390625,2.428
-2.841796875,2.42805
-2.7764892578125,2.4280999999999997
-2.7886962890625,2.42815
-2.9150390625,2.4282
-3.10333251953125,2.42825
-3.115234375,2.4282999999999997
-3.05267333984375,2.42835
-2.89581298828125,2.4284
-3.2916259765625,2.4284499999999998
-2.92083740234375,2.4284999999999997
-3.236083984375,2.42855
-3.2086181640625,2.4286
-3.09051513671875,2.4286499999999998
-2.933349609375,2.4286999999999996
-3.06976318359375,2.42875
-3.27301025390625,2.4288
-3.1451416015625,2.4288499999999997
-2.9852294921875,2.4289
-3.01971435546875,2.42895
-3.39935302734375,2.429
-3.4747314453125,2.4290499999999997
-3.203125,2.4291
-3.24859619140625,2.42915
-3.15643310546875,2.4292
-2.91839599609375,2.4292499999999997
-3.253173828125,2.4293
-3.1256103515625,2.42935
-3.031005859375,2.4294
-3.1591796875,2.4294499999999997
-3.26141357421875,2.4295
-3.08258056640625,2.42955
-3.26995849609375,2.4295999999999998
-3.380126953125,2.4296499999999996
-3.3489990234375,2.4297
-2.95867919921875,2.42975
-3.31756591796875,2.4297999999999997
-3.11004638671875,2.42985
-3.0889892578125,2.4299
-3.54095458984375,2.42995
-3.57452392578125,2.4299999999999997
-3.2598876953125,2.43005
-3.0865478515625,2.4301
-3.20648193359375,2.43015
-3.34228515625,2.4301999999999997
-3.22967529296875,2.43025
-3.00537109375,2.4303
-3.16986083984375,2.43035
-3.20404052734375,2.4303999999999997
-3.179931640625,2.43045
-3.19671630859375,2.4305
-3.218994140625,2.4305499999999998
-2.90008544921875,2.4305999999999996
-3.323974609375,2.43065
-3.04840087890625,2.4307
-2.96875,2.4307499999999997
-3.1866455078125,2.4307999999999996
-3.15704345703125,2.43085
-2.8741455078125,2.4309
-3.24005126953125,2.4309499999999997
-3.018798828125,2.431
-3.150634765625,2.43105
-3.22906494140625,2.4311
-3.15948486328125,2.4311499999999997
-3.0682373046875,2.4312
-2.818603515625,2.43125
-3.1024169921875,2.4313
-3.00506591796875,2.4313499999999997
-3.15704345703125,2.4314
-3.04473876953125,2.43145
-3.02764892578125,2.4314999999999998
-2.99560546875,2.4315499999999997
-3.33587646484375,2.4316
-3.23272705078125,2.43165
-3.2470703125,2.4316999999999998
-3.0548095703125,2.4317499999999996
-3.15704345703125,2.4318
-3.27850341796875,2.43185
-3.3367919921875,2.4318999999999997
-3.38897705078125,2.43195
-3.033447265625,2.432
-3.28765869140625,2.43205
-2.9095458984375,2.4320999999999997
-3.22509765625,2.43215
-3.22662353515625,2.4322
-3.0462646484375,2.43225
-3.1866455078125,2.4322999999999997
-3.2635498046875,2.43235
-3.01361083984375,2.4324
-3.709716796875,2.43245
-3.35723876953125,2.4324999999999997
-3.18817138671875,2.43255
-3.18511962890625,2.4326
-3.04962158203125,2.4326499999999998
-3.2000732421875,2.4326999999999996
-3.2635498046875,2.43275
-3.31634521484375,2.4328
-3.411865234375,2.4328499999999997
-3.01483154296875,2.4329
-3.36334228515625,2.43295
-3.27850341796875,2.433
-3.0987548828125,2.4330499999999997
-3.12286376953125,2.4331
-3.23455810546875,2.43315
-3.004150390625,2.4332
-3.1439208984375,2.4332499999999997
-3.291015625,2.4333
-3.23638916015625,2.43335
-3.16162109375,2.4334
-3.2135009765625,2.4334499999999997
-3.29010009765625,2.4335
-3.20556640625,2.43355
-3.25897216796875,2.4335999999999998
-3.2720947265625,2.4336499999999996
-3.43414306640625,2.4337
-3.09417724609375,2.43375
-3.1304931640625,2.4337999999999997
-3.24981689453125,2.43385
-2.93701171875,2.4339
-3.27972412109375,2.43395
-3.360595703125,2.4339999999999997
-2.79205322265625,2.43405
-3.17626953125,2.4341
-3.17291259765625,2.43415
-3.1646728515625,2.4341999999999997
-3.1744384765625,2.43425
-3.1866455078125,2.4343
-3.1951904296875,2.43435
-3.21380615234375,2.4343999999999997
-3.5284423828125,2.43445
-3.28857421875,2.4345
-3.251953125,2.4345499999999998
-2.83050537109375,2.4345999999999997
-3.04718017578125,2.43465
-2.86773681640625,2.4347
-2.7392578125,2.4347499999999997
-2.76336669921875,2.4347999999999996
-2.8009033203125,2.43485
-2.796630859375,2.4349
-2.87109375,2.4349499999999997
-2.9083251953125,2.435
-3.07952880859375,2.43505
-2.9815673828125,2.4351
-2.9656982421875,2.4351499999999997
-3.050537109375,2.4352
-2.83172607421875,2.43525
-3.0499267578125,2.4353
-3.02520751953125,2.4353499999999997
-2.9254150390625,2.4354
-2.90130615234375,2.43545
-2.7935791015625,2.4354999999999998
-2.71514892578125,2.4355499999999997
-3.04107666015625,2.4356
-3.2537841796875,2.43565
-2.77252197265625,2.4356999999999998
-2.708740234375,2.4357499999999996
-3.19183349609375,2.4358
-2.9815673828125,2.43585
-3.29315185546875,2.4358999999999997
-3.39996337890625,2.43595
-3.204345703125,2.436
-3.1463623046875,2.43605
-3.32427978515625,2.4360999999999997
-3.33251953125,2.43615
-3.17901611328125,2.4362
-3.26141357421875,2.43625
-3.2843017578125,2.4362999999999997
-3.47900390625,2.43635
-3.1658935546875,2.4364
-3.31390380859375,2.43645
-3.31634521484375,2.4364999999999997
-3.431396484375,2.43655
-3.16741943359375,2.4366
-3.28826904296875,2.4366499999999998
-3.2135009765625,2.4366999999999996
-3.3428955078125,2.43675
-3.277587890625,2.4368
-3.333740234375,2.4368499999999997
-3.1158447265625,2.4369
-3.17840576171875,2.43695
-3.365478515625,2.437
-3.134765625,2.4370499999999997
-3.12286376953125,2.4371
-3.10516357421875,2.43715
-2.821044921875,2.4372
-2.7166748046875,2.4372499999999997
-3.07342529296875,2.4373
-3.07861328125,2.43735
-2.84393310546875,2.4374
-2.87689208984375,2.4374499999999997
-2.9595947265625,2.4375
-2.92449951171875,2.43755
-3.04840087890625,2.4375999999999998
-2.93792724609375,2.4376499999999997
-3.08990478515625,2.4377
-2.860107421875,2.43775
-3.06243896484375,2.4377999999999997
-3.16131591796875,2.4378499999999996
-3.238525390625,2.4379
-2.8875732421875,2.43795
-3.18878173828125,2.4379999999999997
-2.9119873046875,2.43805
-2.86376953125,2.4381
-3.00567626953125,2.43815
-2.99468994140625,2.4381999999999997
-2.85186767578125,2.43825
-2.7972412109375,2.4383
-2.9241943359375,2.43835
-2.786865234375,2.4383999999999997
-3.05023193359375,2.43845
-3.08807373046875,2.4385
-2.900390625,2.4385499999999998
-2.816162109375,2.4385999999999997
-2.999267578125,2.43865
-2.97332763671875,2.4387
-3.170166015625,2.4387499999999998
-3.19610595703125,2.4387999999999996
-3.04473876953125,2.43885
-2.74627685546875,2.4389
-3.25408935546875,2.4389499999999997
-2.994384765625,2.439
-3.05572509765625,2.43905
-3.08197021484375,2.4391
-3.03070068359375,2.4391499999999997
-3.04534912109375,2.4392
-2.7764892578125,2.43925
-3.10821533203125,2.4393
-3.14697265625,2.4393499999999997
-3.363037109375,2.4394
-2.98004150390625,2.43945
-3.19122314453125,2.4395
-3.22052001953125,2.4395499999999997
-3.26446533203125,2.4396
-3.21929931640625,2.43965
-3.41522216796875,2.4396999999999998
-3.056640625,2.4397499999999996
-3.2220458984375,2.4398
-3.3056640625,2.43985
-3.09967041015625,2.4398999999999997
-3.2635498046875,2.43995
-3.05908203125,2.44
-2.8668212890625,2.44005
-3.037109375,2.4400999999999997
-3.34259033203125,2.44015
-2.9742431640625,2.4402
-2.93548583984375,2.44025
-2.9046630859375,2.4402999999999997
-3.20526123046875,2.44035
-3.099365234375,2.4404
-3.16741943359375,2.44045
-3.02947998046875,2.4404999999999997
-2.97576904296875,2.44055
-2.818603515625,2.4406
-2.97119140625,2.4406499999999998
-2.90924072265625,2.4406999999999996
-2.84912109375,2.44075
-2.91015625,2.4408
-2.99102783203125,2.4408499999999997
-2.65655517578125,2.4409
-2.7008056640625,2.44095
-3.07861328125,2.441
-3.138427734375,2.4410499999999997
-2.9412841796875,2.4411
-2.84912109375,2.44115
-3.2818603515625,2.4412
-3.0291748046875,2.4412499999999997
-3.31207275390625,2.4413
-3.3251953125,2.44135
-2.9486083984375,2.4414
-2.9986572265625,2.4414499999999997
-3.31451416015625,2.4415
-3.10546875,2.44155
-3.3404541015625,2.4415999999999998
-3.14208984375,2.4416499999999997
-3.15155029296875,2.4417
-2.83447265625,2.44175
-3.20770263671875,2.4417999999999997
-3.14300537109375,2.4418499999999996
-3.13323974609375,2.4419
-3.13507080078125,2.44195
-3.3026123046875,2.4419999999999997
-3.10943603515625,2.44205
-3.24462890625,2.4421
-3.29071044921875,2.44215
-3.3038330078125,2.4421999999999997
-3.39447021484375,2.44225
-3.3758544921875,2.4423
-3.49700927734375,2.44235
-3.7109375,2.4423999999999997
-3.8751220703125,2.44245
-3.73199462890625,2.4425
-3.78753662109375,2.4425499999999998
-3.55621337890625,2.4425999999999997
-3.67950439453125,2.44265
-3.77410888671875,2.4427
-3.59527587890625,2.4427499999999998
-3.363037109375,2.4427999999999996
-3.568115234375,2.44285
-3.289794921875,2.4429
-3.4234619140625,2.4429499999999997
-3.66790771484375,2.443
-3.28582763671875,2.44305
-3.2623291015625,2.4431
-3.62640380859375,2.4431499999999997
-3.3453369140625,2.4432
-3.829345703125,2.44325
-3.9569091796875,2.4433
-3.6474609375,2.4433499999999997
-3.57025146484375,2.4434
-3.4307861328125,2.44345
-3.70452880859375,2.4435
-3.29437255859375,2.4435499999999997
-3.36090087890625,2.4436
-3.29132080078125,2.44365
-3.3709716796875,2.4436999999999998
-2.98553466796875,2.4437499999999996
-3.0157470703125,2.4438
-3.16375732421875,2.44385
-3.3380126953125,2.4438999999999997
-2.943115234375,2.44395
-3.07220458984375,2.444
-2.97119140625,2.44405
-3.00140380859375,2.4440999999999997
-3.20343017578125,2.44415
-2.94097900390625,2.4442
-2.8558349609375,2.44425
-2.64190673828125,2.4442999999999997
-2.85247802734375,2.44435
-2.5872802734375,2.4444
-2.7008056640625,2.44445
-2.68280029296875,2.4444999999999997
-2.61871337890625,2.44455
-2.58636474609375,2.4446
-3.05816650390625,2.4446499999999998
-2.989501953125,2.4446999999999997
-3.18115234375,2.44475
-3.20465087890625,2.4448
-3.3892822265625,2.4448499999999997
-3.38592529296875,2.4448999999999996
-3.47747802734375,2.44495
-3.28582763671875,2.445
-3.6773681640625,2.4450499999999997
-3.4637451171875,2.4451
-3.389892578125,2.44515
-3.3551025390625,2.4452
-3.25927734375,2.4452499999999997
-3.1781005859375,2.4453
-3.3062744140625,2.44535
-3.33770751953125,2.4454
-2.84912109375,2.4454499999999997
-3.10882568359375,2.4455
-3.27850341796875,2.44555
-3.05145263671875,2.4455999999999998
-2.7813720703125,2.4456499999999997
-2.9425048828125,2.4457
-2.9217529296875,2.44575
-2.96142578125,2.4457999999999998
-3.050537109375,2.4458499999999996
-2.93060302734375,2.4459
-2.48748779296875,2.44595
-2.64007568359375,2.4459999999999997
-2.7069091796875,2.44605
-2.68280029296875,2.4461
-2.703857421875,2.44615
-2.7435302734375,2.4461999999999997
-2.3602294921875,2.44625
-2.666015625,2.4463
-2.52166748046875,2.44635
-2.618408203125,2.4463999999999997
-2.89459228515625,2.44645
-2.75299072265625,2.4465
-2.7764892578125,2.44655
-2.77435302734375,2.4465999999999997
-2.8753662109375,2.44665
-2.950439453125,2.4467
-2.81463623046875,2.4467499999999998
-2.85400390625,2.4467999999999996
-2.8778076171875,2.44685
-2.7899169921875,2.4469
-2.755126953125,2.4469499999999997
-2.97515869140625,2.447
-2.965087890625,2.44705
-2.87750244140625,2.4471
-3.0010986328125,2.4471499999999997
-2.78167724609375,2.4472
-2.89459228515625,2.44725
-2.974853515625,2.4473
-2.74017333984375,2.4473499999999997
-3.00445556640625,2.4474
-2.71820068359375,2.44745
-3.08563232421875,2.4475
-2.80731201171875,2.4475499999999997
-2.83721923828125,2.4476
-2.71209716796875,2.44765
-2.89459228515625,2.4476999999999998
-2.50091552734375,2.4477499999999996
-3.00323486328125,2.4478
-2.9705810546875,2.44785
-2.87841796875,2.4478999999999997
-2.91473388671875,2.44795
-3.0181884765625,2.448
-2.85552978515625,2.44805
-2.97760009765625,2.4480999999999997
-2.85003662109375,2.44815
-3.062744140625,2.4482
-2.99163818359375,2.44825
-2.8369140625,2.4482999999999997
-2.97119140625,2.44835
-3.21868896484375,2.4484
-2.861328125,2.44845
-3.092041015625,2.4484999999999997
-3.24188232421875,2.44855
-2.7593994140625,2.4486
-3.3697509765625,2.4486499999999998
-3.20770263671875,2.4486999999999997
-3.11859130859375,2.44875
-3.00811767578125,2.4488
-2.98828125,2.4488499999999997
-2.994384765625,2.4488999999999996
-3.15643310546875,2.44895
-3.11004638671875,2.449
-3.09173583984375,2.4490499999999997
-2.78656005859375,2.4491
-2.978515625,2.44915
-3.0572509765625,2.4492
-3.0413818359375,2.4492499999999997
-3.03619384765625,2.4493
-3.23760986328125,2.44935
-2.80670166015625,2.4494
-3.1231689453125,2.4494499999999997
-2.84454345703125,2.4495
-2.85186767578125,2.44955
-3.11065673828125,2.4495999999999998
-3.0059814453125,2.4496499999999997
-2.801513671875,2.4497
-2.6727294921875,2.44975
-2.98736572265625,2.4497999999999998
-3.04779052734375,2.4498499999999996
-3.0615234375,2.4499
-2.6361083984375,2.44995
-2.822265625,2.45
-2.94342041015625,2.45005
-2.69256591796875,2.4501000000000004
-2.64984130859375,2.4501500000000003
-2.8814697265625,2.4502
-2.77252197265625,2.45025
-2.86468505859375,2.4503000000000004
-2.916259765625,2.4503500000000003
-2.74017333984375,2.4504
-2.86834716796875,2.45045
-2.64434814453125,2.4505000000000003
-2.72125244140625,2.4505500000000002
-2.78961181640625,2.4506
-2.93487548828125,2.45065
-2.85003662109375,2.4507000000000003
-2.8643798828125,2.45075
-2.65350341796875,2.4508
-2.9827880859375,2.45085
-2.65716552734375,2.4509000000000003
-3.0023193359375,2.45095
-3.02154541015625,2.451
-3.009033203125,2.4510500000000004
-2.78472900390625,2.4511000000000003
-2.99072265625,2.45115
-2.95684814453125,2.4512
-3.167724609375,2.4512500000000004
-2.92388916015625,2.4513000000000003
-3.209228515625,2.45135
-3.0780029296875,2.4514
-2.8558349609375,2.4514500000000004
-3.15521240234375,2.4515000000000002
-3.15155029296875,2.45155
-3.02825927734375,2.4516
-2.90252685546875,2.4516500000000003
-3.062744140625,2.4517
-2.91046142578125,2.45175
-3.27392578125,2.4518
-3.30535888671875,2.4518500000000003
-2.98248291015625,2.4519
-2.861328125,2.45195
-3.0810546875,2.452
-3.04229736328125,2.4520500000000003
-3.0804443359375,2.4521
-3.09600830078125,2.45215
-2.962646484375,2.4522000000000004
-2.6971435546875,2.4522500000000003
-3.1298828125,2.4523
-2.93731689453125,2.45235
-2.87994384765625,2.4524000000000004
-2.95318603515625,2.4524500000000002
-3.14117431640625,2.4525
-3.0206298828125,2.45255
-2.90679931640625,2.4526000000000003
-2.89154052734375,2.45265
-2.89459228515625,2.4527
-3.140869140625,2.45275
-2.85919189453125,2.4528000000000003
-2.8204345703125,2.45285
-3.0523681640625,2.4529
-3.111572265625,2.45295
-3.0755615234375,2.4530000000000003
-3.18206787109375,2.45305
-3.05145263671875,2.4531
-3.12774658203125,2.4531500000000004
-3.4820556640625,2.4532000000000003
-3.27880859375,2.45325
-2.972412109375,2.4533
-3.0462646484375,2.4533500000000004
-3.06243896484375,2.4534000000000002
-3.13018798828125,2.45345
-3.15582275390625,2.4535
-3.06304931640625,2.4535500000000003
-2.71270751953125,2.4536000000000002
-3.070068359375,2.45365
-2.89764404296875,2.4537
-2.8125,2.4537500000000003
-3.17657470703125,2.4538
-2.94189453125,2.45385
-3.0767822265625,2.4539
-3.07342529296875,2.4539500000000003
-3.11492919921875,2.454
-2.75787353515625,2.45405
-3.067626953125,2.4541000000000004
-3.31085205078125,2.4541500000000003
-3.34747314453125,2.4542
-2.982177734375,2.45425
-3.2220458984375,2.4543000000000004
-3.260498046875,2.4543500000000003
-3.3807373046875,2.4544
-3.07830810546875,2.45445
-3.1658935546875,2.4545000000000003
-3.1744384765625,2.4545500000000002
-3.0731201171875,2.4546
-3.21380615234375,2.45465
-3.30322265625,2.4547000000000003
-3.29010009765625,2.45475
-3.0963134765625,2.4548
-3.463134765625,2.45485
-3.24554443359375,2.4549000000000003
-3.27789306640625,2.45495
-3.2586669921875,2.455
-3.143310546875,2.4550500000000004
-2.90130615234375,2.4551000000000003
-3.2647705078125,2.45515
-3.30078125,2.4552
-3.00567626953125,2.4552500000000004
-3.2342529296875,2.4553000000000003
-3.10577392578125,2.45535
-3.02459716796875,2.4554
-3.204345703125,2.4554500000000004
-3.08563232421875,2.4555000000000002
-3.2342529296875,2.45555
-3.07281494140625,2.4556
-3.16680908203125,2.4556500000000003
-3.22723388671875,2.4557
-3.1915283203125,2.45575
-3.2098388671875,2.4558
-3.24066162109375,2.4558500000000003
-3.08502197265625,2.4559
-2.9193115234375,2.45595
-2.9962158203125,2.456
-3.07891845703125,2.4560500000000003
-3.0279541015625,2.4561
-2.80914306640625,2.45615
-2.98370361328125,2.4562000000000004
-2.93487548828125,2.4562500000000003
-3.14239501953125,2.4563
-3.26263427734375,2.45635
-3.27392578125,2.4564000000000004
-2.869873046875,2.4564500000000002
-3.06182861328125,2.4565
-3.10302734375,2.45655
-3.0706787109375,2.4566000000000003
-3.343505859375,2.4566500000000002
-2.9693603515625,2.4567
-2.71148681640625,2.45675
-3.16009521484375,2.4568000000000003
-2.91412353515625,2.45685
-2.8521728515625,2.4569
-2.95623779296875,2.45695
-2.92144775390625,2.4570000000000003
-3.0322265625,2.45705
-2.6806640625,2.4571
-2.95684814453125,2.4571500000000004
-2.79205322265625,2.4572000000000003
-3.20648193359375,2.45725
-2.8594970703125,2.4573
-2.85797119140625,2.4573500000000004
-2.7703857421875,2.4574000000000003
-2.9034423828125,2.45745
-2.84576416015625,2.4575
-2.8863525390625,2.4575500000000003
-2.66448974609375,2.4576000000000002
-2.70660400390625,2.45765
-2.73712158203125,2.4577
-2.67303466796875,2.4577500000000003
-2.7703857421875,2.4578
-2.6519775390625,2.45785
-2.65899658203125,2.4579
-2.646484375,2.4579500000000003
-3.0364990234375,2.458
-2.68707275390625,2.45805
-2.73468017578125,2.4581000000000004
-2.674560546875,2.4581500000000003
-2.8985595703125,2.4582
-2.51129150390625,2.45825
-2.90008544921875,2.4583000000000004
-2.791748046875,2.4583500000000003
-2.7581787109375,2.4584
-2.777099609375,2.45845
-2.6861572265625,2.4585000000000004
-2.56500244140625,2.4585500000000002
-2.8680419921875,2.4586
-2.98065185546875,2.45865
-3.0084228515625,2.4587000000000003
-2.79144287109375,2.45875
-2.7288818359375,2.4588
-3.16375732421875,2.45885
-3.25439453125,2.4589000000000003
-2.8204345703125,2.45895
-2.96539306640625,2.459
-2.96478271484375,2.45905
-2.71240234375,2.4591000000000003
-2.950439453125,2.45915
-2.9486083984375,2.4592
-2.7655029296875,2.4592500000000004
-2.78076171875,2.4593000000000003
-2.87628173828125,2.45935
-2.65533447265625,2.4594
-2.77191162109375,2.4594500000000004
-2.6812744140625,2.4595000000000002
-2.823486328125,2.45955
-2.763671875,2.4596
-2.8765869140625,2.4596500000000003
-2.96844482421875,2.4597
-2.99224853515625,2.45975
-2.9376220703125,2.4598
-2.96112060546875,2.4598500000000003
-2.5927734375,2.4599
-2.8509521484375,2.45995
-2.82257080078125,2.46
-2.8765869140625,2.4600500000000003
-2.9058837890625,2.4601
-2.8765869140625,2.46015
-2.88299560546875,2.4602000000000004
-2.91839599609375,2.4602500000000003
-3.189697265625,2.4603
-2.9022216796875,2.46035
-3.05267333984375,2.4604000000000004
-2.608642578125,2.4604500000000002
-2.763671875,2.4605
-3.03009033203125,2.46055
-2.85430908203125,2.4606000000000003
-2.42950439453125,2.4606500000000002
-2.8662109375,2.4607
-2.75543212890625,2.46075
-2.6544189453125,2.4608000000000003
-2.9449462890625,2.46085
-2.69866943359375,2.4609
-2.70721435546875,2.46095
-2.972412109375,2.4610000000000003
-2.82623291015625,2.46105
-3.03009033203125,2.4611
-3.24981689453125,2.4611500000000004
-3.0548095703125,2.4612000000000003
-2.88787841796875,2.46125
-2.80303955078125,2.4613
-2.9339599609375,2.4613500000000004
-3.0474853515625,2.4614000000000003
-3.16650390625,2.46145
-3.1646728515625,2.4615
-3.15582275390625,2.4615500000000003
-2.88299560546875,2.4616000000000002
-3.05023193359375,2.46165
-3.05633544921875,2.4617
-3.3294677734375,2.4617500000000003
-3.153076171875,2.4618
-3.017578125,2.46185
-3.07952880859375,2.4619
-2.94921875,2.4619500000000003
-3.1884765625,2.462
-2.96356201171875,2.46205
-2.87994384765625,2.4621000000000004
-2.71759033203125,2.4621500000000003
-3.11187744140625,2.4622
-3.05267333984375,2.46225
-2.88330078125,2.4623000000000004
-2.982177734375,2.4623500000000003
-2.919921875,2.4624
-2.68402099609375,2.46245
-3.2525634765625,2.4625000000000004
-2.9766845703125,2.4625500000000002
-2.89947509765625,2.4626
-2.8900146484375,2.46265
-2.95623779296875,2.4627000000000003
-3.0059814453125,2.46275
-3.08929443359375,2.4628
-2.98980712890625,2.46285
-3.09906005859375,2.4629000000000003
-3.03924560546875,2.46295
-2.95928955078125,2.463
-2.97454833984375,2.46305
-2.8350830078125,2.4631000000000003
-3.00323486328125,2.46315
-3.08837890625,2.4632
-2.816162109375,2.4632500000000004
-2.74810791015625,2.4633000000000003
-2.8619384765625,2.46335
-3.095703125,2.4634
-3.08013916015625,2.4634500000000004
-2.73529052734375,2.4635000000000002
-3.074951171875,2.46355
-2.8607177734375,2.4636
-2.96875,2.4636500000000003
-2.95684814453125,2.4637000000000002
-3.08868408203125,2.46375
-2.6605224609375,2.4638
-3.065185546875,2.4638500000000003
-2.99072265625,2.4639
-2.84332275390625,2.46395
-2.98736572265625,2.464
-3.092041015625,2.4640500000000003
-2.82562255859375,2.4641
-3.070068359375,2.46415
-3.13446044921875,2.4642000000000004
-3.32763671875,2.4642500000000003
-3.45306396484375,2.4643
-3.26080322265625,2.46435
-3.3233642578125,2.4644000000000004
-3.2049560546875,2.4644500000000003
-3.121337890625,2.4645
-3.30963134765625,2.46455
-3.4442138671875,2.4646000000000003
-3.133544921875,2.4646500000000002
-3.3294677734375,2.4647
-3.18939208984375,2.46475
-3.4027099609375,2.4648000000000003
-3.353271484375,2.46485
-3.40789794921875,2.4649
-3.16986083984375,2.46495
-3.11004638671875,2.4650000000000003
-3.34625244140625,2.46505
-3.13751220703125,2.4651
-3.0438232421875,2.4651500000000004
-2.86529541015625,2.4652000000000003
-3.27239990234375,2.46525
-2.77862548828125,2.4653
-3.01422119140625,2.4653500000000004
-2.9425048828125,2.4654000000000003
-2.77862548828125,2.46545
-2.8472900390625,2.4655
-3.05572509765625,2.4655500000000004
-3.0633544921875,2.4656000000000002
-3.3624267578125,2.46565
-3.14605712890625,2.4657
-3.0865478515625,2.4657500000000003
-3.07342529296875,2.4658
-3.0657958984375,2.46585
-3.111572265625,2.4659
-3.21380615234375,2.4659500000000003
-3.1414794921875,2.466
-3.13140869140625,2.46605
-3.03497314453125,2.4661
-2.9217529296875,2.4661500000000003
-3.19549560546875,2.4662
-3.0511474609375,2.46625
-2.8717041015625,2.4663000000000004
-3.10333251953125,2.4663500000000003
-3.1207275390625,2.4664
-2.967529296875,2.46645
-3.4112548828125,2.4665000000000004
-3.24249267578125,2.4665500000000002
-3.21014404296875,2.4666
-2.9840087890625,2.46665
-3.13446044921875,2.4667000000000003
-3.04931640625,2.46675
-3.06915283203125,2.4668
-2.92755126953125,2.46685
-3.07098388671875,2.4669000000000003
-2.645263671875,2.46695
-2.9364013671875,2.467
-3.0999755859375,2.46705
-3.0889892578125,2.4671000000000003
-3.12103271484375,2.46715
-3.1146240234375,2.4672
-2.74169921875,2.4672500000000004
-3.1121826171875,2.4673000000000003
-2.9718017578125,2.46735
-3.216552734375,2.4674
-3.33221435546875,2.4674500000000004
-3.09234619140625,2.4675000000000002
-3.048095703125,2.46755
-3.0255126953125,2.4676
-3.1353759765625,2.4676500000000003
-3.160400390625,2.4677000000000002
-3.1884765625,2.46775
-2.72796630859375,2.4678
-2.86712646484375,2.4678500000000003
-3.18145751953125,2.4679
-3.11737060546875,2.46795
-2.8857421875,2.468
-3.2452392578125,2.4680500000000003
-3.11676025390625,2.4681
-3.45245361328125,2.46815
-3.5809326171875,2.4682000000000004
-3.463134765625,2.4682500000000003
-3.389892578125,2.4683
-3.51165771484375,2.46835
-3.68316650390625,2.4684000000000004
-3.6016845703125,2.4684500000000003
-3.53271484375,2.4685
-3.8037109375,2.46855
-3.695068359375,2.4686000000000003
-3.6187744140625,2.4686500000000002
-3.71673583984375,2.4687
-3.38104248046875,2.46875
-4.08660888671875,2.4688000000000003
-3.98956298828125,2.46885
-3.76953125,2.4689
-3.87542724609375,2.46895
-3.851318359375,2.4690000000000003
-3.660888671875,2.46905
-3.951416015625,2.4691
-3.91876220703125,2.46915
-3.5888671875,2.4692000000000003
-3.50341796875,2.46925
-3.49639892578125,2.4693
-3.93218994140625,2.4693500000000004
-3.52874755859375,2.4694000000000003
-3.4088134765625,2.46945
-3.46099853515625,2.4695
-3.45947265625,2.4695500000000004
-3.2452392578125,2.4696000000000002
-3.48419189453125,2.46965
-3.41796875,2.4697
-3.36181640625,2.4697500000000003
-3.07586669921875,2.4698
-3.28033447265625,2.46985
-2.85186767578125,2.4699
-2.97332763671875,2.4699500000000003
-2.8057861328125,2.47
-2.86376953125,2.47005
-2.7105712890625,2.4701
-2.8594970703125,2.4701500000000003
-2.88665771484375,2.4702
-2.73040771484375,2.47025
-2.845458984375,2.4703000000000004
-2.95379638671875,2.4703500000000003
-2.50030517578125,2.4704
-2.89947509765625,2.47045
-2.9571533203125,2.4705000000000004
-3.15948486328125,2.4705500000000002
-2.9827880859375,2.4706
-2.938232421875,2.47065
-3.04168701171875,2.4707000000000003
-3.12774658203125,2.4707500000000002
-3.21807861328125,2.4708
-3.2073974609375,2.47085
-3.32489013671875,2.4709000000000003
-3.03192138671875,2.47095
-3.22296142578125,2.471
-3.45001220703125,2.47105
-3.0682373046875,2.4711000000000003
-2.87445068359375,2.47115
-3.12225341796875,2.4712
-2.90679931640625,2.4712500000000004
-3.15826416015625,2.4713000000000003
-3.2415771484375,2.47135
-3.17230224609375,2.4714
-2.969970703125,2.4714500000000004
-3.12347412109375,2.4715000000000003
-3.0780029296875,2.47155
-3.084716796875,2.4716
-3.13995361328125,2.4716500000000003
-3.0633544921875,2.4717000000000002
-2.79571533203125,2.47175
-2.999267578125,2.4718
-2.7215576171875,2.4718500000000003
-2.694091796875,2.4719
-3.06549072265625,2.47195
-3.0316162109375,2.472
-2.92816162109375,2.4720500000000003
-2.71942138671875,2.4721
-3.0853271484375,2.47215
-2.9388427734375,2.4722000000000004
-3.109130859375,2.4722500000000003
-2.82440185546875,2.4723
-2.83477783203125,2.47235
-3.0523681640625,2.4724000000000004
-3.02032470703125,2.4724500000000003
-2.9522705078125,2.4725
-2.911376953125,2.47255
-3.21746826171875,2.4726000000000004
-2.86346435546875,2.4726500000000002
-3.1451416015625,2.4727
-3.04931640625,2.47275
-3.0474853515625,2.4728000000000003
-3.27301025390625,2.47285
-3.23150634765625,2.4729
-3.11553955078125,2.47295
-3.477783203125,2.4730000000000003
-3.41644287109375,2.47305
-3.29254150390625,2.4731
-3.32244873046875,2.47315
-3.1549072265625,2.4732000000000003
-2.91900634765625,2.47325
-3.20556640625,2.4733
-3.08929443359375,2.4733500000000004
-2.96600341796875,2.4734000000000003
-3.1585693359375,2.47345
-3.0889892578125,2.4735
-2.86224365234375,2.4735500000000004
-3.07098388671875,2.4736000000000002
-3.070068359375,2.47365
-3.28948974609375,2.4737
-2.82806396484375,2.4737500000000003
-2.94708251953125,2.4738
-3.35540771484375,2.47385
-3.5028076171875,2.4739
-3.270263671875,2.4739500000000003
-3.31268310546875,2.474
-3.548583984375,2.47405
-3.22479248046875,2.4741
-3.4283447265625,2.4741500000000003
-3.3746337890625,2.4742
-3.39385986328125,2.47425
-2.9522705078125,2.4743000000000004
-3.29498291015625,2.4743500000000003
-2.99652099609375,2.4744
-3.15277099609375,2.47445
-3.1829833984375,2.4745000000000004
-3.26171875,2.4745500000000002
-2.69744873046875,2.4746
-2.8546142578125,2.47465
-3.24981689453125,2.4747000000000003
-3.24493408203125,2.4747500000000002
-3.18359375,2.4748
-3.20892333984375,2.47485
-2.7972412109375,2.4749000000000003
-3.1304931640625,2.47495
-3.03375244140625,2.475
-3.067626953125,2.47505
-3.28826904296875,2.4751000000000003
-3.11492919921875,2.47515
-3.056640625,2.4752
-2.98431396484375,2.47525
-3.29132080078125,2.4753000000000003
-3.06427001953125,2.47535
-3.21990966796875,2.4754
-3.052978515625,2.47545
-3.43658447265625,2.4755000000000003
-3.40667724609375,2.47555
-3.3538818359375,2.4756
-3.282470703125,2.47565
-3.3892822265625,2.4757000000000002
-3.1683349609375,2.47575
-2.80792236328125,2.4758
-3.2666015625,2.4758500000000003
-3.10699462890625,2.4759
-3.0804443359375,2.47595
-3.0987548828125,2.476
-3.079833984375,2.4760500000000003
-2.884521484375,2.4761
-3.14361572265625,2.47615
-3.101806640625,2.4762
-3.0194091796875,2.4762500000000003
-3.06793212890625,2.4763
-3.1219482421875,2.47635
-2.889404296875,2.4764
-3.22906494140625,2.4764500000000003
-3.336181640625,2.4765
-3.0792236328125,2.47655
-2.9083251953125,2.4766
-2.96356201171875,2.4766500000000002
-3.29498291015625,2.4767
-3.20587158203125,2.47675
-2.913818359375,2.4768000000000003
-3.07159423828125,2.47685
-3.052978515625,2.4769
-2.833251953125,2.47695
-3.20770263671875,2.4770000000000003
-3.10028076171875,2.47705
-3.1317138671875,2.4771
-3.18511962890625,2.47715
-3.1451416015625,2.4772000000000003
-2.94097900390625,2.47725
-3.08135986328125,2.4773
-3.10546875,2.47735
-3.31451416015625,2.4774000000000003
-2.82745361328125,2.47745
-3.216552734375,2.4775
-3.28125,2.47755
-3.2830810546875,2.4776000000000002
-3.1787109375,2.47765
-3.1072998046875,2.4777
-2.70660400390625,2.47775
-3.0938720703125,2.4778000000000002
-2.98309326171875,2.47785
-2.967529296875,2.4779
-3.19854736328125,2.4779500000000003
-2.9156494140625,2.478
-2.816162109375,2.47805
-3.12713623046875,2.4781
-3.14605712890625,2.4781500000000003
-3.09906005859375,2.4782
-3.1365966796875,2.47825
-2.7734375,2.4783
-3.20831298828125,2.4783500000000003
-3.0975341796875,2.4784
-2.96600341796875,2.47845
-2.70233154296875,2.4785
-3.10455322265625,2.4785500000000003
-2.620849609375,2.4786
-2.8204345703125,2.47865
-2.9193115234375,2.4787
-2.92510986328125,2.4787500000000002
-2.88360595703125,2.4788
-2.90283203125,2.47885
-2.76123046875,2.4789000000000003
-2.89642333984375,2.47895
-3.0145263671875,2.479
-3.11004638671875,2.47905
-2.86865234375,2.4791000000000003
-2.74078369140625,2.47915
-2.9754638671875,2.4792
-3.1207275390625,2.47925
-3.11737060546875,2.4793000000000003
-3.1549072265625,2.47935
-2.8033447265625,2.4794
-3.0609130859375,2.47945
-3.02642822265625,2.4795000000000003
-2.7557373046875,2.47955
-3.19366455078125,2.4796
-3.05572509765625,2.47965
-2.91900634765625,2.4797000000000002
-2.6873779296875,2.47975
-2.95806884765625,2.4798
-3.16192626953125,2.4798500000000003
-2.99224853515625,2.4799
-2.791748046875,2.47995
-2.923583984375,2.48
-3.026123046875,2.4800500000000003
-2.90985107421875,2.4801
-2.999267578125,2.48015
-3.19610595703125,2.4802
-2.911376953125,2.4802500000000003
-3.0096435546875,2.4803
-3.18206787109375,2.48035
-2.7899169921875,2.4804
-3.25347900390625,2.4804500000000003
-3.1793212890625,2.4805
-3.07708740234375,2.48055
-3.06976318359375,2.4806
-3.11553955078125,2.4806500000000002
-3.26019287109375,2.4807
-3.3709716796875,2.48075
-3.35235595703125,2.4808000000000003
-3.3319091796875,2.48085
-3.1298828125,2.4809
-3.3599853515625,2.48095
-3.48388671875,2.4810000000000003
-3.4844970703125,2.48105
-3.316650390625,2.4811
-3.29132080078125,2.48115
-3.193359375,2.4812000000000003
-3.43170166015625,2.48125
-3.31268310546875,2.4813
-3.32183837890625,2.48135
-3.44635009765625,2.4814000000000003
-3.20831298828125,2.48145
-3.35113525390625,2.4815
-3.24676513671875,2.48155
-3.26416015625,2.4816000000000003
-3.07586669921875,2.48165
-3.3258056640625,2.4817
-2.88330078125,2.48175
-2.96539306640625,2.4818000000000002
-3.16253662109375,2.48185
-3.00506591796875,2.4819
-2.904052734375,2.4819500000000003
-3.18359375,2.482
-3.0584716796875,2.48205
-3.4063720703125,2.4821
-3.345947265625,2.4821500000000003
-3.31817626953125,2.4822
-2.98187255859375,2.48225
-3.1207275390625,2.4823
-3.0010986328125,2.4823500000000003
-2.8900146484375,2.4824
-3.2757568359375,2.48245
-3.1036376953125,2.4825
-2.8619384765625,2.4825500000000003
-3.05389404296875,2.4826
-3.12225341796875,2.48265
-2.93243408203125,2.4827
-3.02734375,2.4827500000000002
-3.21807861328125,2.4828
-3.08837890625,2.48285
-3.197021484375,2.4829000000000003
-3.43505859375,2.48295
-3.3001708984375,2.483
-3.270263671875,2.48305
-3.08197021484375,2.4831000000000003
-3.133544921875,2.48315
-3.116455078125,2.4832
-2.94830322265625,2.48325
-2.9937744140625,2.4833000000000003
-3.121337890625,2.48335
-2.8790283203125,2.4834
-2.91595458984375,2.48345
-3.16925048828125,2.4835000000000003
-3.01544189453125,2.48355
-3.123779296875,2.4836
-3.25225830078125,2.48365
-2.9058837890625,2.4837000000000002
-3.1048583984375,2.48375
-3.3111572265625,2.4838
-3.24188232421875,2.4838500000000003
-3.1329345703125,2.4839
-3.35205078125,2.48395
-3.0499267578125,2.484
-2.97576904296875,2.4840500000000003
-3.35205078125,2.4841
-3.05450439453125,2.48415
-3.2525634765625,2.4842
-2.68310546875,2.4842500000000003
-3.0035400390625,2.4843
-3.170166015625,2.48435
-3.11065673828125,2.4844
-3.07037353515625,2.4844500000000003
-3.2708740234375,2.4845
-3.2098388671875,2.48455
-3.30047607421875,2.4846
-3.3538818359375,2.4846500000000002
-3.4210205078125,2.4847
-3.2501220703125,2.48475
-2.90130615234375,2.4848
-3.2293701171875,2.4848500000000002
-2.7294921875,2.4849
-3.1060791015625,2.48495
-3.03619384765625,2.4850000000000003
-3.0267333984375,2.48505
-2.889404296875,2.4851
-2.8106689453125,2.48515
-2.85858154296875,2.4852000000000003
-3.16925048828125,2.48525
-3.31390380859375,2.4853
-3.11676025390625,2.48535
-2.80517578125,2.4854000000000003
-3.245849609375,2.48545
-3.0902099609375,2.4855
-3.24920654296875,2.48555
-3.1787109375,2.4856000000000003
-2.738037109375,2.48565
-2.90283203125,2.4857
-2.84820556640625,2.48575
-2.96630859375,2.4858000000000002
-2.70721435546875,2.48585
-2.9010009765625,2.4859
-2.86865234375,2.4859500000000003
-3.1512451171875,2.486
-2.92724609375,2.48605
-3.048095703125,2.4861
-2.9833984375,2.4861500000000003
-3.2110595703125,2.4862
-2.9107666015625,2.48625
-2.94342041015625,2.4863
-2.9571533203125,2.4863500000000003
-2.8338623046875,2.4864
-2.8631591796875,2.48645
-2.99285888671875,2.4865
-2.67486572265625,2.4865500000000003
-2.83294677734375,2.4866
-2.98431396484375,2.48665
-2.92144775390625,2.4867
-2.7545166015625,2.4867500000000002
-2.938232421875,2.4868
-2.81402587890625,2.48685
-2.69744873046875,2.4869000000000003
-3.24432373046875,2.48695
-3.206787109375,2.487
-2.8826904296875,2.48705
-3.0078125,2.4871000000000003
-3.05511474609375,2.48715
-3.057861328125,2.4872
-2.93701171875,2.48725
-2.8070068359375,2.4873000000000003
-3.035888671875,2.48735
-2.99163818359375,2.4874
-2.940673828125,2.48745
-3.045654296875,2.4875000000000003
-3.1109619140625,2.48755
-3.0487060546875,2.4876
-3.2598876953125,2.48765
-3.0120849609375,2.4877000000000002
-3.040771484375,2.48775
-3.08868408203125,2.4878
-3.32427978515625,2.48785
-3.128662109375,2.4879000000000002
-3.0267333984375,2.48795
-3.27301025390625,2.488
-3.0755615234375,2.4880500000000003
-3.34991455078125,2.4881
-3.2476806640625,2.48815
-2.9290771484375,2.4882
-2.77923583984375,2.4882500000000003
-3.10791015625,2.4883
-3.118896484375,2.48835
-3.2818603515625,2.4884
-3.26080322265625,2.4884500000000003
-3.082275390625,2.4885
-2.91351318359375,2.48855
-3.50616455078125,2.4886
-3.2598876953125,2.4886500000000003
-3.360595703125,2.4887
-2.984619140625,2.48875
-3.09112548828125,2.4888
-3.209228515625,2.4888500000000002
-3.2769775390625,2.4889
-3.02459716796875,2.48895
-3.0096435546875,2.4890000000000003
-3.27117919921875,2.48905
-2.75726318359375,2.4891
-3.27301025390625,2.48915
-3.02032470703125,2.4892000000000003
-3.133544921875,2.48925
-2.974853515625,2.4893
-2.998046875,2.48935
-2.8179931640625,2.4894000000000003
-3.1304931640625,2.48945
-2.99530029296875,2.4895
-2.894287109375,2.48955
-3.021240234375,2.4896000000000003
-2.8045654296875,2.48965
-2.77740478515625,2.4897
-2.75665283203125,2.48975
-3.016357421875,2.4898000000000002
-3.07098388671875,2.48985
-2.72308349609375,2.4899
-2.95074462890625,2.4899500000000003
-3.12286376953125,2.49
-2.92236328125,2.49005
-3.14422607421875,2.4901
-3.11798095703125,2.4901500000000003
-3.0108642578125,2.4902
-2.835693359375,2.49025
-3.23211669921875,2.4903
-3.2330322265625,2.4903500000000003
-2.93975830078125,2.4904
-3.29833984375,2.49045
-3.36090087890625,2.4905
-3.16192626953125,2.4905500000000003
-3.27239990234375,2.4906
-3.29833984375,2.49065
-3.4423828125,2.4907
-2.967529296875,2.4907500000000002
-3.2379150390625,2.4908
-3.2501220703125,2.49085
-3.15216064453125,2.4909000000000003
-3.3514404296875,2.49095
-3.519287109375,2.491
-3.035888671875,2.49105
-3.2757568359375,2.4911000000000003
-3.399658203125,2.49115
-3.4033203125,2.4912
-3.427734375,2.49125
-3.37738037109375,2.4913000000000003
-3.32550048828125,2.49135
-3.2171630859375,2.4914
-3.63189697265625,2.49145
-3.514404296875,2.4915000000000003
-3.4161376953125,2.49155
-2.933349609375,2.4916
-3.15032958984375,2.49165
-2.9327392578125,2.4917000000000002
-3.01971435546875,2.49175
-2.75299072265625,2.4918
-2.98797607421875,2.49185
-3.0218505859375,2.4919000000000002
-2.7850341796875,2.49195
-2.9461669921875,2.492
-3.02703857421875,2.4920500000000003
-3.070068359375,2.4921
-2.9669189453125,2.49215
-2.930908203125,2.4922
-2.645263671875,2.4922500000000003
-2.89031982421875,2.4923
-2.984619140625,2.49235
-2.8399658203125,2.4924
-2.5238037109375,2.4924500000000003
-2.813720703125,2.4925
-2.64068603515625,2.49255
-3.03009033203125,2.4926
-2.9180908203125,2.4926500000000003
-2.618408203125,2.4927
-2.61871337890625,2.49275
-2.99652099609375,2.4928
-2.60467529296875,2.4928500000000002
-2.96844482421875,2.4929
-3.17352294921875,2.49295
-2.9266357421875,2.4930000000000003
-2.64617919921875,2.49305
-2.85675048828125,2.4931
-2.99652099609375,2.49315
-2.8369140625,2.4932000000000003
-2.65289306640625,2.49325
-2.8363037109375,2.4933
-2.9229736328125,2.49335
-2.87445068359375,2.4934000000000003
-2.85552978515625,2.49345
-3.04534912109375,2.4935
-3.1280517578125,2.49355
-2.8680419921875,2.4936000000000003
-3.30108642578125,2.49365
-3.1427001953125,2.4937
-3.41064453125,2.49375
-3.41033935546875,2.4938000000000002
-3.511962890625,2.49385
-3.37646484375,2.4939
-3.505859375,2.4939500000000003
-3.5894775390625,2.494
-3.54522705078125,2.49405
-3.51654052734375,2.4941
-3.4930419921875,2.4941500000000003
-3.1915283203125,2.4942
-3.1829833984375,2.49425
-3.68682861328125,2.4943
-3.4588623046875,2.4943500000000003
-3.2720947265625,2.4944
-3.42529296875,2.49445
-3.4381103515625,2.4945
-3.543701171875,2.4945500000000003
-3.71368408203125,2.4946
-3.3685302734375,2.49465
-3.582763671875,2.4947
-3.3154296875,2.4947500000000002
-3.65203857421875,2.4948
-3.4259033203125,2.49485
-3.424072265625,2.4949
-2.9425048828125,2.4949500000000002
-3.51715087890625,2.495
-3.17352294921875,2.49505
-3.11309814453125,2.4951000000000003
-3.03009033203125,2.49515
-3.16253662109375,2.4952
-2.8985595703125,2.49525
-2.84454345703125,2.4953000000000003
-2.720947265625,2.49535
-2.74627685546875,2.4954
-3.05023193359375,2.49545
-2.92205810546875,2.4955000000000003
-2.7178955078125,2.49555
-2.6580810546875,2.4956
-2.576904296875,2.49565
-2.6214599609375,2.4957000000000003
-3.01666259765625,2.49575
-2.83477783203125,2.4958
-2.81463623046875,2.49585
-2.67852783203125,2.4959000000000002
-3.01666259765625,2.49595
-2.9718017578125,2.496
-3.16650390625,2.4960500000000003
-3.05328369140625,2.4961
-3.07403564453125,2.49615
-3.016357421875,2.4962
-2.95806884765625,2.4962500000000003
-3.11553955078125,2.4963
-2.9461669921875,2.49635
-3.316650390625,2.4964
-2.9876708984375,2.4964500000000003
-2.9791259765625,2.4965
-3.10211181640625,2.49655
-2.92449951171875,2.4966
-3.16314697265625,2.4966500000000003
-2.9510498046875,2.4967
-2.8271484375,2.49675
-3.20220947265625,2.4968
-2.861328125,2.4968500000000002
-2.860107421875,2.4969
-2.96478271484375,2.49695
-2.630615234375,2.4970000000000003
-2.42340087890625,2.49705
-2.69073486328125,2.4971
-2.85369873046875,2.49715
-2.61810302734375,2.4972000000000003
-2.542724609375,2.49725
-2.48687744140625,2.4973
-2.518310546875,2.49735
-2.65380859375,2.4974000000000003
-2.80029296875,2.49745
-2.72918701171875,2.4975
-2.689208984375,2.49755
-2.6324462890625,2.4976000000000003
-2.716064453125,2.49765
-2.5848388671875,2.4977
-2.7252197265625,2.49775
-2.578125,2.4978000000000002
-2.5006103515625,2.49785
-2.247314453125,2.4979
-2.3870849609375,2.4979500000000003
-2.42706298828125,2.498
-2.63153076171875,2.49805
-2.27813720703125,2.4981
-2.49969482421875,2.4981500000000003
-2.62786865234375,2.4982
-2.70751953125,2.49825
-2.73529052734375,2.4983
-2.7154541015625,2.4983500000000003
-2.44415283203125,2.4984
-2.803955078125,2.49845
-2.53662109375,2.4985
-2.59490966796875,2.4985500000000003
-2.8839111328125,2.4986
-2.53204345703125,2.49865
-2.38861083984375,2.4987
-2.451171875,2.4987500000000002
-2.55706787109375,2.4988
-2.62542724609375,2.49885
-2.7093505859375,2.4989
-2.6544189453125,2.4989500000000002
-2.7490234375,2.499
-2.5286865234375,2.49905
-2.8265380859375,2.4991000000000003
-2.48931884765625,2.49915
-2.7740478515625,2.4992
-2.596435546875,2.49925
-2.92022705078125,2.4993000000000003
-2.6617431640625,2.49935
-2.94158935546875,2.4994
-2.8826904296875,2.49945
-2.93121337890625,2.4995000000000003
-2.808837890625,2.49955
-2.7935791015625,2.4996
-2.68096923828125,2.49965
-2.9656982421875,2.4997000000000003
-2.9205322265625,2.49975
-2.7716064453125,2.4998
-2.74688720703125,2.49985
-2.59185791015625,2.4999000000000002
-3.243408203125,2.49995
-3.0322265625,2.5
-2.68310546875,2.50005
-3.13018798828125,2.5001
-3.17352294921875,2.50015
-2.76885986328125,2.5002
-3.43353271484375,2.50025
-3.24371337890625,2.5003
-3.15643310546875,2.50035
-2.89764404296875,2.5004
-3.170166015625,2.50045
-3.02947998046875,2.5005
-2.84423828125,2.50055
-3.2177734375,2.5006
-3.24737548828125,2.50065
-3.04718017578125,2.5007
-2.80487060546875,2.50075
-3.0731201171875,2.5008
-3.18023681640625,2.50085
-3.15399169921875,2.5009
-3.2073974609375,2.50095
-2.98309326171875,2.501
-2.84576416015625,2.50105
-3.18939208984375,2.5011
-3.2489013671875,2.50115
-2.90924072265625,2.5012
-2.87017822265625,2.50125
-3.1317138671875,2.5013
-2.98828125,2.50135
-2.71759033203125,2.5014
-3.204345703125,2.50145
-2.98492431640625,2.5015
-2.542724609375,2.50155
-2.978515625,2.5016
-2.87017822265625,2.50165
-2.81463623046875,2.5017
-2.95013427734375,2.50175
-3.0108642578125,2.5018
-2.76580810546875,2.50185
-2.87933349609375,2.5019
-2.91412353515625,2.50195
-2.94677734375,2.502
-3.21868896484375,2.50205
-3.2598876953125,2.5021
-3.1500244140625,2.50215
-2.9864501953125,2.5022
-3.18084716796875,2.50225
-3.15032958984375,2.5023
-3.21746826171875,2.50235
-2.82928466796875,2.5024
-3.0718994140625,2.50245
-2.91778564453125,2.5025
-3.33160400390625,2.50255
-3.24981689453125,2.5026
-3.0279541015625,2.50265
-3.306884765625,2.5027
-3.31390380859375,2.50275
-3.25714111328125,2.5028
-3.529052734375,2.50285
-3.22113037109375,2.5029
-3.34930419921875,2.50295
-3.067626953125,2.503
-2.99285888671875,2.50305
-3.68988037109375,2.5031
-3.1231689453125,2.50315
-2.91290283203125,2.5032
-2.9510498046875,2.50325
-3.28643798828125,2.5033
-2.9266357421875,2.50335
-3.1793212890625,2.5034
-3.1988525390625,2.50345
-3.1378173828125,2.5035
-3.07403564453125,2.50355
-3.4979248046875,2.5036
-3.09326171875,2.50365
-3.1988525390625,2.5037
-3.2781982421875,2.50375
-3.50341796875,2.5038
-3.17291259765625,2.50385
-3.08197021484375,2.5039
-3.3331298828125,2.50395
-3.424072265625,2.504
-3.13995361328125,2.50405
-3.2257080078125,2.5041
-3.0963134765625,2.50415
-3.1292724609375,2.5042
-3.35479736328125,2.50425
-3.29345703125,2.5043
-3.3331298828125,2.50435
-3.0230712890625,2.5044
-3.20281982421875,2.50445
-3.47015380859375,2.5045
-2.98980712890625,2.50455
-3.424072265625,2.5046
-3.26934814453125,2.50465
-2.96875,2.5047
-3.455810546875,2.50475
-3.38653564453125,2.5048
-3.2537841796875,2.50485
-3.1561279296875,2.5049
-3.49090576171875,2.50495
-3.07281494140625,2.505
-3.18115234375,2.50505
-3.44268798828125,2.5051
-3.150634765625,2.50515
-3.23638916015625,2.5052
-3.0682373046875,2.50525
-3.0963134765625,2.5053
-3.165283203125,2.50535
-3.4271240234375,2.5054
-3.3331298828125,2.50545
-3.3807373046875,2.5055
-3.1243896484375,2.50555
-3.32763671875,2.5056
-3.3978271484375,2.50565
-3.35296630859375,2.5057
-3.12713623046875,2.50575
-3.1561279296875,2.5058
-3.25347900390625,2.50585
-3.12835693359375,2.5059
-3.26019287109375,2.50595
-3.3831787109375,2.506
-2.9052734375,2.50605
-3.22265625,2.5061
-3.262939453125,2.50615
-3.04412841796875,2.5062
-3.56719970703125,2.50625
-3.31939697265625,2.5063
-3.26507568359375,2.50635
-2.96722412109375,2.5064
-3.31146240234375,2.50645
-2.8643798828125,2.5065
-3.26141357421875,2.50655
-3.21197509765625,2.5066
-3.2958984375,2.50665
-2.95654296875,2.5067
-3.1103515625,2.50675
-3.16741943359375,2.5068
-3.09051513671875,2.50685
-2.9931640625,2.5069
-2.8411865234375,2.50695
-2.828369140625,2.507
-2.9840087890625,2.50705
-2.91961669921875,2.5071
-2.97149658203125,2.50715
-3.01116943359375,2.5072
-3.0059814453125,2.50725
-3.1488037109375,2.5073
-3.02490234375,2.50735
-3.06243896484375,2.5074
-3.12774658203125,2.50745
-3.1640625,2.5075
-2.68035888671875,2.50755
-3.1231689453125,2.5076
-3.16131591796875,2.50765
-2.7911376953125,2.5077
-2.76458740234375,2.50775
-2.9742431640625,2.5078
-2.8558349609375,2.50785
-2.92266845703125,2.5079
-2.91412353515625,2.50795
-2.93548583984375,2.508
-2.81341552734375,2.50805
-2.94769287109375,2.5081
-2.9425048828125,2.50815
-2.8155517578125,2.5082
-3.2366943359375,2.50825
-3.13568115234375,2.5083
-2.9608154296875,2.50835
-2.59857177734375,2.5084
-2.90802001953125,2.50845
-2.87994384765625,2.5085
-2.99896240234375,2.50855
-2.7764892578125,2.5086
-2.64678955078125,2.50865
-2.71209716796875,2.5087
-2.823486328125,2.50875
-2.89947509765625,2.5088
-2.83172607421875,2.50885
-2.6141357421875,2.5089
-2.75604248046875,2.50895
-2.806396484375,2.509
-2.8033447265625,2.50905
-3.14544677734375,2.5091
-2.8466796875,2.50915
-2.73651123046875,2.5092
-2.86834716796875,2.50925
-2.9693603515625,2.5093
-2.94677734375,2.50935
-3.11798095703125,2.5094
-3.082275390625,2.50945
-3.10089111328125,2.5095
-2.7618408203125,2.50955
-3.07037353515625,2.5096
-2.740478515625,2.50965
-2.88970947265625,2.5097
-2.73284912109375,2.50975
-2.841796875,2.5098
-2.66143798828125,2.50985
-2.92205810546875,2.5099
-3.00933837890625,2.50995
-3.03009033203125,2.51
-2.8118896484375,2.51005
-3.12591552734375,2.5101
-3.09539794921875,2.51015
-3.24981689453125,2.5102
-2.9656982421875,2.51025
-2.87353515625,2.5103
-2.9730224609375,2.51035
-2.6806640625,2.5104
-2.9461669921875,2.51045
-2.86712646484375,2.5105
-2.58331298828125,2.51055
-2.8802490234375,2.5106
-2.9443359375,2.51065
-2.44384765625,2.5107
-2.987060546875,2.51075
-3.0572509765625,2.5108
-2.90618896484375,2.51085
-2.835693359375,2.5109
-3.0072021484375,2.51095
-2.9034423828125,2.511
-2.7874755859375,2.51105
-2.93212890625,2.5111
-3.04840087890625,2.51115
-2.7215576171875,2.5112
-2.46612548828125,2.51125
-2.6806640625,2.5113
-2.70263671875,2.51135
-2.6824951171875,2.5114
-2.59979248046875,2.51145
-2.7392578125,2.5115
-2.6580810546875,2.51155
-2.98797607421875,2.5116
-3.03680419921875,2.51165
-2.8448486328125,2.5117
-2.939453125,2.51175
-2.8680419921875,2.5118
-2.862548828125,2.51185
-2.88177490234375,2.5119
-2.99407958984375,2.51195
-2.96478271484375,2.512
-2.56988525390625,2.51205
-2.861328125,2.5121
-3.03009033203125,2.51215
-2.6263427734375,2.5122
-2.79693603515625,2.51225
-2.9071044921875,2.5123
-2.9071044921875,2.51235
-2.896728515625,2.5124
-3.13232421875,2.51245
-2.94189453125,2.5125
-3.25714111328125,2.51255
-3.34564208984375,2.5126
-3.38531494140625,2.51265
-3.287353515625,2.5127
-3.30047607421875,2.51275
-3.3050537109375,2.5128
-3.529052734375,2.51285
-3.017578125,2.5129
-3.121337890625,2.51295
-3.17779541015625,2.513
-3.49761962890625,2.51305
-3.406982421875,2.5131
-3.27667236328125,2.51315
-3.3978271484375,2.5132
-3.3966064453125,2.51325
-3.51409912109375,2.5133
-3.44482421875,2.51335
-3.24951171875,2.5134
-3.1646728515625,2.51345
-3.260498046875,2.5135
-3.05023193359375,2.51355
-3.47320556640625,2.5136
-3.1329345703125,2.51365
-3.1011962890625,2.5137
-2.98095703125,2.51375
-3.22418212890625,2.5138
-2.79571533203125,2.51385
-3.0242919921875,2.5139
-3.09326171875,2.51395
-3.19549560546875,2.514
-2.91290283203125,2.51405
-3.1939697265625,2.5141
-3.011474609375,2.51415
-3.084716796875,2.5142
-3.21136474609375,2.51425
-3.096923828125,2.5143
-2.88543701171875,2.51435
-2.808837890625,2.5144
-2.95806884765625,2.51445
-3.270263671875,2.5145
-2.813720703125,2.51455
-2.923583984375,2.5146
-3.3038330078125,2.51465
-3.14971923828125,2.5147
-3.29498291015625,2.51475
-3.27301025390625,2.5148
-3.03314208984375,2.51485
-2.987060546875,2.5149
-3.09844970703125,2.51495
-3.2354736328125,2.515
-2.97332763671875,2.51505
-3.2281494140625,2.5151
-3.12042236328125,2.51515
-2.933349609375,2.5152
-3.121337890625,2.51525
-3.25836181640625,2.5153
-3.331298828125,2.51535
-3.12530517578125,2.5154
-3.16680908203125,2.51545
-3.3038330078125,2.5155
-3.2794189453125,2.51555
-3.45855712890625,2.5156
-3.3367919921875,2.51565
-3.28094482421875,2.5157
-3.05145263671875,2.51575
-3.03070068359375,2.5158
-3.09844970703125,2.51585
-3.25225830078125,2.5159
-2.94189453125,2.51595
-3.22967529296875,2.516
-3.14666748046875,2.51605
-2.972412109375,2.5161
-3.33526611328125,2.51615
-3.3843994140625,2.5162
-2.94677734375,2.51625
-3.17779541015625,2.5163
-3.01025390625,2.51635
-3.00079345703125,2.5164
-3.37982177734375,2.51645
-2.94830322265625,2.5165
-2.916259765625,2.51655
-3.01025390625,2.5166
-2.9986572265625,2.51665
-3.02886962890625,2.5167
-3.19610595703125,2.51675
-3.01788330078125,2.5168
-3.34991455078125,2.51685
-2.89398193359375,2.5169
-3.1500244140625,2.51695
-2.9644775390625,2.517
-3.23944091796875,2.51705
-3.19305419921875,2.5171
-3.4637451171875,2.51715
-3.1451416015625,2.5172
-3.1103515625,2.51725
-3.345947265625,2.5173
-3.23455810546875,2.51735
-3.216552734375,2.5174
-2.97576904296875,2.51745
-3.10791015625,2.5175
-3.29803466796875,2.51755
-3.0401611328125,2.5176
-2.955322265625,2.51765
-3.24005126953125,2.5177
-3.07220458984375,2.51775
-3.3673095703125,2.5178
-3.20953369140625,2.51785
-3.11309814453125,2.5179
-3.08746337890625,2.51795
-3.10150146484375,2.518
-2.7880859375,2.51805
-3.1842041015625,2.5181
-3.09600830078125,2.51815
-3.03314208984375,2.5182
-2.88116455078125,2.51825
-2.86102294921875,2.5183
-2.91412353515625,2.51835
-2.68157958984375,2.5184
-2.81707763671875,2.51845
-2.86102294921875,2.5185
-2.90191650390625,2.51855
-2.6812744140625,2.5186
-2.994384765625,2.51865
-3.0914306640625,2.5187
-3.27606201171875,2.51875
-2.9815673828125,2.5188
-3.08685302734375,2.51885
-2.69561767578125,2.5189
-2.9876708984375,2.51895
-3.17901611328125,2.519
-3.10302734375,2.51905
-2.862548828125,2.5191
-3.05389404296875,2.51915
-3.1964111328125,2.5192
-3.02734375,2.51925
-3.3154296875,2.5193
-3.21807861328125,2.51935
-2.9443359375,2.5194
-3.30108642578125,2.51945
-3.4136962890625,2.5195
-3.38470458984375,2.51955
-3.9617919921875,2.5196
-3.486328125,2.51965
-3.53424072265625,2.5197
-3.42041015625,2.51975
-3.61419677734375,2.5198
-3.84796142578125,2.51985
-3.80096435546875,2.5199
-3.7127685546875,2.51995
-3.76678466796875,2.52
-3.59954833984375,2.52005
-3.70635986328125,2.5201
-3.74542236328125,2.52015
-3.75946044921875,2.5202
-3.59344482421875,2.52025
-3.553466796875,2.5203
-3.5955810546875,2.52035
-3.76220703125,2.5204
-3.6871337890625,2.52045
-3.5931396484375,2.5205
-3.41522216796875,2.52055
-3.25469970703125,2.5206
-3.47991943359375,2.52065
-3.51776123046875,2.5207
-3.11248779296875,2.52075
-3.04351806640625,2.5208
-2.95867919921875,2.52085
-2.6318359375,2.5209
-2.91229248046875,2.52095
-2.9461669921875,2.521
-2.57232666015625,2.52105
-2.5567626953125,2.5211
-2.67333984375,2.52115
-2.38433837890625,2.5212
-2.7294921875,2.52125
-2.68798828125,2.5213
-2.73406982421875,2.52135
-2.67059326171875,2.5214
-2.7191162109375,2.52145
-2.894287109375,2.5215
-2.6629638671875,2.52155
-2.82196044921875,2.5216
-2.92236328125,2.52165
-2.9852294921875,2.5217
-2.5506591796875,2.52175
-2.91290283203125,2.5218
-3.18511962890625,2.52185
-3.1695556640625,2.5219
-2.998046875,2.52195
-3.323974609375,2.522
-3.28857421875,2.52205
-3.404541015625,2.5221
-3.46099853515625,2.52215
-3.3673095703125,2.5222
-3.27392578125,2.52225
-3.265380859375,2.5223
-3.38226318359375,2.52235
-3.15948486328125,2.5224
-3.35906982421875,2.52245
-3.19488525390625,2.5225
-2.82806396484375,2.52255
-3.02703857421875,2.5226
-3.099365234375,2.52265
-3.07861328125,2.5227
-3.02581787109375,2.52275
-3.0743408203125,2.5228
-2.97607421875,2.52285
-2.88360595703125,2.5229
-3.19488525390625,2.52295
-2.8515625,2.523
-3.1591796875,2.52305
-3.07830810546875,2.5231
-2.98980712890625,2.52315
-3.0926513671875,2.5232
-3.153076171875,2.52325
-2.96966552734375,2.5233
-3.19305419921875,2.52335
-2.9290771484375,2.5234
-2.7532958984375,2.52345
-3.05419921875,2.5235
-3.16802978515625,2.52355
-3.00689697265625,2.5236
-2.9278564453125,2.52365
-2.9864501953125,2.5237
-2.8497314453125,2.52375
-3.22174072265625,2.5238
-3.1793212890625,2.52385
-2.764892578125,2.5239
-3.17626953125,2.52395
-3.33221435546875,2.524
-3.02490234375,2.52405
-3.6639404296875,2.5241
-3.56689453125,2.52415
-3.291015625,2.5242
-2.933349609375,2.52425
-3.39691162109375,2.5243
-3.17230224609375,2.52435
-3.18572998046875,2.5244
-3.1884765625,2.52445
-3.44482421875,2.5245
-3.2464599609375,2.52455
-3.32275390625,2.5246
-3.1488037109375,2.52465
-3.29803466796875,2.5247
-3.32366943359375,2.52475
-3.13446044921875,2.5248
-3.3990478515625,2.52485
-3.1591796875,2.5249
-3.34716796875,2.52495
-3.54156494140625,2.525
-3.2830810546875,2.52505
-3.0316162109375,2.5251
-3.55621337890625,2.52515
-3.24432373046875,2.5252
-3.32366943359375,2.5252499999999998
-3.3905029296875,2.5253
-3.2220458984375,2.52535
-2.7294921875,2.5254
-3.03863525390625,2.5254499999999998
-3.2281494140625,2.5255
-2.969970703125,2.52555
-3.18328857421875,2.5256
-2.97393798828125,2.5256499999999997
-3.01422119140625,2.5257
-3.02886962890625,2.52575
-2.98614501953125,2.5258
-3.00933837890625,2.52585
-3.1121826171875,2.5259
-3.11126708984375,2.52595
-3.17352294921875,2.526
-3.19915771484375,2.52605
-3.33831787109375,2.5261
-3.3648681640625,2.52615
-3.32305908203125,2.5262
-2.97149658203125,2.52625
-3.01177978515625,2.5263
-3.09600830078125,2.52635
-3.348388671875,2.5263999999999998
-3.0718994140625,2.52645
-3.12042236328125,2.5265
-3.35479736328125,2.52655
-3.13720703125,2.5265999999999997
-3.3978271484375,2.52665
-3.330078125,2.5267
-3.13568115234375,2.52675
-3.27606201171875,2.5268
-3.060302734375,2.52685
-3.2135009765625,2.5269
-3.33221435546875,2.52695
-3.172607421875,2.527
-2.83905029296875,2.52705
-3.26507568359375,2.5271
-3.18115234375,2.52715
-2.97149658203125,2.5272
-3.2568359375,2.52725
-3.28399658203125,2.5273
-3.26507568359375,2.5273499999999998
-3.0157470703125,2.5274
-3.29010009765625,2.52745
-2.97576904296875,2.5275
-3.2183837890625,2.5275499999999997
-3.1207275390625,2.5276
-3.3746337890625,2.52765
-3.1585693359375,2.5277
-3.1341552734375,2.5277499999999997
-3.3209228515625,2.5278
-3.40728759765625,2.52785
-3.05419921875,2.5279
-3.23944091796875,2.52795
-3.1787109375,2.528
-3.1793212890625,2.52805
-3.16131591796875,2.5281
-3.0230712890625,2.52815
-3.04840087890625,2.5282
-2.7392578125,2.52825
-2.76275634765625,2.5282999999999998
-2.72857666015625,2.52835
-2.63946533203125,2.5284
-2.73834228515625,2.52845
-2.7947998046875,2.5284999999999997
-2.41729736328125,2.52855
-2.9217529296875,2.5286
-2.74749755859375,2.52865
-2.86651611328125,2.5286999999999997
-2.83233642578125,2.52875
-2.978515625,2.5288
-2.95135498046875,2.52885
-2.91229248046875,2.5289
-2.83843994140625,2.52895
-2.904052734375,2.529
-2.98248291015625,2.52905
-2.596435546875,2.5291
-2.48077392578125,2.52915
-2.56744384765625,2.5292
-2.655029296875,2.5292499999999998
-2.535400390625,2.5293
-2.520751953125,2.52935
-2.39166259765625,2.5294
-2.74322509765625,2.5294499999999998
-2.7447509765625,2.5295
-2.821044921875,2.52955
-2.7374267578125,2.5296
-2.47894287109375,2.5296499999999997
-2.7593994140625,2.5297
-2.77801513671875,2.52975
-2.93701171875,2.5298
-2.9766845703125,2.52985
-2.7813720703125,2.5299
-2.930908203125,2.52995
-3.11431884765625,2.53
-2.7056884765625,2.53005
-3.1494140625,2.5301
-2.9736328125,2.53015
-2.8790283203125,2.5302
-2.86590576171875,2.53025
-3.0023193359375,2.5303
-2.76153564453125,2.53035
-3.06793212890625,2.5303999999999998
-3.233642578125,2.53045
-3.0133056640625,2.5305
-2.74749755859375,2.53055
-2.97393798828125,2.5305999999999997
-3.009033203125,2.53065
-3.17626953125,2.5307
-2.6446533203125,2.53075
-2.9156494140625,2.5308
-2.68310546875,2.53085
-2.87567138671875,2.5309
-2.95684814453125,2.53095
-3.20953369140625,2.531
-2.938232421875,2.53105
-3.004150390625,2.5311
-3.1781005859375,2.53115
-2.96417236328125,2.5312
-3.223876953125,2.53125
-3.214111328125,2.5313
-3.21319580078125,2.5313499999999998
-3.03863525390625,2.5314
-3.358154296875,2.53145
-3.42071533203125,2.5315
-3.19427490234375,2.5315499999999997
-3.34686279296875,2.5316
-3.46343994140625,2.53165
-3.10699462890625,2.5317
-3.27880859375,2.5317499999999997
-3.486328125,2.5318
-3.37249755859375,2.53185
-3.1781005859375,2.5319
-3.38653564453125,2.53195
-3.18115234375,2.532
-3.28094482421875,2.53205
-3.37615966796875,2.5321
-3.13018798828125,2.53215
-3.37799072265625,2.5322
-2.82318115234375,2.53225
-3.09478759765625,2.5322999999999998
-3.1591796875,2.53235
-3.12896728515625,2.5324
-3.04840087890625,2.53245
-3.16680908203125,2.5324999999999998
-3.02734375,2.53255
-3.4661865234375,2.5326
-3.56842041015625,2.53265
-3.32061767578125,2.5326999999999997
-3.16650390625,2.53275
-3.26629638671875,2.5328
-3.26019287109375,2.53285
-3.22723388671875,2.5329
-3.40667724609375,2.53295
-3.1671142578125,2.533
-3.02154541015625,2.53305
-3.270263671875,2.5331
-3.07281494140625,2.53315
-2.921142578125,2.5332
-3.09722900390625,2.53325
-3.18756103515625,2.5333
-3.0908203125,2.53335
-2.841796875,2.5334
-3.2659912109375,2.5334499999999998
-2.97454833984375,2.5335
-3.3074951171875,2.53355
-3.23638916015625,2.5336
-2.94769287109375,2.5336499999999997
-2.95654296875,2.5337
-2.90252685546875,2.53375
-3.02978515625,2.5338
-3.03863525390625,2.53385
-2.7569580078125,2.5339
-2.786865234375,2.53395
-2.93670654296875,2.534
-2.926025390625,2.53405
-3.06884765625,2.5341
-2.94586181640625,2.53415
-2.8704833984375,2.5342
-2.87994384765625,2.53425
-3.204345703125,2.5343
-2.79876708984375,2.53435
-2.841796875,2.5343999999999998
-2.98370361328125,2.53445
-2.96630859375,2.5345
-2.879638671875,2.53455
-3.197021484375,2.5345999999999997
-3.17169189453125,2.53465
-3.06915283203125,2.5347
-2.919921875,2.53475
-2.9705810546875,2.5347999999999997
-2.7459716796875,2.53485
-2.730712890625,2.5349
-3.055419921875,2.53495
-3.17352294921875,2.535
-2.71697998046875,2.53505
-2.845458984375,2.5351
-3.0096435546875,2.53515
-3.10272216796875,2.5352
-3.03558349609375,2.53525
-2.89215087890625,2.5353
-3.1402587890625,2.5353499999999998
-2.9156494140625,2.5354
-3.19366455078125,2.53545
-3.22052001953125,2.5355
-3.016357421875,2.5355499999999997
-2.95745849609375,2.5356
-3.13507080078125,2.53565
-2.98187255859375,2.5357
-3.13262939453125,2.5357499999999997
-3.009033203125,2.5358
-2.9217529296875,2.53585
-2.67822265625,2.5359
-3.023681640625,2.53595
-2.90679931640625,2.536
-3.0377197265625,2.53605
-3.2421875,2.5361
-3.145751953125,2.53615
-2.97027587890625,2.5362
-3.0499267578125,2.53625
-2.9083251953125,2.5362999999999998
-2.9205322265625,2.53635
-3.05938720703125,2.5364
-2.97576904296875,2.53645
-2.97149658203125,2.5364999999999998
-2.8924560546875,2.53655
-3.18603515625,2.5366
-3.0010986328125,2.53665
-2.82989501953125,2.5366999999999997
-2.9083251953125,2.53675
-2.845458984375,2.5368
-2.87078857421875,2.53685
-2.9083251953125,2.5369
-2.81005859375,2.53695
-2.84027099609375,2.537
-2.83294677734375,2.53705
-2.684326171875,2.5371
-3.07037353515625,2.53715
-2.860107421875,2.5372
-2.73834228515625,2.53725
-2.98431396484375,2.5373
-2.79632568359375,2.53735
-2.81219482421875,2.5374
-3.15826416015625,2.5374499999999998
-2.93914794921875,2.5375
-2.745361328125,2.53755
-3.01788330078125,2.5376
-2.8961181640625,2.5376499999999997
-2.63397216796875,2.5377
-3.0267333984375,2.53775
-3.12744140625,2.5378
-2.9583740234375,2.5378499999999997
-2.78717041015625,2.5379
-2.87384033203125,2.53795
-3.09539794921875,2.538
-3.245849609375,2.53805
-3.10638427734375,2.5381
-3.382568359375,2.53815
-2.7996826171875,2.5382
-3.0615234375,2.53825
-3.42010498046875,2.5383
-3.194580078125,2.53835
-3.10546875,2.5383999999999998
-3.12347412109375,2.53845
-3.03375244140625,2.5385
-3.04229736328125,2.53855
-3.2623291015625,2.5385999999999997
-3.076171875,2.53865
-3.0059814453125,2.5387
-3.09906005859375,2.53875
-3.36334228515625,2.5387999999999997
-3.33740234375,2.53885
-3.489990234375,2.5389
-3.2745361328125,2.53895
-3.399658203125,2.539
-3.04443359375,2.53905
-3.52020263671875,2.5391
-3.14727783203125,2.53915
-3.28216552734375,2.5392
-3.406982421875,2.53925
-3.46771240234375,2.5393
-3.16741943359375,2.5393499999999998
-3.10943603515625,2.5394
-3.2403564453125,2.53945
-3.15093994140625,2.5395
-3.2666015625,2.5395499999999998
-2.982177734375,2.5396
-3.1939697265625,2.53965
-3.05633544921875,2.5397
-3.167724609375,2.5397499999999997
-3.00811767578125,2.5398
-3.062744140625,2.53985
-2.95013427734375,2.5399
-3.44085693359375,2.53995
-3.24798583984375,2.54
-3.1353759765625,2.54005
-3.341064453125,2.5401
-3.28857421875,2.54015
-2.98248291015625,2.5402
-3.11981201171875,2.54025
-3.1427001953125,2.5403
-3.023681640625,2.54035
-2.828369140625,2.5404
-3.15643310546875,2.54045
-3.04534912109375,2.5404999999999998
-2.9443359375,2.54055
-3.23333740234375,2.5406
-3.30596923828125,2.54065
-3.19000244140625,2.5406999999999997
-3.1060791015625,2.54075
-3.12713623046875,2.5408
-3.15673828125,2.54085
-3.31878662109375,2.5409
-3.60076904296875,2.54095
-3.345947265625,2.541
-3.23028564453125,2.54105
-3.33770751953125,2.5411
-3.465576171875,2.54115
-3.408203125,2.5412
-3.44329833984375,2.54125
-3.34991455078125,2.5413
-3.24249267578125,2.54135
-3.2379150390625,2.5414
-3.58154296875,2.5414499999999998
-3.4869384765625,2.5415
-3.20892333984375,2.54155
-3.328857421875,2.5416
-3.45184326171875,2.5416499999999997
-3.140869140625,2.5417
-3.4246826171875,2.54175
-3.43719482421875,2.5418
-3.3099365234375,2.5418499999999997
-3.34747314453125,2.5419
-3.62518310546875,2.54195
-3.42315673828125,2.542
-3.485107421875,2.54205
-3.38470458984375,2.5421
-3.5174560546875,2.54215
-2.83538818359375,2.5422
-3.1304931640625,2.54225
-3.1024169921875,2.5423
-3.04290771484375,2.54235
-3.20953369140625,2.5423999999999998
-3.1195068359375,2.54245
-2.95318603515625,2.5425
-3.29864501953125,2.54255
-3.22906494140625,2.5425999999999997
-3.040771484375,2.54265
-3.0450439453125,2.5427
-3.03131103515625,2.54275
-3.1640625,2.5427999999999997
-3.1378173828125,2.54285
-3.0828857421875,2.5429
-2.95684814453125,2.54295
-2.89794921875,2.543
-2.74200439453125,2.54305
-3.03192138671875,2.5431
-2.68585205078125,2.54315
-2.8955078125,2.5432
-2.5921630859375,2.54325
-2.9486083984375,2.5433
-2.5921630859375,2.5433499999999998
-2.82318115234375,2.5434
-3.1689453125,2.54345
-3.08319091796875,2.5435
-2.965087890625,2.5435499999999998
-3.0865478515625,2.5436
-2.79144287109375,2.54365
-2.62603759765625,2.5437
-2.97943115234375,2.5437499999999997
-3.09844970703125,2.5438
-2.720947265625,2.54385
-2.64678955078125,2.5439
-2.93121337890625,2.54395
-2.63702392578125,2.544
-2.9248046875,2.54405
-2.95745849609375,2.5441
-2.7984619140625,2.54415
-2.81402587890625,2.5442
-3.02886962890625,2.54425
-3.16314697265625,2.5443
-3.20526123046875,2.54435
-3.39813232421875,2.5444
-3.34808349609375,2.54445
-3.26812744140625,2.5444999999999998
-3.20068359375,2.54455
-3.62701416015625,2.5446
-3.41827392578125,2.54465
-3.12713623046875,2.5446999999999997
-3.46954345703125,2.54475
-3.41400146484375,2.5448
-3.50494384765625,2.54485
-3.572998046875,2.5448999999999997
-3.89862060546875,2.54495
-3.4588623046875,2.545
-3.45001220703125,2.54505
-3.6773681640625,2.5451
-3.587646484375,2.54515
-3.6334228515625,2.5452
-3.56292724609375,2.54525
-3.768310546875,2.5453
-3.31024169921875,2.54535
-3.52996826171875,2.5454
-3.6346435546875,2.5454499999999998
-3.505859375,2.5455
-3.48236083984375,2.54555
-3.51898193359375,2.5456
-3.209228515625,2.5456499999999997
-3.47137451171875,2.5457
-3.30230712890625,2.54575
-3.33892822265625,2.5458
-3.20831298828125,2.5458499999999997
-3.30963134765625,2.5459
-3.29376220703125,2.54595
-3.16925048828125,2.546
-3.0267333984375,2.54605
-2.9656982421875,2.5461
-2.994384765625,2.54615
-2.6361083984375,2.5462
-2.7569580078125,2.54625
-2.72247314453125,2.5463
-2.57232666015625,2.54635
-2.35382080078125,2.5463999999999998
-2.67303466796875,2.54645
-2.17742919921875,2.5465
-2.49176025390625,2.54655
-2.93365478515625,2.5465999999999998
-2.98309326171875,2.54665
-2.84271240234375,2.5467
-2.8521728515625,2.54675
-3.0792236328125,2.5467999999999997
-2.91107177734375,2.54685
-3.29681396484375,2.5469
-3.1475830078125,2.54695
-3.03924560546875,2.547
-3.03314208984375,2.54705
-3.17169189453125,2.5471
-3.03192138671875,2.54715
-3.3489990234375,2.5472
-3.2354736328125,2.54725
-3.2122802734375,2.5473
-2.87506103515625,2.54735
-3.18878173828125,2.5474
-3.38409423828125,2.54745
-3.13720703125,2.5475
-2.94830322265625,2.5475499999999998
-3.067626953125,2.5476
-2.906494140625,2.54765
-3.0145263671875,2.5477
-2.8961181640625,2.5477499999999997
-2.7667236328125,2.5478
-2.86895751953125,2.54785
-2.5042724609375,2.5479
-2.81036376953125,2.54795
-2.7008056640625,2.548
-2.82501220703125,2.54805
-2.72369384765625,2.5481
-2.579345703125,2.54815
-2.77069091796875,2.5482
-2.92694091796875,2.54825
-2.64556884765625,2.5483
-2.70172119140625,2.54835
-2.6068115234375,2.5484
-2.784423828125,2.54845
-2.452392578125,2.5484999999999998
-2.74139404296875,2.54855
-2.72979736328125,2.5486
-2.5482177734375,2.54865
-2.6409912109375,2.5486999999999997
-2.67333984375,2.54875
-2.82073974609375,2.5488
-2.8106689453125,2.54885
-2.69134521484375,2.5488999999999997
-3.21319580078125,2.54895
-2.56317138671875,2.549
-2.6800537109375,2.54905
-3.02459716796875,2.5491
-2.6605224609375,2.54915
-2.66632080078125,2.5492
-2.81951904296875,2.54925
-2.65167236328125,2.5493
-2.85858154296875,2.54935
-2.7459716796875,2.5494
-2.93121337890625,2.5494499999999998
-2.939453125,2.5495
-2.6995849609375,2.54955
-2.8387451171875,2.5496
-2.64495849609375,2.5496499999999997
-2.77099609375,2.5497
-3.06732177734375,2.54975
-3.2269287109375,2.5498
-2.8863525390625,2.5498499999999997
-2.88818359375,2.5499
-3.06121826171875,2.54995
-3.09600830078125,2.5500000000000003
-3.1781005859375,2.55005
-3.1072998046875,2.5501000000000005
-2.91900634765625,2.5501500000000004
-2.991943359375,2.5502000000000002
-3.03741455078125,2.55025
-3.00567626953125,2.5503000000000005
-3.06304931640625,2.5503500000000003
-2.86651611328125,2.5504000000000002
-3.29559326171875,2.55045
-2.96417236328125,2.5505000000000004
-2.9547119140625,2.5505500000000003
-3.07769775390625,2.5506
-3.157958984375,2.55065
-2.94921875,2.5507000000000004
-3.4930419921875,2.5507500000000003
-3.18115234375,2.5508
-3.34716796875,2.55085
-3.3197021484375,2.5509000000000004
-3.52691650390625,2.5509500000000003
-3.10546875,2.551
-2.77587890625,2.5510500000000005
-3.0816650390625,2.5511000000000004
-3.21868896484375,2.5511500000000003
-2.9437255859375,2.5512
-2.88970947265625,2.5512500000000005
-3.02276611328125,2.5513000000000003
-2.92022705078125,2.5513500000000002
-3.382568359375,2.5514
-3.3673095703125,2.5514500000000004
-3.08349609375,2.5515000000000003
-3.1280517578125,2.55155
-3.07830810546875,2.5516
-3.0755615234375,2.5516500000000004
-3.30322265625,2.5517000000000003
-3.1842041015625,2.55175
-3.13446044921875,2.5518
-3.07647705078125,2.5518500000000004
-3.12469482421875,2.5519000000000003
-3.27239990234375,2.55195
-3.037109375,2.552
-2.908935546875,2.5520500000000004
-3.2379150390625,2.5521000000000003
-2.64862060546875,2.55215
-2.8741455078125,2.5522000000000005
-3.18695068359375,2.5522500000000004
-2.9608154296875,2.5523000000000002
-2.8338623046875,2.55235
-3.1005859375,2.5524000000000004
-2.8924560546875,2.5524500000000003
-2.83447265625,2.5525
-3.1011962890625,2.55255
-3.11309814453125,2.5526000000000004
-3.06793212890625,2.5526500000000003
-2.9644775390625,2.5527
-2.9449462890625,2.55275
-2.97576904296875,2.5528000000000004
-3.0194091796875,2.5528500000000003
-3.07586669921875,2.5529
-3.2672119140625,2.55295
-2.669677734375,2.5530000000000004
-3.0181884765625,2.5530500000000003
-2.847900390625,2.5531
-2.8778076171875,2.5531500000000005
-2.9583740234375,2.5532000000000004
-3.138427734375,2.5532500000000002
-3.04534912109375,2.5533
-3.1854248046875,2.5533500000000005
-3.20037841796875,2.5534000000000003
-3.487548828125,2.55345
-3.36090087890625,2.5535
-2.99591064453125,2.5535500000000004
-3.45367431640625,2.5536000000000003
-2.9168701171875,2.55365
-3.05816650390625,2.5537
-3.14788818359375,2.5537500000000004
-3.13995361328125,2.5538000000000003
-2.94097900390625,2.55385
-3.079833984375,2.5539
-2.9254150390625,2.5539500000000004
-3.232421875,2.5540000000000003
-3.00201416015625,2.55405
-2.994384765625,2.5541000000000005
-3.013916015625,2.5541500000000004
-3.02642822265625,2.5542000000000002
-2.9742431640625,2.55425
-3.270263671875,2.5543000000000005
-3.2574462890625,2.5543500000000003
-2.9449462890625,2.5544000000000002
-2.9510498046875,2.55445
-2.87567138671875,2.5545000000000004
-3.15185546875,2.5545500000000003
-3.04718017578125,2.5546
-2.86224365234375,2.55465
-2.82470703125,2.5547000000000004
-3.126220703125,2.5547500000000003
-2.724609375,2.5548
-3.0291748046875,2.55485
-3.0224609375,2.5549000000000004
-3.1353759765625,2.5549500000000003
-3.0755615234375,2.555
-3.1878662109375,2.5550500000000005
-3.0694580078125,2.5551000000000004
-3.1719970703125,2.5551500000000003
-3.2122802734375,2.5552
-3.38897705078125,2.5552500000000005
-2.8173828125,2.5553000000000003
-2.92999267578125,2.5553500000000002
-3.54888916015625,2.5554
-3.37921142578125,2.5554500000000004
-2.99041748046875,2.5555000000000003
-3.16253662109375,2.55555
-2.95440673828125,2.5556
-3.16162109375,2.5556500000000004
-3.05877685546875,2.5557000000000003
-3.07373046875,2.55575
-3.314208984375,2.5558
-2.99041748046875,2.5558500000000004
-3.22174072265625,2.5559000000000003
-3.1414794921875,2.55595
-3.07464599609375,2.556
-3.12408447265625,2.5560500000000004
-3.36212158203125,2.5561000000000003
-3.02520751953125,2.55615
-3.19976806640625,2.5562000000000005
-3.19244384765625,2.5562500000000004
-3.1884765625,2.5563000000000002
-3.199462890625,2.55635
-3.34686279296875,2.5564000000000004
-2.87841796875,2.5564500000000003
-2.83050537109375,2.5565
-3.22357177734375,2.55655
-2.97515869140625,2.5566000000000004
-2.97393798828125,2.5566500000000003
-2.89642333984375,2.5567
-3.1494140625,2.55675
-3.09051513671875,2.5568000000000004
-3.2830810546875,2.5568500000000003
-3.10943603515625,2.5569
-3.07586669921875,2.55695
-2.6837158203125,2.5570000000000004
-3.226318359375,2.5570500000000003
-3.26080322265625,2.5571
-3.15185546875,2.5571500000000005
-2.92144775390625,2.5572000000000004
-3.05908203125,2.5572500000000002
-2.9571533203125,2.5573
-3.18817138671875,2.5573500000000005
-3.01605224609375,2.5574000000000003
-3.22052001953125,2.5574500000000002
-3.06427001953125,2.5575
-3.20037841796875,2.5575500000000004
-3.048095703125,2.5576000000000003
-3.1866455078125,2.55765
-3.05755615234375,2.5577
-3.18939208984375,2.5577500000000004
-3.18939208984375,2.5578000000000003
-2.9376220703125,2.55785
-3.13140869140625,2.5579
-2.74810791015625,2.5579500000000004
-3.1683349609375,2.5580000000000003
-3.1951904296875,2.55805
-3.1634521484375,2.5581000000000005
-2.7667236328125,2.5581500000000004
-3.162841796875,2.5582000000000003
-3.13873291015625,2.55825
-3.39813232421875,2.5583000000000005
-3.23333740234375,2.5583500000000003
-3.001708984375,2.5584000000000002
-2.88848876953125,2.55845
-3.00933837890625,2.5585000000000004
-3.1549072265625,2.5585500000000003
-3.05389404296875,2.5586
-3.2769775390625,2.55865
-2.8741455078125,2.5587000000000004
-2.83233642578125,2.5587500000000003
-3.10760498046875,2.5588
-2.87811279296875,2.55885
-2.943115234375,2.5589000000000004
-3.08990478515625,2.5589500000000003
-2.98187255859375,2.559
-3.29620361328125,2.55905
-2.97882080078125,2.5591000000000004
-3.050537109375,2.5591500000000003
-2.982177734375,2.5592
-3.36822509765625,2.5592500000000005
-3.0517578125,2.5593000000000004
-2.75482177734375,2.5593500000000002
-3.145751953125,2.5594
-3.02490234375,2.5594500000000004
-3.03985595703125,2.5595000000000003
-2.92266845703125,2.55955
-2.92144775390625,2.5596
-2.82196044921875,2.5596500000000004
-3.09051513671875,2.5597000000000003
-3.08197021484375,2.55975
-3.04656982421875,2.5598
-2.911376953125,2.5598500000000004
-3.05816650390625,2.5599000000000003
-3.111572265625,2.55995
-3.4552001953125,2.56
-3.1414794921875,2.5600500000000004
-2.8875732421875,2.5601000000000003
-3.162841796875,2.56015
-3.138427734375,2.5602000000000005
-2.95623779296875,2.5602500000000004
-3.21380615234375,2.5603000000000002
-2.80670166015625,2.56035
-3.06793212890625,2.5604000000000005
-2.901611328125,2.5604500000000003
-2.9290771484375,2.5605
-2.79937744140625,2.56055
-2.8265380859375,2.5606000000000004
-3.03375244140625,2.5606500000000003
-3.1170654296875,2.5607
-2.72308349609375,2.56075
-2.872314453125,2.5608000000000004
-3.04443359375,2.5608500000000003
-3.28887939453125,2.5609
-2.95928955078125,2.56095
-2.74261474609375,2.5610000000000004
-3.07861328125,2.5610500000000003
-2.6434326171875,2.5611
-2.9656982421875,2.5611500000000005
-2.8863525390625,2.5612000000000004
-2.78106689453125,2.5612500000000002
-2.79815673828125,2.5613
-2.90557861328125,2.5613500000000005
-2.918701171875,2.5614000000000003
-3.03466796875,2.5614500000000002
-2.9156494140625,2.5615
-2.92388916015625,2.5615500000000004
-2.75787353515625,2.5616000000000003
-3.0426025390625,2.56165
-3.17474365234375,2.5617
-3.258056640625,2.5617500000000004
-3.31390380859375,2.5618000000000003
-3.08349609375,2.56185
-3.13232421875,2.5619
-3.1195068359375,2.5619500000000004
-2.8619384765625,2.5620000000000003
-3.01727294921875,2.56205
-3.154296875,2.5621000000000005
-2.85797119140625,2.5621500000000004
-2.97271728515625,2.5622000000000003
-2.89581298828125,2.56225
-3.121337890625,2.5623000000000005
-2.9150390625,2.5623500000000003
-3.045654296875,2.5624000000000002
-2.8045654296875,2.56245
-2.89764404296875,2.5625000000000004
-3.1842041015625,2.5625500000000003
-3.01788330078125,2.5626
-2.80914306640625,2.56265
-2.843017578125,2.5627000000000004
-2.9833984375,2.5627500000000003
-2.92510986328125,2.5628
-3.27545166015625,2.56285
-3.22784423828125,2.5629000000000004
-2.84210205078125,2.5629500000000003
-3.03741455078125,2.563
-2.97637939453125,2.56305
-2.82073974609375,2.5631000000000004
-3.34564208984375,2.5631500000000003
-3.00140380859375,2.5632
-2.86895751953125,2.5632500000000005
-3.19854736328125,2.5633000000000004
-2.994384765625,2.5633500000000002
-2.86956787109375,2.5634
-3.099365234375,2.5634500000000005
-3.23638916015625,2.5635000000000003
-3.1854248046875,2.56355
-2.78564453125,2.5636
-3.06610107421875,2.5636500000000004
-3.165283203125,2.5637000000000003
-3.22113037109375,2.56375
-2.91473388671875,2.5638
-3.03802490234375,2.5638500000000004
-2.799072265625,2.5639000000000003
-2.821044921875,2.56395
-3.07647705078125,2.564
-3.06976318359375,2.5640500000000004
-3.00872802734375,2.5641000000000003
-2.93121337890625,2.56415
-2.9595947265625,2.5642000000000005
-2.96234130859375,2.5642500000000004
-3.216552734375,2.5643000000000002
-2.99163818359375,2.56435
-3.03924560546875,2.5644000000000005
-2.9083251953125,2.5644500000000003
-3.258056640625,2.5645000000000002
-3.10455322265625,2.56455
-3.06365966796875,2.5646000000000004
-3.03009033203125,2.5646500000000003
-3.12835693359375,2.5647
-2.601318359375,2.56475
-3.06396484375,2.5648000000000004
-2.85675048828125,2.5648500000000003
-2.9656982421875,2.5649
-2.76702880859375,2.56495
-2.8631591796875,2.5650000000000004
-2.83660888671875,2.5650500000000003
-2.78778076171875,2.5651
-3.101806640625,2.5651500000000005
-2.98614501953125,2.5652000000000004
-3.02642822265625,2.5652500000000003
-2.6409912109375,2.5653
-2.95440673828125,2.5653500000000005
-3.12835693359375,2.5654000000000003
-3.02764892578125,2.5654500000000002
-2.7117919921875,2.5655
-3.23333740234375,2.5655500000000004
-2.7392578125,2.5656000000000003
-3.1866455078125,2.56565
-3.12225341796875,2.5657
-2.95135498046875,2.5657500000000004
-3.0517578125,2.5658000000000003
-3.1341552734375,2.56585
-2.8448486328125,2.5659
-3.1658935546875,2.5659500000000004
-3.2135009765625,2.5660000000000003
-3.11431884765625,2.56605
-2.8204345703125,2.5661
-3.00872802734375,2.5661500000000004
-3.03680419921875,2.5662000000000003
-3.09844970703125,2.56625
-3.43292236328125,2.5663000000000005
-3.4002685546875,2.5663500000000004
-3.08563232421875,2.5664000000000002
-3.0926513671875,2.56645
-3.160400390625,2.5665000000000004
-3.0560302734375,2.5665500000000003
-3.37921142578125,2.5666
-3.09417724609375,2.56665
-3.1658935546875,2.5667000000000004
-2.97943115234375,2.5667500000000003
-3.0792236328125,2.5668
-3.19915771484375,2.56685
-3.0511474609375,2.5669000000000004
-3.00750732421875,2.5669500000000003
-3.11248779296875,2.567
-2.899169921875,2.56705
-2.969970703125,2.5671000000000004
-2.94097900390625,2.5671500000000003
-3.20892333984375,2.5672
-2.63916015625,2.5672500000000005
-2.65869140625,2.5673000000000004
-2.9608154296875,2.5673500000000002
-2.6971435546875,2.5674
-2.80670166015625,2.5674500000000005
-2.9241943359375,2.5675000000000003
-2.77130126953125,2.56755
-2.6995849609375,2.5676
-3.00689697265625,2.5676500000000004
-2.98309326171875,2.5677000000000003
-3.06243896484375,2.56775
-3.04534912109375,2.5678
-3.17230224609375,2.5678500000000004
-2.84149169921875,2.5679000000000003
-3.0718994140625,2.56795
-3.03619384765625,2.568
-3.14910888671875,2.5680500000000004
-2.98248291015625,2.5681000000000003
-3.0438232421875,2.56815
-3.10943603515625,2.5682000000000005
-3.402099609375,2.5682500000000004
-3.3856201171875,2.5683000000000002
-3.11798095703125,2.56835
-3.12713623046875,2.5684000000000005
-3.0584716796875,2.5684500000000003
-3.2855224609375,2.5685000000000002
-3.0682373046875,2.56855
-2.99072265625,2.5686000000000004
-2.81951904296875,2.5686500000000003
-2.9095458984375,2.5687
-2.52685546875,2.56875
-2.93060302734375,2.5688000000000004
-2.65228271484375,2.5688500000000003
-2.5732421875,2.5689
-2.34527587890625,2.56895
-2.81036376953125,2.5690000000000004
-2.5543212890625,2.5690500000000003
-2.8045654296875,2.5691
-3.03955078125,2.5691500000000005
-3.07037353515625,2.5692000000000004
-2.7764892578125,2.5692500000000003
-2.9034423828125,2.5693
-2.6983642578125,2.5693500000000005
-2.73040771484375,2.5694000000000004
-3.09295654296875,2.5694500000000002
-3.1005859375,2.5695
-2.97607421875,2.5695500000000004
-2.83966064453125,2.5696000000000003
-2.96478271484375,2.56965
-2.95654296875,2.5697
-3.046875,2.5697500000000004
-2.9852294921875,2.5698000000000003
-3.184814453125,2.56985
-3.067626953125,2.5699
-3.26568603515625,2.5699500000000004
-3.30902099609375,2.5700000000000003
-3.2794189453125,2.57005
-3.426513671875,2.5701
-3.3050537109375,2.5701500000000004
-3.53973388671875,2.5702000000000003
-3.36273193359375,2.57025
-3.572998046875,2.5703000000000005
-3.5797119140625,2.5703500000000004
-3.4991455078125,2.5704000000000002
-3.49029541015625,2.57045
-3.7322998046875,2.5705000000000005
-3.6712646484375,2.5705500000000003
-3.778076171875,2.5706
-4.01153564453125,2.57065
-3.61236572265625,2.5707000000000004
-3.72314453125,2.5707500000000003
-3.94012451171875,2.5708
-4.1046142578125,2.57085
-3.75335693359375,2.5709000000000004
-3.80828857421875,2.5709500000000003
-3.78326416015625,2.571
-3.37799072265625,2.57105
-3.67462158203125,2.5711000000000004
-3.53118896484375,2.5711500000000003
-3.49151611328125,2.5712
-3.3740234375,2.5712500000000005
-3.16009521484375,2.5713000000000004
-3.06121826171875,2.5713500000000002
-3.1597900390625,2.5714
-3.14422607421875,2.5714500000000005
-2.92144775390625,2.5715000000000003
-2.6324462890625,2.5715500000000002
-2.764892578125,2.5716
-3.021240234375,2.5716500000000004
-2.75787353515625,2.5717000000000003
-2.7001953125,2.57175
-2.58758544921875,2.5718
-2.6544189453125,2.5718500000000004
-2.508544921875,2.5719000000000003
-2.6568603515625,2.57195
-2.63702392578125,2.572
-2.64617919921875,2.5720500000000004
-2.5347900390625,2.5721000000000003
-3.06182861328125,2.57215
-2.728271484375,2.5722000000000005
-2.9681396484375,2.5722500000000004
-3.2403564453125,2.5723000000000003
-3.29437255859375,2.57235
-3.0682373046875,2.5724000000000005
-3.26324462890625,2.5724500000000003
-3.47808837890625,2.5725000000000002
-3.45855712890625,2.57255
-3.64776611328125,2.5726000000000004
-3.5833740234375,2.5726500000000003
-3.3245849609375,2.5727
-3.38043212890625,2.57275
-3.4698486328125,2.5728000000000004
-3.345947265625,2.5728500000000003
-3.20220947265625,2.5729
-3.1829833984375,2.57295
-3.3538818359375,2.5730000000000004
-2.96539306640625,2.5730500000000003
-3.16864013671875,2.5731
-3.39202880859375,2.57315
-3.0535888671875,2.5732000000000004
-2.8326416015625,2.5732500000000003
-3.2403564453125,2.5733
-2.98095703125,2.5733500000000005
-3.1146240234375,2.5734000000000004
-3.0914306640625,2.5734500000000002
-3.10211181640625,2.5735
-2.83111572265625,2.5735500000000004
-2.9730224609375,2.5736000000000003
-3.43536376953125,2.57365
-3.411865234375,2.5737
-3.11126708984375,2.5737500000000004
-3.2733154296875,2.5738000000000003
-3.0340576171875,2.57385
-2.95745849609375,2.5739
-3.14117431640625,2.5739500000000004
-3.0987548828125,2.5740000000000003
-3.12713623046875,2.57405
-3.0804443359375,2.5741
-3.12896728515625,2.5741500000000004
-2.862548828125,2.5742000000000003
-3.22052001953125,2.57425
-3.2818603515625,2.5743000000000005
-3.1689453125,2.5743500000000004
-3.1048583984375,2.5744000000000002
-3.22723388671875,2.57445
-3.48388671875,2.5745000000000005
-3.44390869140625,2.5745500000000003
-3.2000732421875,2.5746
-3.7286376953125,2.57465
-3.00933837890625,2.5747000000000004
-3.19580078125,2.5747500000000003
-3.4747314453125,2.5748
-3.1903076171875,2.57485
-3.06427001953125,2.5749000000000004
-3.16680908203125,2.5749500000000003
-2.96875,2.575
-3.1195068359375,2.57505
-3.25653076171875,2.5751000000000004
-3.480224609375,2.5751500000000003
-3.38104248046875,2.5752
-3.25836181640625,2.57525
-3.54278564453125,2.5753000000000004
-3.4423828125,2.5753500000000003
-3.5076904296875,2.5754
-3.642578125,2.57545
-3.720703125,2.5755000000000003
-3.27789306640625,2.5755500000000002
-3.76190185546875,2.5756
-3.60595703125,2.57565
-3.29864501953125,2.5757000000000003
-3.56414794921875,2.57575
-3.58062744140625,2.5758
-3.1976318359375,2.5758500000000004
-3.4112548828125,2.5759000000000003
-3.16253662109375,2.57595
-3.34686279296875,2.576
-3.35235595703125,2.5760500000000004
-3.1298828125,2.5761000000000003
-3.5626220703125,2.57615
-3.03863525390625,2.5762
-3.21533203125,2.5762500000000004
-3.16070556640625,2.5763000000000003
-3.4619140625,2.57635
-2.99530029296875,2.5764
-3.60565185546875,2.5764500000000004
-3.3087158203125,2.5765000000000002
-3.57421875,2.57655
-3.6358642578125,2.5766
-3.70147705078125,2.5766500000000003
-3.30078125,2.5767
-3.30596923828125,2.57675
-3.60107421875,2.5768000000000004
-3.638916015625,2.5768500000000003
-3.55499267578125,2.5769
-3.3428955078125,2.57695
-3.4454345703125,2.5770000000000004
-3.35357666015625,2.5770500000000003
-3.5540771484375,2.5771
-3.64715576171875,2.57715
-3.18634033203125,2.5772000000000004
-3.475341796875,2.5772500000000003
-3.52508544921875,2.5773
-3.09356689453125,2.57735
-3.38409423828125,2.5774000000000004
-3.22296142578125,2.5774500000000002
-3.282470703125,2.5775
-3.1817626953125,2.57755
-2.9913330078125,2.5776000000000003
-3.19061279296875,2.57765
-2.93914794921875,2.5777
-3.0865478515625,2.57775
-3.1793212890625,2.5778000000000003
-2.7850341796875,2.57785
-3.00537109375,2.5779
-3.3056640625,2.5779500000000004
-3.15765380859375,2.5780000000000003
-2.777099609375,2.57805
-3.1768798828125,2.5781
-3.0145263671875,2.5781500000000004
-2.8985595703125,2.5782000000000003
-3.24462890625,2.57825
-3.15155029296875,2.5783
-3.1414794921875,2.5783500000000004
-2.99224853515625,2.5784000000000002
-2.901611328125,2.57845
-2.9534912109375,2.5785
-2.85125732421875,2.5785500000000003
-3.00750732421875,2.5786000000000002
-3.0841064453125,2.57865
-2.6812744140625,2.5787
-2.78076171875,2.5787500000000003
-2.71636962890625,2.5788
-2.559814453125,2.57885
-2.7490234375,2.5789000000000004
-3.00323486328125,2.5789500000000003
-2.73895263671875,2.579
-2.6861572265625,2.57905
-2.73193359375,2.5791000000000004
-2.996826171875,2.5791500000000003
-2.88330078125,2.5792
-2.72705078125,2.57925
-2.83721923828125,2.5793000000000004
-2.486572265625,2.5793500000000003
-2.652587890625,2.5794
-2.69439697265625,2.57945
-2.6959228515625,2.5795000000000003
-2.3736572265625,2.5795500000000002
-2.66143798828125,2.5796
-2.62969970703125,2.57965
-2.91656494140625,2.5797000000000003
-2.81646728515625,2.57975
-2.67303466796875,2.5798
-2.64739990234375,2.5798500000000004
-2.93731689453125,2.5799000000000003
-2.965087890625,2.57995
-3.1689453125,2.58
-2.92724609375,2.5800500000000004
-2.81036376953125,2.5801000000000003
-2.81005859375,2.58015
-2.7105712890625,2.5802
-2.8082275390625,2.5802500000000004
-2.74017333984375,2.5803000000000003
-2.652587890625,2.58035
-2.5958251953125,2.5804
-2.7325439453125,2.5804500000000004
-2.50244140625,2.5805000000000002
-2.85308837890625,2.58055
-2.833251953125,2.5806
-2.83447265625,2.5806500000000003
-2.62420654296875,2.5807
-2.9962158203125,2.58075
-2.8125,2.5808
-2.95623779296875,2.5808500000000003
-2.9876708984375,2.5809
-2.8216552734375,2.58095
-2.73468017578125,2.5810000000000004
-2.7313232421875,2.5810500000000003
-2.98370361328125,2.5811
-2.86834716796875,2.58115
-2.73590087890625,2.5812000000000004
-2.69622802734375,2.5812500000000003
-2.84027099609375,2.5813
-2.83294677734375,2.58135
-2.95135498046875,2.5814000000000004
-3.05908203125,2.5814500000000002
-3.05938720703125,2.5815
-2.958984375,2.58155
-3.201904296875,2.5816000000000003
-3.17779541015625,2.5816500000000002
-2.75604248046875,2.5817
-3.09234619140625,2.58175
-3.20098876953125,2.5818000000000003
-2.85980224609375,2.58185
-2.94647216796875,2.5819
-2.8460693359375,2.5819500000000004
-3.13995361328125,2.5820000000000003
-3.01605224609375,2.58205
-3.038330078125,2.5821
-2.8179931640625,2.5821500000000004
-2.83935546875,2.5822000000000003
-3.2708740234375,2.58225
-3.29345703125,2.5823
-2.857666015625,2.5823500000000004
-2.93792724609375,2.5824000000000003
-3.31512451171875,2.58245
-3.2568359375,2.5825
-3.33404541015625,2.5825500000000003
-3.35235595703125,2.5826000000000002
-3.10028076171875,2.58265
-2.99224853515625,2.5827
-3.04290771484375,2.5827500000000003
-2.94525146484375,2.5828
-3.2415771484375,2.58285
-2.98614501953125,2.5829000000000004
-2.91717529296875,2.5829500000000003
-2.88726806640625,2.583
-3.06060791015625,2.58305
-2.85888671875,2.5831000000000004
-3.03497314453125,2.5831500000000003
-2.9022216796875,2.5832
-3.028564453125,2.58325
-2.96630859375,2.5833000000000004
-3.09326171875,2.5833500000000003
-3.24493408203125,2.5834
-3.22662353515625,2.58345
-3.101806640625,2.5835000000000004
-2.87261962890625,2.5835500000000002
-3.13568115234375,2.5836
-2.83721923828125,2.58365
-3.1634521484375,2.5837000000000003
-3.070068359375,2.58375
-3.09967041015625,2.5838
-2.918701171875,2.5838500000000004
-3.21807861328125,2.5839000000000003
-3.226318359375,2.58395
-3.2794189453125,2.584
-3.211669921875,2.5840500000000004
-3.16131591796875,2.5841000000000003
-3.14117431640625,2.58415
-3.2861328125,2.5842
-3.294677734375,2.5842500000000004
-3.15093994140625,2.5843000000000003
-3.095703125,2.58435
-3.07037353515625,2.5844
-3.1182861328125,2.5844500000000004
-3.1951904296875,2.5845000000000002
-2.97119140625,2.58455
-3.22418212890625,2.5846
-2.92510986328125,2.5846500000000003
-2.94647216796875,2.5847
-3.06243896484375,2.58475
-2.92083740234375,2.5848
-3.05938720703125,2.5848500000000003
-2.9876708984375,2.5849
-3.221435546875,2.58495
-2.8082275390625,2.5850000000000004
-2.91015625,2.5850500000000003
-3.20220947265625,2.5851
-3.125,2.58515
-2.764892578125,2.5852000000000004
-3.17108154296875,2.5852500000000003
-3.13995361328125,2.5853
-3.07769775390625,2.58535
-3.3404541015625,2.5854000000000004
-3.33221435546875,2.5854500000000002
-2.92510986328125,2.5855
-2.97943115234375,2.58555
-3.17108154296875,2.5856000000000003
-3.07708740234375,2.5856500000000002
-3.26934814453125,2.5857
-3.1304931640625,2.58575
-2.83294677734375,2.5858000000000003
-3.1036376953125,2.58585
-3.18328857421875,2.5859
-3.25927734375,2.5859500000000004
-3.49700927734375,2.5860000000000003
-3.0517578125,2.58605
-3.36883544921875,2.5861
-2.92144775390625,2.5861500000000004
-3.1842041015625,2.5862000000000003
-2.95196533203125,2.58625
-3.18939208984375,2.5863
-2.92266845703125,2.5863500000000004
-3.0255126953125,2.5864000000000003
-2.9437255859375,2.58645
-2.8436279296875,2.5865
-2.9656982421875,2.5865500000000003
-3.07373046875,2.5866000000000002
-2.86773681640625,2.58665
-2.95989990234375,2.5867
-3.052978515625,2.5867500000000003
-3.07098388671875,2.5868
-3.07769775390625,2.58685
-2.9302978515625,2.5869000000000004
-3.05450439453125,2.5869500000000003
-2.8070068359375,2.587
-3.2415771484375,2.58705
-3.0084228515625,2.5871000000000004
-3.10455322265625,2.5871500000000003
-3.22296142578125,2.5872
-3.0279541015625,2.58725
-2.74505615234375,2.5873000000000004
-3.23699951171875,2.5873500000000003
-3.1219482421875,2.5874
-3.204345703125,2.58745
-3.13629150390625,2.5875000000000004
-3.040771484375,2.5875500000000002
-3.2073974609375,2.5876
-3.0438232421875,2.58765
-3.00262451171875,2.5877000000000003
-3.1256103515625,2.58775
-3.11126708984375,2.5878
-2.8302001953125,2.58785
-2.83538818359375,2.5879000000000003
-3.043212890625,2.58795
-2.9046630859375,2.588
-2.767333984375,2.5880500000000004
-2.98980712890625,2.5881000000000003
-2.63031005859375,2.58815
-2.95867919921875,2.5882
-3.1005859375,2.5882500000000004
-2.98797607421875,2.5883000000000003
-3.2147216796875,2.58835
-2.95562744140625,2.5884
-3.16802978515625,2.5884500000000004
-3.25836181640625,2.5885000000000002
-3.42254638671875,2.58855
-3.39111328125,2.5886
-3.0841064453125,2.5886500000000003
-3.33404541015625,2.5887000000000002
-3.5260009765625,2.58875
-3.18328857421875,2.5888
-3.49029541015625,2.5888500000000003
-3.16192626953125,2.5889
-3.1072998046875,2.58895
-3.26751708984375,2.5890000000000004
-3.18145751953125,2.5890500000000003
-3.10882568359375,2.5891
-3.45184326171875,2.58915
-3.54278564453125,2.5892000000000004
-3.4674072265625,2.5892500000000003
-3.150634765625,2.5893
-3.50433349609375,2.58935
-3.57818603515625,2.5894000000000004
-3.77349853515625,2.5894500000000003
-3.07159423828125,2.5895
-3.20068359375,2.58955
-3.2232666015625,2.5896000000000003
-3.1390380859375,2.5896500000000002
-3.11248779296875,2.5897
-3.2781982421875,2.58975
-2.89947509765625,2.5898000000000003
-2.9522705078125,2.58985
-3.24554443359375,2.5899
-2.8765869140625,2.5899500000000004
-3.004150390625,2.5900000000000003
-2.84454345703125,2.59005
-2.9595947265625,2.5901
-2.7337646484375,2.5901500000000004
-3.14453125,2.5902000000000003
-3.11004638671875,2.59025
-2.97119140625,2.5903
-3.09722900390625,2.5903500000000004
-3.34320068359375,2.5904000000000003
-3.0084228515625,2.59045
-3.1097412109375,2.5905
-3.19976806640625,2.5905500000000004
-3.1561279296875,2.5906000000000002
-3.14605712890625,2.59065
-3.12347412109375,2.5907
-3.0859375,2.5907500000000003
-3.1011962890625,2.5908
-3.29010009765625,2.59085
-3.06488037109375,2.5909000000000004
-3.1060791015625,2.5909500000000003
-2.7490234375,2.591
-3.06610107421875,2.59105
-3.18878173828125,2.5911000000000004
-3.05023193359375,2.5911500000000003
-2.68402099609375,2.5912
-3.1317138671875,2.59125
-2.88848876953125,2.5913000000000004
-3.48297119140625,2.5913500000000003
-3.5052490234375,2.5914
-3.15643310546875,2.59145
-3.018798828125,2.5915000000000004
-3.37738037109375,2.5915500000000002
-3.358154296875,2.5916
-3.41339111328125,2.59165
-3.673095703125,2.5917000000000003
-3.23028564453125,2.59175
-3.0999755859375,2.5918
-3.3538818359375,2.59185
-3.287353515625,2.5919000000000003
-3.27728271484375,2.59195
-3.35845947265625,2.592
-3.42437744140625,2.5920500000000004
-3.50982666015625,2.5921000000000003
-3.206787109375,2.59215
-3.568115234375,2.5922
-3.37646484375,2.5922500000000004
-3.61236572265625,2.5923000000000003
-3.5162353515625,2.59235
-3.3917236328125,2.5924
-3.404541015625,2.5924500000000004
-3.3624267578125,2.5925000000000002
-3.4033203125,2.59255
-3.2647705078125,2.5926
-2.9278564453125,2.5926500000000003
-2.9290771484375,2.5927000000000002
-3.111572265625,2.59275
-2.98248291015625,2.5928
-2.96600341796875,2.5928500000000003
-2.9132080078125,2.5929
-2.7227783203125,2.59295
-2.86712646484375,2.5930000000000004
-3.30902099609375,2.5930500000000003
-2.85003662109375,2.5931
-2.6544189453125,2.59315
-3.02764892578125,2.5932000000000004
-3.08746337890625,2.5932500000000003
-2.98919677734375,2.5933
-3.40789794921875,2.59335
-3.160400390625,2.5934000000000004
-3.07586669921875,2.5934500000000003
-2.9791259765625,2.5935
-3.096923828125,2.59355
-2.87200927734375,2.5936000000000003
-2.89886474609375,2.5936500000000002
-3.01849365234375,2.5937
-3.23089599609375,2.59375
-2.9119873046875,2.5938000000000003
-3.01300048828125,2.59385
-3.00750732421875,2.5939
-3.2464599609375,2.5939500000000004
-3.1024169921875,2.5940000000000003
-3.0938720703125,2.59405
-2.95806884765625,2.5941
-3.0035400390625,2.5941500000000004
-3.16131591796875,2.5942000000000003
-3.2049560546875,2.59425
-2.6983642578125,2.5943
-2.71575927734375,2.5943500000000004
-3.065185546875,2.5944000000000003
-2.8485107421875,2.59445
-2.96966552734375,2.5945
-2.97149658203125,2.5945500000000004
-2.9010009765625,2.5946000000000002
-2.82440185546875,2.59465
-3.48876953125,2.5947
-3.33770751953125,2.5947500000000003
-3.58856201171875,2.5948
-3.8299560546875,2.59485
-3.75823974609375,2.5949
-3.63861083984375,2.5949500000000003
-3.7652587890625,2.595
-3.51104736328125,2.59505
-3.607177734375,2.5951000000000004
-3.89892578125,2.5951500000000003
-3.4222412109375,2.5952
-3.54644775390625,2.59525
-3.6810302734375,2.5953000000000004
-3.74298095703125,2.5953500000000003
-3.63616943359375,2.5954
-3.36212158203125,2.59545
-3.5284423828125,2.5955000000000004
-3.56414794921875,2.5955500000000002
-3.56353759765625,2.5956
-3.46954345703125,2.59565
-3.533935546875,2.5957000000000003
-3.43841552734375,2.5957500000000002
-3.4912109375,2.5958
-3.5516357421875,2.59585
-3.541259765625,2.5959000000000003
-3.4783935546875,2.59595
-3.09234619140625,2.596
-3.46160888671875,2.5960500000000004
-3.05999755859375,2.5961000000000003
-3.01300048828125,2.59615
-3.3233642578125,2.5962
-3.16864013671875,2.5962500000000004
-2.82928466796875,2.5963000000000003
-3.00689697265625,2.59635
-2.78900146484375,2.5964
-2.80364990234375,2.5964500000000004
-3.0938720703125,2.5965000000000003
-3.06121826171875,2.59655
-2.75177001953125,2.5966
-2.7783203125,2.5966500000000003
-2.86865234375,2.5967000000000002
-2.81890869140625,2.59675
-2.90191650390625,2.5968
-2.67364501953125,2.5968500000000003
-3.00872802734375,2.5969
-2.67120361328125,2.59695
-2.9364013671875,2.5970000000000004
-2.9473876953125,2.5970500000000003
-3.13507080078125,2.5971
-3.11309814453125,2.59715
-3.172607421875,2.5972000000000004
-2.8851318359375,2.5972500000000003
-3.22052001953125,2.5973
-3.6041259765625,2.59735
-3.377685546875,2.5974000000000004
-3.0999755859375,2.5974500000000003
-3.26690673828125,2.5975
-3.40240478515625,2.59755
-3.3782958984375,2.5976000000000004
-3.028564453125,2.5976500000000002
-3.3538818359375,2.5977
-3.3099365234375,2.59775
-3.00079345703125,2.5978000000000003
-3.18634033203125,2.59785
-2.989501953125,2.5979
-3.0389404296875,2.5979500000000004
-3.02886962890625,2.5980000000000003
-3.1884765625,2.59805
-2.734375,2.5981
-2.9656982421875,2.5981500000000004
-3.0047607421875,2.5982000000000003
-2.8753662109375,2.59825
-2.82745361328125,2.5983
-2.696533203125,2.5983500000000004
-2.61322021484375,2.5984000000000003
-2.7008056640625,2.59845
-2.67059326171875,2.5985
-2.67547607421875,2.5985500000000004
-2.481689453125,2.5986000000000002
-2.6080322265625,2.59865
-2.79815673828125,2.5987
-2.57476806640625,2.5987500000000003
-2.46337890625,2.5988
-2.626953125,2.59885
-2.6190185546875,2.5989
-2.2662353515625,2.5989500000000003
-2.841796875,2.599
-2.61474609375,2.59905
-2.67181396484375,2.5991000000000004
-2.43316650390625,2.5991500000000003
-2.7581787109375,2.5992
-2.51312255859375,2.59925
-2.5982666015625,2.5993000000000004
-3.04443359375,2.5993500000000003
-3.0523681640625,2.5994
-2.5927734375,2.59945
-2.71697998046875,2.5995000000000004
-2.79144287109375,2.5995500000000002
-2.645263671875,2.5996
-2.99468994140625,2.59965
-2.87384033203125,2.5997000000000003
-2.65533447265625,2.5997500000000002
-2.68524169921875,2.5998
-2.59674072265625,2.59985
-2.77587890625,2.5999000000000003
-2.82318115234375,2.59995
-2.89459228515625,2.6
-2.91717529296875,2.60005
-2.49969482421875,2.6001000000000003
-2.87353515625,2.60015
-3.07586669921875,2.6002
-2.82440185546875,2.60025
-2.52197265625,2.6003000000000003
-2.84576416015625,2.60035
-2.5299072265625,2.6004
-2.68218994140625,2.60045
-2.701416015625,2.6005000000000003
-2.59490966796875,2.60055
-2.54119873046875,2.6006
-2.877197265625,2.60065
-3.04473876953125,2.6007000000000002
-3.084716796875,2.60075
-3.34014892578125,2.6008
-3.23638916015625,2.60085
-3.2757568359375,2.6009
-3.194580078125,2.60095
-3.2867431640625,2.601
-3.236083984375,2.6010500000000003
-3.1982421875,2.6011
-3.25653076171875,2.60115
-3.32061767578125,2.6012
-2.73040771484375,2.6012500000000003
-3.17138671875,2.6013
-3.1072998046875,2.60135
-3.08502197265625,2.6014
-3.01483154296875,2.6014500000000003
-3.12957763671875,2.6015
-2.9705810546875,2.60155
-3.3099365234375,2.6016
-3.2891845703125,2.6016500000000002
-3.27789306640625,2.6017
-2.777099609375,2.60175
-2.9638671875,2.6018
-3.31939697265625,2.60185
-2.97119140625,2.6019
-2.75726318359375,2.60195
-2.8717041015625,2.602
-2.8204345703125,2.60205
-2.90313720703125,2.6021
-3.0523681640625,2.60215
-3.05419921875,2.6022000000000003
-3.01239013671875,2.60225
-3.12103271484375,2.6023
-2.95867919921875,2.60235
-3.05938720703125,2.6024000000000003
-2.86041259765625,2.60245
-3.21258544921875,2.6025
-3.27178955078125,2.60255
-2.90313720703125,2.6026000000000002
-3.07769775390625,2.60265
-2.9193115234375,2.6027
-2.68768310546875,2.60275
-2.8765869140625,2.6028000000000002
-2.8753662109375,2.60285
-2.54608154296875,2.6029
-2.5830078125,2.60295
-2.777099609375,2.603
-2.7069091796875,2.60305
-2.75787353515625,2.6031
-2.8070068359375,2.6031500000000003
-3.0194091796875,2.6032
-2.96600341796875,2.60325
-3.04290771484375,2.6033
-3.138427734375,2.6033500000000003
-2.98248291015625,2.6034
-2.7252197265625,2.60345
-3.23516845703125,2.6035
-3.1512451171875,2.6035500000000003
-3.326416015625,2.6036
-3.17108154296875,2.60365
-3.21197509765625,2.6037
-3.001708984375,2.6037500000000002
-3.1640625,2.6038
-3.13140869140625,2.60385
-3.33343505859375,2.6039
-3.160400390625,2.60395
-3.22021484375,2.604
-3.2684326171875,2.60405
-3.10882568359375,2.6041000000000003
-3.24462890625,2.60415
-3.2379150390625,2.6042
-2.9742431640625,2.60425
-2.9388427734375,2.6043000000000003
-2.83966064453125,2.60435
-2.58209228515625,2.6044
-2.95989990234375,2.60445
-2.825927734375,2.6045000000000003
-2.77435302734375,2.60455
-2.68218994140625,2.6046
-3.07769775390625,2.60465
-2.81524658203125,2.6047000000000002
-3.0059814453125,2.60475
-2.9388427734375,2.6048
-3.109130859375,2.60485
-2.6336669921875,2.6049
-2.9901123046875,2.60495
-3.0792236328125,2.605
-3.02825927734375,2.6050500000000003
-2.6739501953125,2.6051
-3.07037353515625,2.60515
-2.8802490234375,2.6052
-2.97454833984375,2.6052500000000003
-3.1439208984375,2.6053
-2.987060546875,2.60535
-3.1903076171875,2.6054
-3.11553955078125,2.6054500000000003
-3.02642822265625,2.6055
-3.1512451171875,2.60555
-3.1005859375,2.6056
-3.18145751953125,2.6056500000000002
-3.348388671875,2.6057
-2.965087890625,2.60575
-3.035888671875,2.6058
-3.07342529296875,2.60585
-3.18695068359375,2.6059
-3.07525634765625,2.60595
-3.17840576171875,2.606
-3.0560302734375,2.60605
-3.10638427734375,2.6061
-3.26995849609375,2.60615
-3.19580078125,2.6062000000000003
-2.9901123046875,2.60625
-2.9644775390625,2.6063
-3.11004638671875,2.60635
-2.938232421875,2.6064000000000003
-3.1597900390625,2.60645
-3.074951171875,2.6065
-3.14544677734375,2.60655
-3.11492919921875,2.6066000000000003
-3.00506591796875,2.60665
-3.25103759765625,2.6067
-3.3319091796875,2.60675
-3.14697265625,2.6068000000000002
-3.345947265625,2.60685
-3.1036376953125,2.6069
-3.30169677734375,2.60695
-3.0499267578125,2.607
-3.3038330078125,2.60705
-3.16864013671875,2.6071
-3.18603515625,2.6071500000000003
-2.85430908203125,2.6072
-3.01055908203125,2.60725
-3.24462890625,2.6073
-3.1512451171875,2.6073500000000003
-2.86956787109375,2.6074
-3.0718994140625,2.60745
-3.302001953125,2.6075
-3.22296142578125,2.6075500000000003
-3.41217041015625,2.6076
-3.09295654296875,2.60765
-3.436279296875,2.6077
-3.03192138671875,2.6077500000000002
-3.37432861328125,2.6078
-3.016357421875,2.60785
-3.28826904296875,2.6079
-3.15948486328125,2.60795
-3.3209228515625,2.608
-2.9742431640625,2.60805
-3.19610595703125,2.6081000000000003
-3.34136962890625,2.60815
-3.35968017578125,2.6082
-3.17901611328125,2.60825
-3.11859130859375,2.6083000000000003
-3.0322265625,2.60835
-3.2672119140625,2.6084
-3.1402587890625,2.60845
-3.2794189453125,2.6085000000000003
-3.31268310546875,2.60855
-3.12744140625,2.6086
-3.17138671875,2.60865
-3.25653076171875,2.6087000000000002
-3.1781005859375,2.60875
-3.2177734375,2.6088
-3.19671630859375,2.60885
-2.85186767578125,2.6089
-3.1829833984375,2.60895
-3.21258544921875,2.609
-3.22601318359375,2.60905
-2.99468994140625,2.6091
-3.14361572265625,2.60915
-3.08807373046875,2.6092
-3.00384521484375,2.6092500000000003
-3.22784423828125,2.6093
-3.34716796875,2.60935
-2.93792724609375,2.6094
-3.02581787109375,2.6094500000000003
-3.2269287109375,2.6095
-3.079833984375,2.60955
-3.1268310546875,2.6096
-3.271484375,2.6096500000000002
-2.816162109375,2.6097
-2.94219970703125,2.60975
-2.97576904296875,2.6098
-2.95440673828125,2.6098500000000002
-3.23150634765625,2.6099
-3.1842041015625,2.60995
-3.0303955078125,2.61
-3.16497802734375,2.61005
-3.2293701171875,2.6101
-3.2562255859375,2.61015
-3.48480224609375,2.6102000000000003
-3.01422119140625,2.61025
-2.98126220703125,2.6103
-2.9266357421875,2.61035
-3.03924560546875,2.6104000000000003
-3.27911376953125,2.61045
-3.118896484375,2.6105
-2.97027587890625,2.61055
-3.24432373046875,2.6106000000000003
-3.1915283203125,2.61065
-3.20343017578125,2.6107
-3.123779296875,2.61075
-3.07952880859375,2.6108000000000002
-3.28216552734375,2.61085
-2.984619140625,2.6109
-3.4234619140625,2.61095
-3.040771484375,2.611
-3.20953369140625,2.61105
-3.099365234375,2.6111
-3.24188232421875,2.6111500000000003
-2.879638671875,2.6112
-3.11676025390625,2.61125
-3.18145751953125,2.6113
-2.93914794921875,2.6113500000000003
-3.092041015625,2.6114
-3.0029296875,2.61145
-2.7349853515625,2.6115
-3.20587158203125,2.6115500000000003
-3.0792236328125,2.6116
-3.19244384765625,2.61165
-2.79632568359375,2.6117
-2.66754150390625,2.6117500000000002
-3.2135009765625,2.6118
-3.39202880859375,2.61185
-2.80670166015625,2.6119
-3.028564453125,2.61195
-3.302001953125,2.612
-2.801513671875,2.61205
-3.31268310546875,2.6121000000000003
-3.17413330078125,2.61215
-3.046875,2.6122
-2.99896240234375,2.61225
-2.89154052734375,2.6123000000000003
-2.74566650390625,2.61235
-3.04962158203125,2.6124
-3.001708984375,2.61245
-2.91717529296875,2.6125000000000003
-2.61627197265625,2.61255
-2.72552490234375,2.6126
-3.096923828125,2.61265
-3.18450927734375,2.6127000000000002
-2.930908203125,2.61275
-3.31085205078125,2.6128
-2.7349853515625,2.61285
-3.15582275390625,2.6129000000000002
-3.1097412109375,2.61295
-3.109130859375,2.613
-3.1793212890625,2.61305
-3.07769775390625,2.6131
-3.1439208984375,2.61315
-2.95623779296875,2.6132
-3.25775146484375,2.6132500000000003
-3.12042236328125,2.6133
-3.30810546875,2.61335
-2.82806396484375,2.6134
-3.0078125,2.6134500000000003
-3.197021484375,2.6135
-3.0828857421875,2.61355
-2.8765869140625,2.6136
-3.3245849609375,2.6136500000000003
-2.90283203125,2.6137
-3.05938720703125,2.61375
-3.22357177734375,2.6138
-2.87811279296875,2.6138500000000002
-3.0120849609375,2.6139
-3.135986328125,2.61395
-2.840576171875,2.614
-3.10791015625,2.61405
-3.187255859375,2.6141
-3.00445556640625,2.61415
-2.97027587890625,2.6142000000000003
-3.070068359375,2.61425
-2.97698974609375,2.6143
-2.72125244140625,2.61435
-2.86712646484375,2.6144000000000003
-2.9156494140625,2.61445
-2.9010009765625,2.6145
-2.69989013671875,2.61455
-2.833251953125,2.6146000000000003
-2.9443359375,2.61465
-3.04046630859375,2.6147
-2.9150390625,2.61475
-3.033447265625,2.6148000000000002
-2.91717529296875,2.61485
-2.93304443359375,2.6149
-3.10455322265625,2.61495
-2.9608154296875,2.615
-2.97576904296875,2.61505
-2.8515625,2.6151
-2.96661376953125,2.6151500000000003
-2.6202392578125,2.6152
-3.0560302734375,2.61525
-2.860107421875,2.6153
-2.72369384765625,2.6153500000000003
-2.7850341796875,2.6154
-3.076171875,2.61545
-2.8814697265625,2.6155
-3.36639404296875,2.6155500000000003
-3.2110595703125,2.6156
-3.13201904296875,2.61565
-2.80181884765625,2.6157
-3.089599609375,2.6157500000000002
-3.04962158203125,2.6158
-3.28094482421875,2.61585
-3.28277587890625,2.6159
-3.11767578125,2.61595
-3.02886962890625,2.616
-3.15277099609375,2.61605
-3.348388671875,2.6161
-3.15887451171875,2.61615
-3.133544921875,2.6162
-3.14727783203125,2.61625
-3.41888427734375,2.6163000000000003
-3.41522216796875,2.61635
-3.5198974609375,2.6164
-3.22998046875,2.61645
-3.52386474609375,2.6165000000000003
-3.2421875,2.61655
-3.33251953125,2.6166
-3.41156005859375,2.61665
-3.08441162109375,2.6167000000000002
-2.92755126953125,2.61675
-3.15185546875,2.6168
-2.75177001953125,2.61685
-2.99163818359375,2.6169000000000002
-3.00018310546875,2.61695
-2.81524658203125,2.617
-2.73773193359375,2.61705
-2.943115234375,2.6171
-2.68402099609375,2.61715
-3.037109375,2.6172
-3.21990966796875,2.6172500000000003
-3.2025146484375,2.6173
-3.115234375,2.61735
-3.29681396484375,2.6174
-3.21990966796875,2.6174500000000003
-3.250732421875,2.6175
-3.24798583984375,2.61755
-3.096923828125,2.6176
-3.3154296875,2.6176500000000003
-2.79266357421875,2.6177
-3.037109375,2.61775
-3.0670166015625,2.6178
-3.02276611328125,2.6178500000000002
-3.1988525390625,2.6179
-3.043212890625,2.61795
-3.02581787109375,2.618
-3.10516357421875,2.61805
-3.15338134765625,2.6181
-3.16070556640625,2.61815
-3.1390380859375,2.6182000000000003
-2.6263427734375,2.61825
-3.18450927734375,2.6183
-2.74505615234375,2.61835
-3.03375244140625,2.6184000000000003
-2.88909912109375,2.61845
-2.9803466796875,2.6185
-2.65228271484375,2.61855
-2.78167724609375,2.6186000000000003
-2.76947021484375,2.61865
-2.98919677734375,2.6187
-3.14697265625,2.61875
-2.93304443359375,2.6188000000000002
-2.607421875,2.61885
-3.16436767578125,2.6189
-2.9327392578125,2.61895
-3.15338134765625,2.619
-3.135986328125,2.61905
-2.7532958984375,2.6191
-2.99957275390625,2.6191500000000003
-3.21044921875,2.6192
-3.099365234375,2.61925
-3.0029296875,2.6193
-3.03192138671875,2.6193500000000003
-2.982177734375,2.6194
-3.4869384765625,2.61945
-3.31085205078125,2.6195
-3.30352783203125,2.6195500000000003
-3.22235107421875,2.6196
-3.19000244140625,2.61965
-2.89459228515625,2.6197
-3.1866455078125,2.6197500000000002
-3.12408447265625,2.6198
-3.0670166015625,2.61985
-3.24249267578125,2.6199
-3.29254150390625,2.6199500000000002
-2.9852294921875,2.62
-3.36090087890625,2.62005
-3.6700439453125,2.6201
-3.68377685546875,2.62015
-3.28704833984375,2.6202
-3.7548828125,2.62025
-3.47625732421875,2.6203000000000003
-3.45977783203125,2.62035
-3.95416259765625,2.6204
-4.00726318359375,2.62045
-3.55865478515625,2.6205000000000003
-3.4417724609375,2.62055
-3.73199462890625,2.6206
-3.72802734375,2.62065
-3.56201171875,2.6207000000000003
-3.4564208984375,2.62075
-3.71124267578125,2.6208
-3.61724853515625,2.62085
-3.575439453125,2.6209000000000002
-3.8140869140625,2.62095
-3.66485595703125,2.621
-3.46588134765625,2.62105
-3.49365234375,2.6211
-3.20343017578125,2.62115
-3.1787109375,2.6212
-3.375244140625,2.6212500000000003
-3.13934326171875,2.6213
-2.8118896484375,2.62135
-3.06121826171875,2.6214
-2.91229248046875,2.6214500000000003
-2.8167724609375,2.6215
-2.87811279296875,2.62155
-2.86468505859375,2.6216
-2.6324462890625,2.6216500000000003
-2.35870361328125,2.6217
-2.6458740234375,2.62175
-2.45452880859375,2.6218
-2.6239013671875,2.6218500000000002
-2.65533447265625,2.6219
-2.56500244140625,2.62195
-2.4066162109375,2.622
-2.79693603515625,2.62205
-2.7923583984375,2.6221
-2.8460693359375,2.62215
-2.8509521484375,2.6222000000000003
-2.861328125,2.62225
-3.079833984375,2.6223
-3.336181640625,2.62235
-3.35968017578125,2.6224000000000003
-3.145751953125,2.62245
-3.2012939453125,2.6225
-3.033447265625,2.62255
-3.61846923828125,2.6226000000000003
-3.19183349609375,2.62265
-3.13262939453125,2.6227
-3.218994140625,2.62275
-3.4814453125,2.6228000000000002
-2.89154052734375,2.62285
-3.5797119140625,2.6229
-3.24127197265625,2.62295
-3.10028076171875,2.623
-3.07830810546875,2.62305
-3.05694580078125,2.6231
-2.7667236328125,2.62315
-2.8411865234375,2.6232
-3.3135986328125,2.62325
-3.36212158203125,2.6233
-2.972412109375,2.6233500000000003
-2.8765869140625,2.6234
-2.96051025390625,2.62345
-2.833251953125,2.6235
-2.98583984375,2.6235500000000003
-2.99163818359375,2.6236
-2.81219482421875,2.62365
-2.82501220703125,2.6237
-2.94342041015625,2.6237500000000002
-2.886962890625,2.6238
-2.88787841796875,2.62385
-2.9583740234375,2.6239
-2.99224853515625,2.6239500000000002
-2.88330078125,2.624
-2.8668212890625,2.62405
-3.16497802734375,2.6241
-3.228759765625,2.62415
-2.91839599609375,2.6242
-3.21563720703125,2.62425
-3.1048583984375,2.6243000000000003
-2.91412353515625,2.62435
-3.39691162109375,2.6244
-3.214111328125,2.62445
-2.7801513671875,2.6245000000000003
-3.01666259765625,2.62455
-3.15765380859375,2.6246
-3.0499267578125,2.62465
-3.29010009765625,2.6247000000000003
-3.4307861328125,2.62475
-3.17291259765625,2.6248
-3.13751220703125,2.62485
-3.59466552734375,2.6249000000000002
-3.34228515625,2.62495
-3.3135986328125,2.625
-3.03466796875,2.62505
-3.153076171875,2.6251
-2.9681396484375,2.62515
-3.40850830078125,2.6252
-3.0908203125,2.62525
-3.038330078125,2.6253
-3.2684326171875,2.62535
-3.18695068359375,2.6254
-3.1201171875,2.62545
-3.38409423828125,2.6255
-3.26416015625,2.62555
-3.3953857421875,2.6256
-3.02581787109375,2.62565
-3.05511474609375,2.6257
-3.52294921875,2.62575
-3.14422607421875,2.6258
-3.06671142578125,2.6258500000000002
-3.1036376953125,2.6259
-3.17352294921875,2.62595
-2.79998779296875,2.626
-3.08807373046875,2.62605
-3.08380126953125,2.6261
-2.943115234375,2.62615
-2.91717529296875,2.6262
-3.2025146484375,2.62625
-2.76275634765625,2.6263
-3.14971923828125,2.62635
-3.35296630859375,2.6264
-3.57147216796875,2.62645
-3.1878662109375,2.6265
-2.8839111328125,2.62655
-3.35601806640625,2.6266
-3.33160400390625,2.62665
-3.0914306640625,2.6267
-3.39019775390625,2.62675
-3.2122802734375,2.6268000000000002
-3.355712890625,2.62685
-3.56414794921875,2.6269
-3.20648193359375,2.62695
-3.39630126953125,2.6270000000000002
-3.16162109375,2.62705
-3.2049560546875,2.6271
-3.22052001953125,2.62715
-2.98065185546875,2.6272
-3.25927734375,2.62725
-3.419189453125,2.6273
-3.0670166015625,2.62735
-3.28033447265625,2.6274
-3.15032958984375,2.62745
-3.23974609375,2.6275
-3.20281982421875,2.62755
-3.42620849609375,2.6276
-2.7734375,2.62765
-3.0908203125,2.6277
-3.367919921875,2.62775
-3.15460205078125,2.6278
-3.29437255859375,2.62785
-3.226318359375,2.6279
-3.043212890625,2.6279500000000002
-3.192138671875,2.628
-3.316650390625,2.62805
-3.12591552734375,2.6281
-3.07891845703125,2.62815
-3.0780029296875,2.6282
-3.20220947265625,2.62825
-3.1231689453125,2.6283
-3.15582275390625,2.62835
-3.02490234375,2.6284
-2.945556640625,2.62845
-2.7581787109375,2.6285
-2.8192138671875,2.62855
-2.8826904296875,2.6286
-2.76885986328125,2.62865
-2.601318359375,2.6287
-2.93426513671875,2.62875
-2.7001953125,2.6288
-2.71392822265625,2.62885
-3.04718017578125,2.6289000000000002
-2.88818359375,2.62895
-2.84027099609375,2.629
-2.578125,2.62905
-2.89703369140625,2.6291
-2.48291015625,2.62915
-2.86590576171875,2.6292
-3.0755615234375,2.62925
-2.97027587890625,2.6293
-2.769775390625,2.62935
-3.05816650390625,2.6294
-2.98309326171875,2.62945
-3.13385009765625,2.6295
-3.04595947265625,2.62955
-3.087158203125,2.6296
-2.68798828125,2.62965
-3.13446044921875,2.6297
-3.11187744140625,2.62975
-2.84912109375,2.6298
-3.15521240234375,2.6298500000000002
-2.96173095703125,2.6299
-2.92572021484375,2.62995
-2.8546142578125,2.63
-2.9595947265625,2.63005
-2.92205810546875,2.6301
-2.95074462890625,2.63015
-2.74993896484375,2.6302
-3.2568359375,2.63025
-2.88787841796875,2.6303
-2.884521484375,2.63035
-3.15155029296875,2.6304
-3.14697265625,2.63045
-2.7685546875,2.6305
-2.9229736328125,2.63055
-2.940673828125,2.6306
-2.96875,2.63065
-2.98797607421875,2.6307
-3.08502197265625,2.63075
-2.7899169921875,2.6308
-2.861328125,2.63085
-3.12652587890625,2.6309
-3.01483154296875,2.63095
-2.9443359375,2.6310000000000002
-2.889404296875,2.63105
-2.9010009765625,2.6311
-3.06793212890625,2.63115
-3.2135009765625,2.6312
-3.11126708984375,2.63125
-2.801513671875,2.6313
-3.1103515625,2.63135
-3.1219482421875,2.6314
-3.03192138671875,2.63145
-3.0078125,2.6315
-2.78900146484375,2.63155
-2.99224853515625,2.6316
-3.02520751953125,2.63165
-2.86773681640625,2.6317
-3.09814453125,2.63175
-2.92999267578125,2.6318
-3.0206298828125,2.63185
-3.3404541015625,2.6319
-2.85400390625,2.6319500000000002
-3.0450439453125,2.632
-3.65692138671875,2.63205
-3.55743408203125,2.6321
-3.349609375,2.63215
-3.36029052734375,2.6322
-3.59771728515625,2.63225
-3.18115234375,2.6323
-3.39569091796875,2.63235
-3.38897705078125,2.6324
-3.25653076171875,2.63245
-3.03497314453125,2.6325
-3.20556640625,2.63255
-3.30657958984375,2.6326
-3.24676513671875,2.63265
-3.30230712890625,2.6327
-3.49273681640625,2.63275
-3.1207275390625,2.6328
-3.49365234375,2.63285
-3.4490966796875,2.6329000000000002
-3.2666015625,2.63295
-3.463134765625,2.633
-3.39630126953125,2.63305
-3.32855224609375,2.6331
-3.3380126953125,2.63315
-2.960205078125,2.6332
-3.30108642578125,2.63325
-3.06793212890625,2.6333
-2.52105712890625,2.63335
-3.21380615234375,2.6334
-2.96966552734375,2.63345
-2.98065185546875,2.6335
-2.9290771484375,2.63355
-2.85369873046875,2.6336
-2.67578125,2.63365
-2.99072265625,2.6337
-3.0120849609375,2.63375
-3.03497314453125,2.6338
-2.8558349609375,2.6338500000000002
-2.70294189453125,2.6339
-2.76763916015625,2.63395
-2.8680419921875,2.634
-2.8326416015625,2.6340500000000002
-3.08074951171875,2.6341
-2.66693115234375,2.63415
-2.87078857421875,2.6342
-3.13812255859375,2.63425
-2.93548583984375,2.6343
-2.958984375,2.63435
-3.18634033203125,2.6344
-2.5634765625,2.63445
-2.8167724609375,2.6345
-2.98095703125,2.63455
-2.7923583984375,2.6346
-2.75543212890625,2.63465
-2.8509521484375,2.6347
-3.03741455078125,2.63475
-2.918701171875,2.6348
-2.84942626953125,2.63485
-2.96417236328125,2.6349
-3.082275390625,2.63495
-2.88970947265625,2.6350000000000002
-2.9559326171875,2.63505
-2.91107177734375,2.6351
-2.7081298828125,2.63515
-3.13018798828125,2.6352
-3.367919921875,2.63525
-3.013916015625,2.6353
-3.0517578125,2.63535
-3.0450439453125,2.6354
-3.03985595703125,2.63545
-3.1195068359375,2.6355
-3.07647705078125,2.63555
-3.006591796875,2.6356
-2.86773681640625,2.63565
-3.25225830078125,2.6357
-3.270263671875,2.63575
-2.99896240234375,2.6358
-3.00750732421875,2.63585
-3.260498046875,2.6359
-3.0157470703125,2.6359500000000002
-3.0804443359375,2.636
-2.97332763671875,2.63605
-3.1280517578125,2.6361
-3.07647705078125,2.63615
-3.2708740234375,2.6362
-3.21746826171875,2.63625
-3.33984375,2.6363
-3.11859130859375,2.63635
-2.96051025390625,2.6364
-2.8826904296875,2.63645
-2.52777099609375,2.6365
-2.9962158203125,2.63655
-2.85797119140625,2.6366
-2.77313232421875,2.63665
-2.61444091796875,2.6367
-2.76702880859375,2.63675
-2.66357421875,2.6368
-2.919921875,2.63685
-2.96905517578125,2.6369000000000002
-2.85369873046875,2.63695
-2.58148193359375,2.637
-2.9119873046875,2.63705
-2.8924560546875,2.6371
-3.16925048828125,2.63715
-2.841796875,2.6372
-3.20068359375,2.63725
-3.00537109375,2.6373
-3.0169677734375,2.63735
-3.16558837890625,2.6374
-2.9742431640625,2.63745
-2.78839111328125,2.6375
-2.93304443359375,2.63755
-2.7777099609375,2.6376
-3.01025390625,2.63765
-3.04168701171875,2.6377
-2.93121337890625,2.63775
-2.93365478515625,2.6378
-2.8228759765625,2.63785
-2.81646728515625,2.6379
-3.06427001953125,2.63795
-2.939453125,2.638
-3.04473876953125,2.6380500000000002
-3.12408447265625,2.6381
-2.98095703125,2.63815
-3.06793212890625,2.6382
-3.10516357421875,2.63825
-3.02825927734375,2.6383
-2.994384765625,2.63835
-3.19091796875,2.6384
-3.02581787109375,2.63845
-2.8271484375,2.6385
-3.0584716796875,2.63855
-3.0657958984375,2.6386
-2.884521484375,2.63865
-3.1158447265625,2.6387
-3.16192626953125,2.63875
-3.2525634765625,2.6388
-3.3453369140625,2.63885
-3.4039306640625,2.6389
-3.42559814453125,2.63895
-3.04412841796875,2.6390000000000002
-3.621826171875,2.63905
-3.2501220703125,2.6391
-3.06549072265625,2.63915
-3.1976318359375,2.6392
-3.40057373046875,2.63925
-2.9461669921875,2.6393
-3.070068359375,2.63935
-3.18695068359375,2.6394
-3.42437744140625,2.63945
-3.15460205078125,2.6395
-3.0621337890625,2.63955
-3.243408203125,2.6396
-3.2177734375,2.63965
-3.499755859375,2.6397
-3.50433349609375,2.63975
-3.47564697265625,2.6398
-2.86834716796875,2.63985
-3.03924560546875,2.6399
-3.153076171875,2.6399500000000002
-3.2879638671875,2.64
-3.00537109375,2.64005
-3.1561279296875,2.6401
-2.83966064453125,2.64015
-3.167724609375,2.6402
-2.97576904296875,2.64025
-2.99530029296875,2.6403
-2.92205810546875,2.64035
-3.2025146484375,2.6404
-2.998046875,2.64045
-3.1640625,2.6405
-2.99407958984375,2.64055
-3.15338134765625,2.6406
-2.94342041015625,2.64065
-3.30718994140625,2.6407
-3.10028076171875,2.64075
-3.11798095703125,2.6408
-3.2672119140625,2.64085
-3.131103515625,2.6409000000000002
-3.3251953125,2.64095
-3.01849365234375,2.641
-2.87445068359375,2.64105
-3.2427978515625,2.6411000000000002
-3.13446044921875,2.64115
-3.30535888671875,2.6412
-3.17291259765625,2.64125
-2.928466796875,2.6413
-3.3489990234375,2.64135
-3.39752197265625,2.6414
-3.38958740234375,2.64145
-3.2061767578125,2.6415
-3.52569580078125,2.64155
-3.39111328125,2.6416
-3.37982177734375,2.64165
-3.50494384765625,2.6417
-3.5003662109375,2.64175
-3.26202392578125,2.6418
-3.27667236328125,2.64185
-3.3331298828125,2.6419
-3.245849609375,2.64195
-3.30780029296875,2.642
-3.36212158203125,2.6420500000000002
-3.28369140625,2.6421
-3.10882568359375,2.64215
-3.408203125,2.6422
-3.52081298828125,2.64225
-3.39080810546875,2.6423
-3.36822509765625,2.64235
-3.36456298828125,2.6424
-3.24310302734375,2.64245
-3.1939697265625,2.6425
-3.4051513671875,2.64255
-3.53790283203125,2.6426
-3.2708740234375,2.64265
-3.31268310546875,2.6427
-2.88330078125,2.64275
-3.2769775390625,2.6428
-3.2318115234375,2.64285
-3.21807861328125,2.6429
-2.94677734375,2.64295
-2.77618408203125,2.6430000000000002
-3.21624755859375,2.64305
-3.24676513671875,2.6431
-2.9498291015625,2.64315
-2.93182373046875,2.6432
-3.16650390625,2.64325
-2.808837890625,2.6433
-3.1842041015625,2.64335
-2.9779052734375,2.6434
-3.07373046875,2.64345
-2.95196533203125,2.6435
-3.40484619140625,2.64355
-2.9571533203125,2.6436
-3.331298828125,2.64365
-3.37432861328125,2.6437
-3.2305908203125,2.64375
-3.345947265625,2.6438
-3.05450439453125,2.64385
-2.82684326171875,2.6439
-3.01849365234375,2.6439500000000002
-2.945556640625,2.644
-3.18511962890625,2.64405
-3.22601318359375,2.6441
-2.71270751953125,2.6441500000000002
-3.19671630859375,2.6442
-3.13201904296875,2.64425
-3.3123779296875,2.6443
-3.5369873046875,2.64435
-3.37677001953125,2.6444
-3.22479248046875,2.64445
-3.817138671875,2.6445
-3.79638671875,2.64455
-3.71795654296875,2.6446
-3.55377197265625,2.64465
-3.90625,2.6447
-3.54705810546875,2.64475
-3.5382080078125,2.6448
-3.70941162109375,2.64485
-3.8128662109375,2.6449
-3.53302001953125,2.64495
-3.81866455078125,2.645
-3.9398193359375,2.64505
-3.81011962890625,2.6451000000000002
-3.85955810546875,2.64515
-4.0228271484375,2.6452
-3.32550048828125,2.64525
-3.641357421875,2.6453
-3.75640869140625,2.64535
-3.935546875,2.6454
-4.01519775390625,2.64545
-3.81622314453125,2.6455
-3.743896484375,2.64555
-3.6541748046875,2.6456
-3.59832763671875,2.64565
-3.63983154296875,2.6457
-3.746337890625,2.64575
-3.3502197265625,2.6458
-3.465576171875,2.64585
-3.3306884765625,2.6459
-3.50738525390625,2.64595
-3.33770751953125,2.646
-3.47991943359375,2.6460500000000002
-3.1304931640625,2.6461
-3.32275390625,2.64615
-3.3416748046875,2.6462
-3.1622314453125,2.64625
-3.0059814453125,2.6463
-3.13995361328125,2.64635
-2.8521728515625,2.6464
-2.6361083984375,2.64645
-3.24188232421875,2.6465
-2.93731689453125,2.64655
-3.094482421875,2.6466
-2.816162109375,2.64665
-3.19610595703125,2.6467
-3.08807373046875,2.64675
-3.39691162109375,2.6468
-3.3807373046875,2.64685
-3.372802734375,2.6469
-3.56353759765625,2.64695
-3.46466064453125,2.6470000000000002
-3.42681884765625,2.64705
-3.44268798828125,2.6471
-3.65966796875,2.64715
-3.62884521484375,2.6472
-3.23944091796875,2.64725
-3.02642822265625,2.6473
-3.57818603515625,2.64735
-3.34991455078125,2.6474
-3.25897216796875,2.64745
-3.06610107421875,2.6475
-3.34320068359375,2.64755
-2.96295166015625,2.6476
-3.34320068359375,2.64765
-3.23089599609375,2.6477
-3.2708740234375,2.64775
-2.65350341796875,2.6478
-3.10272216796875,2.64785
-2.82379150390625,2.6479
-3.02764892578125,2.6479500000000002
-2.803955078125,2.648
-2.880859375,2.64805
-2.6141357421875,2.6481
-2.7935791015625,2.6481500000000002
-2.7471923828125,2.6482
-2.81219482421875,2.64825
-2.85064697265625,2.6483
-2.867431640625,2.64835
-2.4664306640625,2.6484
-2.72979736328125,2.64845
-2.60040283203125,2.6485
-2.62939453125,2.64855
-2.8363037109375,2.6486
-2.68035888671875,2.64865
-2.63214111328125,2.6487
-2.78839111328125,2.64875
-2.89031982421875,2.6488
-2.8314208984375,2.64885
-2.9241943359375,2.6489
-2.59674072265625,2.64895
-2.803955078125,2.649
-2.740478515625,2.64905
-2.6885986328125,2.6491000000000002
-2.65228271484375,2.64915
-2.73895263671875,2.6492
-2.72705078125,2.64925
-2.70843505859375,2.6493
-2.80517578125,2.64935
-2.7215576171875,2.6494
-2.6947021484375,2.64945
-2.957763671875,2.6495
-2.64068603515625,2.64955
-3.0609130859375,2.6496
-3.177490234375,2.64965
-2.95135498046875,2.6497
-2.86224365234375,2.64975
-2.80853271484375,2.6498
-2.97027587890625,2.64985
-2.54302978515625,2.6499
-2.8582763671875,2.64995
-2.93701171875,2.65
-2.80914306640625,2.65005
-2.6904296875,2.6501
-2.8961181640625,2.65015
-2.97821044921875,2.6502
-3.2708740234375,2.6502499999999998
-3.0633544921875,2.6503
-3.1329345703125,2.65035
-3.08258056640625,2.6504
-3.09844970703125,2.6504499999999998
-3.44482421875,2.6505
-3.2080078125,2.65055
-3.16253662109375,2.6506
-3.01666259765625,2.6506499999999997
-3.0609130859375,2.6507
-2.87872314453125,2.65075
-3.20404052734375,2.6508
-3.03070068359375,2.6508499999999997
-3.0084228515625,2.6509
-2.79083251953125,2.65095
-3.165283203125,2.651
-3.0517578125,2.65105
-3.310546875,2.6511
-3.39752197265625,2.65115
-3.29681396484375,2.6512
-3.20281982421875,2.65125
-3.394775390625,2.6513
-3.22265625,2.65135
-3.41766357421875,2.6513999999999998
-3.3355712890625,2.65145
-3.29864501953125,2.6515
-2.96112060546875,2.65155
-2.9791259765625,2.6515999999999997
-3.10028076171875,2.65165
-2.98919677734375,2.6517
-3.1024169921875,2.65175
-2.7685546875,2.6517999999999997
-2.88726806640625,2.65185
-3.03680419921875,2.6519
-2.95440673828125,2.65195
-2.79144287109375,2.6519999999999997
-2.85919189453125,2.65205
-2.9388427734375,2.6521
-3.23974609375,2.65215
-3.20098876953125,2.6522
-3.035888671875,2.65225
-2.88543701171875,2.6523
-3.038330078125,2.6523499999999998
-2.81646728515625,2.6524
-2.89276123046875,2.65245
-2.83233642578125,2.6525
-2.835693359375,2.6525499999999997
-2.62481689453125,2.6526
-2.9736328125,2.65265
-2.64434814453125,2.6527
-2.7239990234375,2.6527499999999997
-3.2562255859375,2.6528
-3.2562255859375,2.65285
-2.94097900390625,2.6529
-2.97760009765625,2.6529499999999997
-2.99896240234375,2.653
-2.822265625,2.65305
-3.05511474609375,2.6531
-2.99102783203125,2.65315
-2.87933349609375,2.6532
-2.83355712890625,2.65325
-2.9083251953125,2.6532999999999998
-2.90496826171875,2.65335
-3.0157470703125,2.6534
-3.07464599609375,2.65345
-3.08563232421875,2.6534999999999997
-2.76214599609375,2.65355
-3.07952880859375,2.6536
-3.19793701171875,2.65365
-3.00384521484375,2.6536999999999997
-3.03619384765625,2.65375
-3.0755615234375,2.6538
-3.094482421875,2.65385
-2.996826171875,2.6538999999999997
-2.9217529296875,2.65395
-3.0096435546875,2.654
-2.860107421875,2.65405
-2.4993896484375,2.6541
-3.0316162109375,2.65415
-2.97576904296875,2.6542
-2.9876708984375,2.6542499999999998
-3.1988525390625,2.6543
-3.0865478515625,2.65435
-3.172607421875,2.6544
-3.42926025390625,2.6544499999999998
-3.25164794921875,2.6545
-3.3416748046875,2.65455
-3.18206787109375,2.6546
-3.22967529296875,2.6546499999999997
-3.05145263671875,2.6547
-3.41156005859375,2.65475
-3.1719970703125,2.6548
-3.18511962890625,2.6548499999999997
-3.16253662109375,2.6549
-2.9925537109375,2.65495
-3.2696533203125,2.655
-3.2421875,2.65505
-3.20770263671875,2.6551
-3.37646484375,2.65515
-2.87445068359375,2.6552
-3.0389404296875,2.65525
-3.5693359375,2.6553
-3.16802978515625,2.65535
-3.13385009765625,2.6553999999999998
-3.0584716796875,2.65545
-3.12103271484375,2.6555
-3.265380859375,2.65555
-3.04351806640625,2.6555999999999997
-3.28643798828125,2.65565
-3.25775146484375,2.6557
-3.01849365234375,2.65575
-3.36639404296875,2.6557999999999997
-3.02734375,2.65585
-3.05816650390625,2.6559
-3.3642578125,2.65595
-3.48175048828125,2.6559999999999997
-3.15582275390625,2.65605
-3.31634521484375,2.6561
-3.394775390625,2.65615
-3.2489013671875,2.6562
-3.3740234375,2.65625
-3.25897216796875,2.6563
-2.8887939453125,2.6563499999999998
-2.977294921875,2.6564
-2.998046875,2.65645
-3.0706787109375,2.6565
-3.0914306640625,2.6565499999999997
-3.05633544921875,2.6566
-3.4332275390625,2.65665
-3.15093994140625,2.6567
-3.167724609375,2.6567499999999997
-3.31329345703125,2.6568
-3.253173828125,2.65685
-2.97607421875,2.6569
-3.47900390625,2.6569499999999997
-3.1329345703125,2.657
-3.284912109375,2.65705
-2.969970703125,2.6571
-3.20709228515625,2.65715
-3.01055908203125,2.6572
-2.56317138671875,2.65725
-3.2415771484375,2.6572999999999998
-3.243408203125,2.65735
-2.999267578125,2.6574
-2.8936767578125,2.65745
-3.09814453125,2.6574999999999998
-3.18145751953125,2.65755
-3.44207763671875,2.6576
-3.46466064453125,2.65765
-3.231201171875,2.6576999999999997
-3.00567626953125,2.65775
-3.21868896484375,2.6578
-3.345947265625,2.65785
-3.38348388671875,2.6578999999999997
-3.25836181640625,2.65795
-3.3270263671875,2.658
-3.1292724609375,2.65805
-3.0108642578125,2.6581
-3.5235595703125,2.65815
-3.26629638671875,2.6582
-2.7923583984375,2.65825
-3.2818603515625,2.6583
-3.00445556640625,2.65835
-3.0169677734375,2.6584
-3.31451416015625,2.6584499999999998
-3.0853271484375,2.6585
-2.889404296875,2.65855
-3.13720703125,2.6586
-3.01116943359375,2.6586499999999997
-3.0511474609375,2.6587
-3.280029296875,2.65875
-3.30718994140625,2.6588
-3.1951904296875,2.6588499999999997
-2.99285888671875,2.6589
-3.00933837890625,2.65895
-3.1329345703125,2.659
-3.0242919921875,2.6590499999999997
-2.98370361328125,2.6591
-3.2086181640625,2.65915
-3.0615234375,2.6592
-3.0035400390625,2.65925
-3.00872802734375,2.6593
-2.94830322265625,2.65935
-3.06793212890625,2.6593999999999998
-3.22174072265625,2.65945
-3.13232421875,2.6595
-3.3001708984375,2.65955
-2.9608154296875,2.6595999999999997
-3.3221435546875,2.65965
-3.11859130859375,2.6597
-2.87017822265625,2.65975
-3.2293701171875,2.6597999999999997
-2.88299560546875,2.65985
-2.869873046875,2.6599
-2.777099609375,2.65995
-2.921142578125,2.6599999999999997
-2.667236328125,2.66005
-2.99530029296875,2.6601
-3.145751953125,2.66015
-3.216552734375,2.6602
-2.96844482421875,2.66025
-3.06427001953125,2.6603
-2.87750244140625,2.6603499999999998
-2.8973388671875,2.6604
-3.12469482421875,2.66045
-3.11798095703125,2.6605
-2.96661376953125,2.6605499999999997
-2.78350830078125,2.6606
-2.85064697265625,2.66065
-2.80242919921875,2.6607
-2.8900146484375,2.6607499999999997
-2.9339599609375,2.6608
-2.642822265625,2.66085
-2.5787353515625,2.6609
-2.930908203125,2.6609499999999997
-2.9107666015625,2.661
-3.00567626953125,2.66105
-2.7618408203125,2.6611
-2.958984375,2.66115
-3.06732177734375,2.6612
-2.85003662109375,2.66125
-2.92877197265625,2.6612999999999998
-2.82257080078125,2.66135
-2.5628662109375,2.6614
-2.791748046875,2.66145
-2.716064453125,2.6614999999999998
-2.706298828125,2.66155
-2.833251953125,2.6616
-2.904052734375,2.66165
-2.77374267578125,2.6616999999999997
-2.68829345703125,2.66175
-2.87933349609375,2.6618
-2.7996826171875,2.66185
-2.87811279296875,2.6618999999999997
-2.94952392578125,2.66195
-2.88360595703125,2.662
-2.91656494140625,2.66205
-3.22052001953125,2.6621
-3.271484375,2.66215
-2.982177734375,2.6622
-2.90496826171875,2.66225
-3.01300048828125,2.6623
-2.86376953125,2.66235
-2.9046630859375,2.6624
-2.84393310546875,2.6624499999999998
-2.906494140625,2.6625
-2.8680419921875,2.66255
-2.85888671875,2.6626
-2.9400634765625,2.6626499999999997
-2.91900634765625,2.6627
-2.8741455078125,2.66275
-3.18634033203125,2.6628
-3.09295654296875,2.6628499999999997
-2.98095703125,2.6629
-3.53546142578125,2.66295
-3.2916259765625,2.663
-3.1024169921875,2.6630499999999997
-3.0108642578125,2.6631
-3.26568603515625,2.66315
-2.8570556640625,2.6632
-3.08258056640625,2.66325
-3.106689453125,2.6633
-3.2391357421875,2.66335
-3.02520751953125,2.6633999999999998
-2.9461669921875,2.66345
-3.1890869140625,2.6635
-3.24310302734375,2.66355
-3.2818603515625,2.6635999999999997
-3.41156005859375,2.66365
-3.14208984375,2.6637
-3.03131103515625,2.66375
-3.1646728515625,2.6637999999999997
-3.23150634765625,2.66385
-3.22601318359375,2.6639
-3.0865478515625,2.66395
-3.05023193359375,2.6639999999999997
-2.9736328125,2.66405
-2.91900634765625,2.6641
-3.17779541015625,2.66415
-3.031005859375,2.6642
-2.69866943359375,2.66425
-3.1292724609375,2.6643
-2.87261962890625,2.6643499999999998
-3.13995361328125,2.6644
-2.94647216796875,2.66445
-3.05419921875,2.6645
-2.99560546875,2.6645499999999998
-3.2586669921875,2.6646
-3.08502197265625,2.66465
-3.23822021484375,2.6647
-2.99285888671875,2.6647499999999997
-3.07586669921875,2.6648
-3.197021484375,2.66485
-2.8814697265625,2.6649
-2.99163818359375,2.6649499999999997
-3.1884765625,2.665
-2.9833984375,2.66505
-3.092041015625,2.6651
-2.83111572265625,2.66515
-2.82989501953125,2.6652
-3.3160400390625,2.66525
-3.3294677734375,2.6653
-2.90496826171875,2.66535
-3.0291748046875,2.6654
-3.3966064453125,2.66545
-3.39141845703125,2.6654999999999998
-3.3551025390625,2.66555
-2.89764404296875,2.6656
-3.28338623046875,2.66565
-3.09417724609375,2.6656999999999997
-2.97454833984375,2.66575
-3.089599609375,2.6658
-3.29071044921875,2.66585
-3.13232421875,2.6658999999999997
-3.3880615234375,2.66595
-3.1036376953125,2.666
-3.19183349609375,2.66605
-3.45489501953125,2.6660999999999997
-3.52630615234375,2.66615
-3.3062744140625,2.6662
-3.36944580078125,2.66625
-3.193359375,2.6663
-3.20281982421875,2.66635
-3.00445556640625,2.6664
-3.251953125,2.6664499999999998
-3.228759765625,2.6665
-2.79052734375,2.66655
-3.0133056640625,2.6666
-2.8302001953125,2.6666499999999997
-3.14422607421875,2.6667
-2.87445068359375,2.66675
-3.1500244140625,2.6668
-2.94281005859375,2.6668499999999997
-3.15399169921875,2.6669
-3.33404541015625,2.66695
-3.46588134765625,2.667
-3.1329345703125,2.6670499999999997
-3.212890625,2.6671
-3.18572998046875,2.66715
-2.90069580078125,2.6672
-3.22021484375,2.66725
-2.828369140625,2.6673
-3.2611083984375,2.66735
-2.84912109375,2.6673999999999998
-3.21929931640625,2.66745
-3.21990966796875,2.6675
-3.36639404296875,2.66755
-3.1695556640625,2.6675999999999997
-3.16986083984375,2.66765
-3.0584716796875,2.6677
-3.24371337890625,2.66775
-3.2073974609375,2.6677999999999997
-3.3447265625,2.66785
-3.05450439453125,2.6679
-3.20281982421875,2.66795
-3.170166015625,2.6679999999999997
-2.8790283203125,2.66805
-3.26873779296875,2.6681
-3.03375244140625,2.66815
-2.7203369140625,2.6682
-2.80670166015625,2.66825
-2.84088134765625,2.6683
-2.76031494140625,2.6683499999999998
-3.02642822265625,2.6684
-2.8955078125,2.66845
-2.738037109375,2.6685
-2.72552490234375,2.6685499999999998
-2.84576416015625,2.6686
-2.82928466796875,2.66865
-2.740478515625,2.6687
-2.72552490234375,2.6687499999999997
-2.9608154296875,2.6688
-2.60589599609375,2.66885
-2.9364013671875,2.6689
-2.97515869140625,2.6689499999999997
-3.1365966796875,2.669
-2.777099609375,2.66905
-2.96661376953125,2.6691
-2.6092529296875,2.66915
-2.928466796875,2.6692
-2.84027099609375,2.66925
-2.9705810546875,2.6693
-3.04962158203125,2.66935
-2.90985107421875,2.6694
-2.97760009765625,2.66945
-3.3245849609375,2.6694999999999998
-3.26263427734375,2.66955
-3.23516845703125,2.6696
-3.23577880859375,2.66965
-2.89520263671875,2.6696999999999997
-3.39202880859375,2.66975
-3.6114501953125,2.6698
-3.35418701171875,2.66985
-3.15399169921875,2.6698999999999997
-3.609619140625,2.66995
-3.2781982421875,2.67
-3.45458984375,2.67005
-3.53607177734375,2.6700999999999997
-3.50738525390625,2.67015
-3.385009765625,2.6702
-3.32061767578125,2.67025
-3.35845947265625,2.6703
-3.48236083984375,2.67035
-3.4722900390625,2.6704
-3.35235595703125,2.6704499999999998
-3.18817138671875,2.6705
-3.0902099609375,2.67055
-3.2269287109375,2.6706
-3.179931640625,2.6706499999999997
-3.03497314453125,2.6707
-3.02337646484375,2.67075
-2.82073974609375,2.6708
-2.94525146484375,2.6708499999999997
-2.7960205078125,2.6709
-2.6824951171875,2.67095
-2.8826904296875,2.671
-2.66448974609375,2.6710499999999997
-2.56134033203125,2.6711
-2.3150634765625,2.67115
-2.576904296875,2.6712
-2.7655029296875,2.67125
-2.554931640625,2.6713
-2.4530029296875,2.67135
-2.58697509765625,2.6713999999999998
-2.69500732421875,2.67145
-2.65167236328125,2.6715
-2.46368408203125,2.67155
-2.71820068359375,2.6715999999999998
-2.6348876953125,2.67165
-2.4169921875,2.6717
-2.880859375,2.67175
-2.46246337890625,2.6717999999999997
-2.9376220703125,2.67185
-2.9217529296875,2.6719
-2.98126220703125,2.67195
-3.1939697265625,2.6719999999999997
-3.3251953125,2.67205
-3.48175048828125,2.6721
-3.4942626953125,2.67215
-3.29010009765625,2.6722
-3.56964111328125,2.67225
-3.3819580078125,2.6723
-3.5223388671875,2.67235
-3.34716796875,2.6724
-3.52447509765625,2.67245
-3.04443359375,2.6725
-2.962646484375,2.6725499999999998
-3.14208984375,2.6726
-3.216552734375,2.67265
-2.969970703125,2.6727
-3.05145263671875,2.6727499999999997
-3.10882568359375,2.6728
-3.045654296875,2.67285
-3.306884765625,2.6729
-3.2080078125,2.6729499999999997
-3.037109375,2.673
-2.68280029296875,2.67305
-3.031005859375,2.6731
-2.645263671875,2.6731499999999997
-2.66082763671875,2.6732
-2.8839111328125,2.67325
-2.779541015625,2.6733
-2.769775390625,2.67335
-3.052978515625,2.6734
-2.7935791015625,2.67345
-3.08990478515625,2.6734999999999998
-3.1402587890625,2.67355
-3.23089599609375,2.6736
-2.9119873046875,2.67365
-3.28460693359375,2.6736999999999997
-3.07464599609375,2.67375
-3.02947998046875,2.6738
-3.36944580078125,2.67385
-3.2928466796875,2.6738999999999997
-3.19488525390625,2.67395
-3.02581787109375,2.674
-3.46893310546875,2.67405
-3.55010986328125,2.6740999999999997
-3.21319580078125,2.67415
-3.3258056640625,2.6742
-3.416748046875,2.67425
-3.54095458984375,2.6743
-3.6138916015625,2.67435
-3.509521484375,2.6744
-3.409423828125,2.6744499999999998
-3.39324951171875,2.6745
-3.3245849609375,2.67455
-3.336181640625,2.6746
-3.08685302734375,2.6746499999999997
-3.13812255859375,2.6747
-3.23272705078125,2.67475
-3.08135986328125,2.6748
-3.145751953125,2.6748499999999997
-3.4698486328125,2.6749
-3.37432861328125,2.67495
-3.345947265625,2.675
-3.3929443359375,2.6750499999999997
-3.3123779296875,2.6751
-3.291015625,2.67515
-3.489990234375,2.6752
-3.455810546875,2.6752499999999997
-3.39508056640625,2.6753
-3.34136962890625,2.67535
-3.08441162109375,2.6754
-3.07037353515625,2.6754499999999997
-3.20953369140625,2.6755
-2.8857421875,2.67555
-3.21258544921875,2.6755999999999998
-2.81707763671875,2.6756499999999996
-2.84210205078125,2.6757
-3.20068359375,2.67575
-3.23516845703125,2.6757999999999997
-3.0865478515625,2.67585
-3.0621337890625,2.6759
-3.1304931640625,2.67595
-3.184814453125,2.6759999999999997
-3.502197265625,2.67605
-3.24066162109375,2.6761
-3.25347900390625,2.67615
-3.05694580078125,2.6761999999999997
-3.36456298828125,2.67625
-3.045654296875,2.6763
-3.36212158203125,2.67635
-3.18084716796875,2.6763999999999997
-3.2476806640625,2.67645
-2.9522705078125,2.6765
-3.18939208984375,2.6765499999999998
-2.97943115234375,2.6765999999999996
-3.27972412109375,2.67665
-3.43505859375,2.6767
-3.65234375,2.6767499999999997
-3.1500244140625,2.6768
-3.56719970703125,2.67685
-3.38531494140625,2.6769
-3.48052978515625,2.6769499999999997
-3.35052490234375,2.677
-3.00933837890625,2.67705
-3.023681640625,2.6771
-3.0975341796875,2.6771499999999997
-2.99652099609375,2.6772
-2.987060546875,2.67725
-3.17901611328125,2.6773
-2.87567138671875,2.6773499999999997
-3.3734130859375,2.6774
-3.12774658203125,2.67745
-3.26568603515625,2.6774999999999998
-3.25531005859375,2.6775499999999997
-3.331298828125,2.6776
-3.087158203125,2.67765
-3.47991943359375,2.6776999999999997
-3.3428955078125,2.6777499999999996
-3.199462890625,2.6778
-3.26019287109375,2.67785
-3.18939208984375,2.6778999999999997
-2.8497314453125,2.67795
-2.9376220703125,2.678
-3.15643310546875,2.67805
-3.0828857421875,2.6780999999999997
-2.9827880859375,2.67815
-2.98095703125,2.6782
-2.91961669921875,2.67825
-2.79266357421875,2.6782999999999997
-3.2366943359375,2.67835
-3.21990966796875,2.6784
-2.79388427734375,2.6784499999999998
-2.518310546875,2.6784999999999997
-2.91595458984375,2.67855
-3.02154541015625,2.6786
-2.97607421875,2.6786499999999998
-2.877197265625,2.6786999999999996
-2.97454833984375,2.67875
-3.1781005859375,2.6788
-2.89642333984375,2.6788499999999997
-3.1109619140625,2.6789
-3.15643310546875,2.67895
-3.10546875,2.679
-3.0584716796875,2.6790499999999997
-2.95166015625,2.6791
-2.955322265625,2.67915
-3.22113037109375,2.6792
-2.8594970703125,2.6792499999999997
-2.7288818359375,2.6793
-2.96630859375,2.67935
-2.79052734375,2.6794
-2.94097900390625,2.6794499999999997
-2.9229736328125,2.6795
-2.9931640625,2.67955
-2.7880859375,2.6795999999999998
-2.51708984375,2.6796499999999996
-3.00537109375,2.6797
-2.7301025390625,2.67975
-3.03314208984375,2.6797999999999997
-2.88970947265625,2.67985
-3.111572265625,2.6799
-2.78778076171875,2.67995
-3.14422607421875,2.6799999999999997
-3.17413330078125,2.68005
-3.14239501953125,2.6801
-3.067626953125,2.68015
-3.18695068359375,2.6801999999999997
-3.209228515625,2.68025
-3.4521484375,2.6803
-3.2275390625,2.68035
-3.052978515625,2.6803999999999997
-2.95806884765625,2.68045
-2.64739990234375,2.6805
-3.2427978515625,2.6805499999999998
-2.90130615234375,2.6805999999999996
-2.82562255859375,2.68065
-3.00445556640625,2.6807
-3.2147216796875,2.6807499999999997
-2.78045654296875,2.6807999999999996
-3.38104248046875,2.68085
-3.21563720703125,2.6809
-3.18603515625,2.6809499999999997
-3.13690185546875,2.681
-3.21929931640625,2.68105
-3.12957763671875,2.6811
-3.07220458984375,2.6811499999999997
-3.597412109375,2.6812
-3.62457275390625,2.68125
-3.35601806640625,2.6813
-3.1610107421875,2.6813499999999997
-3.3685302734375,2.6814
-3.34869384765625,2.68145
-3.3538818359375,2.6814999999999998
-3.38470458984375,2.6815499999999997
-3.240966796875,2.6816
-3.3013916015625,2.68165
-3.65814208984375,2.6816999999999998
-3.52996826171875,2.6817499999999996
-3.3514404296875,2.6818
-3.35784912109375,2.68185
-3.60076904296875,2.6818999999999997
-3.46649169921875,2.68195
-3.26629638671875,2.682
-3.60443115234375,2.68205
-3.48297119140625,2.6820999999999997
-3.1390380859375,2.68215
-3.492431640625,2.6822
-3.2781982421875,2.68225
-3.19244384765625,2.6822999999999997
-3.3203125,2.68235
-3.34716796875,2.6824
-2.96051025390625,2.68245
-2.982177734375,2.6824999999999997
-3.0401611328125,2.68255
-3.01910400390625,2.6826
-3.2672119140625,2.6826499999999998
-3.26202392578125,2.6826999999999996
-3.08349609375,2.68275
-3.08807373046875,2.6828
-3.3740234375,2.6828499999999997
-3.212890625,2.6829
-3.13018798828125,2.68295
-2.75360107421875,2.683
-3.06732177734375,2.6830499999999997
-2.76153564453125,2.6831
-3.07769775390625,2.68315
-3.03619384765625,2.6832
-2.8472900390625,2.6832499999999997
-3.0352783203125,2.6833
-2.9693603515625,2.68335
-2.96112060546875,2.6834
-3.18939208984375,2.6834499999999997
-3.02978515625,2.6835
-3.11492919921875,2.68355
-2.8521728515625,2.6835999999999998
-2.94708251953125,2.6836499999999996
-3.37677001953125,2.6837
-2.8887939453125,2.68375
-2.861328125,2.6837999999999997
-2.85797119140625,2.68385
-2.91412353515625,2.6839
-2.657470703125,2.68395
-2.8533935546875,2.6839999999999997
-2.96051025390625,2.68405
-2.81036376953125,2.6841
-2.84759521484375,2.68415
-3.16986083984375,2.6841999999999997
-2.7789306640625,2.68425
-3.17169189453125,2.6843
-3.21533203125,2.68435
-3.4356689453125,2.6843999999999997
-2.84332275390625,2.68445
-2.955322265625,2.6845
-3.170166015625,2.6845499999999998
-3.125,2.6845999999999997
-2.9034423828125,2.68465
-3.062744140625,2.6847
-2.8466796875,2.6847499999999997
-2.9473876953125,2.6847999999999996
-3.07891845703125,2.68485
-2.8851318359375,2.6849
-2.98248291015625,2.6849499999999997
-2.79571533203125,2.685
-2.98736572265625,2.68505
-2.9412841796875,2.6851
-2.7117919921875,2.6851499999999997
-2.9833984375,2.6852
-3.0682373046875,2.68525
-2.85247802734375,2.6853
-3.10577392578125,2.6853499999999997
-2.9632568359375,2.6854
-2.94647216796875,2.68545
-2.90771484375,2.6854999999999998
-3.12591552734375,2.6855499999999997
-2.53662109375,2.6856
-2.76763916015625,2.68565
-2.91015625,2.6856999999999998
-2.75390625,2.6857499999999996
-2.921142578125,2.6858
-2.769775390625,2.68585
-2.6513671875,2.6858999999999997
-2.95745849609375,2.68595
-3.1072998046875,2.686
-3.06610107421875,2.68605
-2.80487060546875,2.6860999999999997
-3.01300048828125,2.68615
-3.14239501953125,2.6862
-3.009033203125,2.68625
-2.982177734375,2.6862999999999997
-2.8369140625,2.68635
-2.8009033203125,2.6864
-2.76092529296875,2.68645
-2.735595703125,2.6864999999999997
-2.64434814453125,2.68655
-2.7471923828125,2.6866
-2.6171875,2.6866499999999998
-2.88909912109375,2.6866999999999996
-2.5897216796875,2.68675
-2.70233154296875,2.6868
-3.25714111328125,2.6868499999999997
-3.01422119140625,2.6869
-2.98065185546875,2.68695
-2.77862548828125,2.687
-2.86865234375,2.6870499999999997
-2.51495361328125,2.6871
-3.0938720703125,2.68715
-2.9949951171875,2.6872
-2.85308837890625,2.6872499999999997
-2.7294921875,2.6873
-2.80029296875,2.68735
-2.9193115234375,2.6874
-2.9461669921875,2.6874499999999997
-2.9815673828125,2.6875
-3.087158203125,2.68755
-2.8033447265625,2.6875999999999998
-3.20953369140625,2.6876499999999997
-3.2415771484375,2.6877
-3.16070556640625,2.68775
-3.39752197265625,2.6877999999999997
-3.4014892578125,2.6878499999999996
-3.2635498046875,2.6879
-3.2000732421875,2.68795
-3.057861328125,2.6879999999999997
-3.20556640625,2.68805
-3.17626953125,2.6881
-2.774658203125,2.68815
-3.1781005859375,2.6881999999999997
-2.999267578125,2.68825
-3.12591552734375,2.6883
-3.18511962890625,2.68835
-3.02490234375,2.6883999999999997
-3.00384521484375,2.68845
-3.16314697265625,2.6885
-3.19610595703125,2.6885499999999998
-3.28369140625,2.6885999999999997
-3.11004638671875,2.68865
-3.37310791015625,2.6887
-2.9052734375,2.6887499999999998
-3.17626953125,2.6887999999999996
-3.223876953125,2.68885
-3.21380615234375,2.6889
-3.03558349609375,2.6889499999999997
-3.109130859375,2.689
-3.050537109375,2.68905
-3.0938720703125,2.6891
-3.1878662109375,2.6891499999999997
-3.28887939453125,2.6892
-3.001708984375,2.68925
-3.1292724609375,2.6893
-3.29071044921875,2.6893499999999997
-3.277587890625,2.6894
-3.28857421875,2.68945
-3.30535888671875,2.6895
-3.38409423828125,2.6895499999999997
-3.18145751953125,2.6896
-3.138427734375,2.68965
-3.1805419921875,2.6896999999999998
-3.333740234375,2.6897499999999996
-3.16314697265625,2.6898
-3.14666748046875,2.68985
-2.84393310546875,2.6898999999999997
-2.85247802734375,2.68995
-3.3648681640625,2.69
-3.33038330078125,2.69005
-3.16650390625,2.6900999999999997
-3.18328857421875,2.69015
-3.04351806640625,2.6902
-3.16864013671875,2.69025
-3.31329345703125,2.6902999999999997
-3.4283447265625,2.69035
-2.969970703125,2.6904
-2.8289794921875,2.69045
-3.36883544921875,2.6904999999999997
-3.3831787109375,2.69055
-3.13232421875,2.6906
-3.18572998046875,2.6906499999999998
-3.45794677734375,2.6906999999999996
-3.05145263671875,2.69075
-3.39080810546875,2.6908
-3.275146484375,2.6908499999999997
-3.2720947265625,2.6909
-3.40118408203125,2.69095
-3.5699462890625,2.691
-3.51593017578125,2.6910499999999997
-3.42437744140625,2.6911
-3.5186767578125,2.69115
-3.343505859375,2.6912
-3.31085205078125,2.6912499999999997
-3.09661865234375,2.6913
-3.416748046875,2.69135
-3.45672607421875,2.6914
-3.4356689453125,2.6914499999999997
-3.47076416015625,2.6915
-3.33526611328125,2.69155
-3.275146484375,2.6915999999999998
-3.597412109375,2.6916499999999997
-3.36273193359375,2.6917
-3.51806640625,2.69175
-3.170166015625,2.6917999999999997
-3.12347412109375,2.6918499999999996
-3.1512451171875,2.6919
-3.36456298828125,2.69195
-3.16497802734375,2.6919999999999997
-3.2684326171875,2.69205
-2.75543212890625,2.6921
-3.01300048828125,2.69215
-2.99713134765625,2.6921999999999997
-2.99346923828125,2.69225
-2.80792236328125,2.6923
-3.15185546875,2.69235
-2.65594482421875,2.6923999999999997
-3.01422119140625,2.69245
-3.006591796875,2.6925
-2.83416748046875,2.6925499999999998
-2.90924072265625,2.6925999999999997
-3.134765625,2.69265
-3.1280517578125,2.6927
-3.08319091796875,2.6927499999999998
-3.13629150390625,2.6927999999999996
-3.197021484375,2.69285
-3.2855224609375,2.6929
-3.0615234375,2.6929499999999997
-3.05389404296875,2.693
-2.85614013671875,2.69305
-2.8570556640625,2.6931
-3.06243896484375,2.6931499999999997
-3.104248046875,2.6932
-2.91900634765625,2.69325
-2.90252685546875,2.6933
-2.86956787109375,2.6933499999999997
-3.20465087890625,2.6934
-2.950439453125,2.69345
-3.12347412109375,2.6935
-2.7899169921875,2.6935499999999997
-3.0267333984375,2.6936
-3.3111572265625,2.69365
-3.150634765625,2.6936999999999998
-3.01849365234375,2.6937499999999996
-3.0804443359375,2.6938
-3.58734130859375,2.69385
-2.95806884765625,2.6938999999999997
-3.27117919921875,2.69395
-3.40850830078125,2.694
-3.50830078125,2.69405
-3.53851318359375,2.6940999999999997
-3.642578125,2.69415
-3.67034912109375,2.6942
-3.87786865234375,2.69425
-3.89923095703125,2.6942999999999997
-3.7200927734375,2.69435
-3.697509765625,2.6944
-3.4259033203125,2.69445
-3.7322998046875,2.6944999999999997
-3.7188720703125,2.69455
-3.712158203125,2.6946
-3.68316650390625,2.6946499999999998
-3.271484375,2.6946999999999997
-3.67889404296875,2.69475
-3.75396728515625,2.6948
-3.54644775390625,2.6948499999999997
-3.58978271484375,2.6948999999999996
-3.4429931640625,2.69495
-3.61328125,2.695
-3.33984375,2.6950499999999997
-3.619384765625,2.6951
-3.52752685546875,2.69515
-3.6328125,2.6952
-3.5980224609375,2.6952499999999997
-3.6334228515625,2.6953
-3.34930419921875,2.69535
-3.32916259765625,2.6954
-3.0340576171875,2.6954499999999997
-3.29376220703125,2.6955
-2.79510498046875,2.69555
-2.89154052734375,2.6955999999999998
-2.95806884765625,2.6956499999999997
-2.64190673828125,2.6957
-2.713623046875,2.69575
-2.9132080078125,2.6957999999999998
-2.66937255859375,2.6958499999999996
-3.01177978515625,2.6959
-3.179931640625,2.69595
-3.13385009765625,2.6959999999999997
-3.09356689453125,2.69605
-3.084716796875,2.6961
-3.12225341796875,2.69615
-2.8851318359375,2.6961999999999997
-3.243408203125,2.69625
-3.310546875,2.6963
-3.280029296875,2.69635
-3.12744140625,2.6963999999999997
-3.1182861328125,2.69645
-3.26019287109375,2.6965
-3.26416015625,2.69655
-3.14697265625,2.6965999999999997
-3.4014892578125,2.69665
-3.2757568359375,2.6967
-3.5369873046875,2.6967499999999998
-3.6114501953125,2.6967999999999996
-3.3807373046875,2.69685
-3.23883056640625,2.6969
-3.084716796875,2.6969499999999997
-3.19122314453125,2.697
-2.84210205078125,2.69705
-3.06976318359375,2.6971
-2.87628173828125,2.6971499999999997
-2.67181396484375,2.6972
-2.59857177734375,2.69725
-2.78533935546875,2.6973
-2.620849609375,2.6973499999999997
-3.04718017578125,2.6974
-2.864990234375,2.69745
-2.681884765625,2.6975
-2.58148193359375,2.6975499999999997
-2.73529052734375,2.6976
-2.4786376953125,2.69765
-2.7490234375,2.6976999999999998
-2.95745849609375,2.6977499999999996
-2.54608154296875,2.6978
-2.49664306640625,2.69785
-2.56988525390625,2.6978999999999997
-2.6226806640625,2.69795
-2.6043701171875,2.698
-2.5262451171875,2.69805
-2.58514404296875,2.6980999999999997
-2.90283203125,2.69815
-2.73529052734375,2.6982
-2.764892578125,2.69825
-2.60589599609375,2.6982999999999997
-2.8594970703125,2.69835
-2.63671875,2.6984
-2.81524658203125,2.69845
-2.78533935546875,2.6984999999999997
-2.76336669921875,2.69855
-2.65228271484375,2.6986
-2.78961181640625,2.6986499999999998
-2.49664306640625,2.6986999999999997
-2.77862548828125,2.69875
-2.74810791015625,2.6988
-2.68829345703125,2.6988499999999997
-2.77252197265625,2.6988999999999996
-2.7630615234375,2.69895
-2.42156982421875,2.699
-2.71148681640625,2.6990499999999997
-3.233642578125,2.6991
-2.98828125,2.69915
-2.5958251953125,2.6992
-2.9888916015625,2.6992499999999997
-2.95013427734375,2.6993
-2.88818359375,2.69935
-3.13232421875,2.6994
-2.8839111328125,2.6994499999999997
-2.919921875,2.6995
-2.64923095703125,2.69955
-2.9510498046875,2.6995999999999998
-2.87567138671875,2.6996499999999997
-2.818603515625,2.6997
-2.97760009765625,2.69975
-3.14453125,2.6997999999999998
-2.89306640625,2.6998499999999996
-3.118896484375,2.6999
-3.226318359375,2.69995
-3.23272705078125,2.7
-3.03375244140625,2.70005
-3.0279541015625,2.7001000000000004
-3.17626953125,2.7001500000000003
-2.96234130859375,2.7002
-3.27667236328125,2.70025
-3.17474365234375,2.7003000000000004
-2.82989501953125,2.7003500000000003
-2.9364013671875,2.7004
-3.1005859375,2.70045
-3.05206298828125,2.7005000000000003
-3.05419921875,2.7005500000000002
-3.306884765625,2.7006
-2.98797607421875,2.70065
-3.01666259765625,2.7007000000000003
-3.54522705078125,2.70075
-3.248291015625,2.7008
-3.28643798828125,2.70085
-3.2159423828125,2.7009000000000003
-2.9669189453125,2.70095
-2.930908203125,2.701
-2.9986572265625,2.7010500000000004
-2.760009765625,2.7011000000000003
-2.8424072265625,2.70115
-3.14544677734375,2.7012
-2.73681640625,2.7012500000000004
-3.07769775390625,2.7013000000000003
-2.9876708984375,2.70135
-3.0889892578125,2.7014
-3.177490234375,2.7014500000000004
-2.7691650390625,2.7015000000000002
-2.89581298828125,2.70155
-3.07098388671875,2.7016
-2.91107177734375,2.7016500000000003
-2.8338623046875,2.7017
-3.1524658203125,2.70175
-2.864990234375,2.7018
-2.83721923828125,2.7018500000000003
-3.01422119140625,2.7019
-3.13018798828125,2.70195
-2.98187255859375,2.702
-2.75177001953125,2.7020500000000003
-3.07708740234375,2.7021
-2.79815673828125,2.70215
-3.0035400390625,2.7022000000000004
-3.38531494140625,2.7022500000000003
-3.348388671875,2.7023
-2.857666015625,2.70235
-3.040771484375,2.7024000000000004
-3.39202880859375,2.7024500000000002
-3.38958740234375,2.7025
-3.3056640625,2.70255
-3.36578369140625,2.7026000000000003
-3.197021484375,2.70265
-3.4271240234375,2.7027
-3.44818115234375,2.70275
-3.28704833984375,2.7028000000000003
-3.4063720703125,2.70285
-3.28857421875,2.7029
-3.447265625,2.70295
-3.0694580078125,2.7030000000000003
-3.0792236328125,2.70305
-3.0487060546875,2.7031
-3.19488525390625,2.7031500000000004
-2.8131103515625,2.7032000000000003
-3.25958251953125,2.70325
-2.98583984375,2.7033
-3.13201904296875,2.7033500000000004
-3.04901123046875,2.7034000000000002
-3.16680908203125,2.70345
-2.64068603515625,2.7035
-2.5982666015625,2.7035500000000003
-3.21014404296875,2.7036000000000002
-3.17138671875,2.70365
-3.07281494140625,2.7037
-3.01239013671875,2.7037500000000003
-3.04534912109375,2.7038
-3.0389404296875,2.70385
-3.42132568359375,2.7039
-3.2659912109375,2.7039500000000003
-3.05450439453125,2.704
-3.17626953125,2.70405
-3.3636474609375,2.7041000000000004
-3.28399658203125,2.7041500000000003
-3.3599853515625,2.7042
-3.24920654296875,2.70425
-3.09783935546875,2.7043000000000004
-3.1365966796875,2.7043500000000003
-2.8448486328125,2.7044
-3.21990966796875,2.70445
-2.93731689453125,2.7045000000000003
-2.894287109375,2.7045500000000002
-3.192138671875,2.7046
-2.786865234375,2.70465
-2.71881103515625,2.7047000000000003
-3.221435546875,2.70475
-2.92755126953125,2.7048
-2.87567138671875,2.70485
-2.9345703125,2.7049000000000003
-2.89642333984375,2.70495
-2.87811279296875,2.705
-3.3197021484375,2.7050500000000004
-3.3514404296875,2.7051000000000003
-3.3154296875,2.70515
-3.033447265625,2.7052
-3.25592041015625,2.7052500000000004
-3.24920654296875,2.7053000000000003
-3.24462890625,2.70535
-3.231201171875,2.7054
-3.377685546875,2.7054500000000004
-2.94769287109375,2.7055000000000002
-3.25653076171875,2.70555
-3.34869384765625,2.7056
-3.099365234375,2.7056500000000003
-3.043212890625,2.7057
-3.29132080078125,2.70575
-3.1939697265625,2.7058
-3.33648681640625,2.7058500000000003
-3.11767578125,2.7059
-3.2568359375,2.70595
-3.3404541015625,2.706
-2.984619140625,2.7060500000000003
-3.47137451171875,2.7061
-3.0645751953125,2.70615
-3.09783935546875,2.7062000000000004
-3.0413818359375,2.7062500000000003
-3.28826904296875,2.7063
-2.8076171875,2.70635
-3.30322265625,2.7064000000000004
-3.06976318359375,2.7064500000000002
-3.19305419921875,2.7065
-3.2720947265625,2.70655
-3.3648681640625,2.7066000000000003
-2.87506103515625,2.7066500000000002
-3.11981201171875,2.7067
-3.25286865234375,2.70675
-3.40240478515625,2.7068000000000003
-3.0828857421875,2.70685
-2.7886962890625,2.7069
-3.03497314453125,2.70695
-2.90985107421875,2.7070000000000003
-3.08837890625,2.70705
-3.17779541015625,2.7071
-2.987060546875,2.7071500000000004
-3.22052001953125,2.7072000000000003
-3.36029052734375,2.70725
-3.21380615234375,2.7073
-3.2330322265625,2.7073500000000004
-3.39202880859375,2.7074000000000003
-3.32489013671875,2.70745
-3.3160400390625,2.7075
-3.153076171875,2.7075500000000003
-3.349609375,2.7076000000000002
-3.084716796875,2.70765
-3.08929443359375,2.7077
-3.13568115234375,2.7077500000000003
-2.880859375,2.7078
-2.94219970703125,2.70785
-3.1085205078125,2.7079
-3.1304931640625,2.7079500000000003
-2.74566650390625,2.708
-2.9595947265625,2.70805
-3.084716796875,2.7081000000000004
-2.76519775390625,2.7081500000000003
-3.13201904296875,2.7082
-3.1494140625,2.70825
-3.19580078125,2.7083000000000004
-2.9791259765625,2.7083500000000003
-3.12255859375,2.7084
-3.2135009765625,2.70845
-3.09051513671875,2.7085000000000004
-3.15704345703125,2.7085500000000002
-3.1915283203125,2.7086
-2.91534423828125,2.70865
-3.123779296875,2.7087000000000003
-3.08319091796875,2.70875
-2.99713134765625,2.7088
-2.92205810546875,2.70885
-3.184814453125,2.7089000000000003
-3.16925048828125,2.70895
-3.0926513671875,2.709
-3.04718017578125,2.70905
-3.33709716796875,2.7091000000000003
-3.118896484375,2.70915
-2.99957275390625,2.7092
-3.2421875,2.7092500000000004
-2.99346923828125,2.7093000000000003
-2.98431396484375,2.70935
-2.84881591796875,2.7094
-2.93731689453125,2.7094500000000004
-2.540283203125,2.7095000000000002
-2.78289794921875,2.70955
-2.8240966796875,2.7096
-2.99041748046875,2.7096500000000003
-2.88482666015625,2.7097
-2.8076171875,2.70975
-2.82562255859375,2.7098
-3.1201171875,2.7098500000000003
-3.18817138671875,2.7099
-3.31512451171875,2.70995
-2.86285400390625,2.71
-2.82196044921875,2.7100500000000003
-2.8887939453125,2.7101
-2.830810546875,2.71015
-3.00323486328125,2.7102000000000004
-2.900390625,2.7102500000000003
-2.68707275390625,2.7103
-2.71697998046875,2.71035
-2.70538330078125,2.7104000000000004
-2.64739990234375,2.7104500000000002
-2.8485107421875,2.7105
-2.724609375,2.71055
-2.9412841796875,2.7106000000000003
-2.71759033203125,2.7106500000000002
-3.0438232421875,2.7107
-2.88238525390625,2.71075
-2.945556640625,2.7108000000000003
-2.86956787109375,2.71085
-2.7899169921875,2.7109
-2.89520263671875,2.71095
-2.74932861328125,2.7110000000000003
-2.95928955078125,2.71105
-2.8826904296875,2.7111
-2.724609375,2.7111500000000004
-2.72430419921875,2.7112000000000003
-2.86590576171875,2.71125
-2.84881591796875,2.7113
-2.92999267578125,2.7113500000000004
-3.10882568359375,2.7114000000000003
-2.89886474609375,2.71145
-2.8900146484375,2.7115
-3.1890869140625,2.7115500000000003
-3.248291015625,2.7116000000000002
-2.7423095703125,2.71165
-3.11553955078125,2.7117
-3.046875,2.7117500000000003
-2.818603515625,2.7118
-3.03741455078125,2.71185
-2.8070068359375,2.7119
-3.12896728515625,2.7119500000000003
-2.92205810546875,2.712
-2.9302978515625,2.71205
-2.8875732421875,2.7121000000000004
-2.91656494140625,2.7121500000000003
-3.14056396484375,2.7122
-3.28887939453125,2.71225
-2.667236328125,2.7123000000000004
-2.9498291015625,2.7123500000000003
-3.37738037109375,2.7124
-3.45489501953125,2.71245
-3.24493408203125,2.7125000000000004
-3.1939697265625,2.7125500000000002
-3.05816650390625,2.7126
-3.08502197265625,2.71265
-3.13323974609375,2.7127000000000003
-3.01361083984375,2.71275
-3.28216552734375,2.7128
-2.99346923828125,2.71285
-3.0401611328125,2.7129000000000003
-3.0218505859375,2.71295
-3.24310302734375,2.713
-3.0340576171875,2.71305
-3.2159423828125,2.7131000000000003
-2.98614501953125,2.71315
-3.258056640625,2.7132
-3.1976318359375,2.7132500000000004
-3.1805419921875,2.7133000000000003
-3.3428955078125,2.71335
-3.12469482421875,2.7134
-2.97760009765625,2.7134500000000004
-2.99407958984375,2.7135000000000002
-2.96966552734375,2.71355
-2.91595458984375,2.7136
-2.9486083984375,2.7136500000000003
-2.933349609375,2.7137000000000002
-3.0908203125,2.71375
-2.90496826171875,2.7138
-3.134765625,2.7138500000000003
-3.236083984375,2.7139
-3.13873291015625,2.71395
-3.05023193359375,2.714
-3.101806640625,2.7140500000000003
-3.05816650390625,2.7141
-3.18359375,2.71415
-3.19427490234375,2.7142000000000004
-3.03131103515625,2.7142500000000003
-2.99224853515625,2.7143
-2.86224365234375,2.71435
-3.1854248046875,2.7144000000000004
-3.3258056640625,2.7144500000000003
-2.928466796875,2.7145
-3.21044921875,2.71455
-3.00811767578125,2.7146000000000003
-2.9779052734375,2.7146500000000002
-3.22998046875,2.7147
-3.2037353515625,2.71475
-3.182373046875,2.7148000000000003
-3.2879638671875,2.71485
-3.48724365234375,2.7149
-3.17596435546875,2.71495
-3.3050537109375,2.7150000000000003
-3.465576171875,2.71505
-3.536376953125,2.7151
-3.0767822265625,2.7151500000000004
-3.38958740234375,2.7152000000000003
-3.533935546875,2.71525
-3.5992431640625,2.7153
-3.58642578125,2.7153500000000004
-3.4844970703125,2.7154000000000003
-2.96234130859375,2.71545
-3.0584716796875,2.7155
-3.29437255859375,2.7155500000000004
-3.19976806640625,2.7156000000000002
-3.38531494140625,2.71565
-3.2000732421875,2.7157
-2.901611328125,2.7157500000000003
-3.3160400390625,2.7158
-3.32366943359375,2.71585
-3.25408935546875,2.7159
-3.39630126953125,2.7159500000000003
-3.13720703125,2.716
-3.38531494140625,2.71605
-3.15826416015625,2.7161
-3.26568603515625,2.7161500000000003
-3.09722900390625,2.7162
-3.408203125,2.71625
-2.93487548828125,2.7163000000000004
-3.375244140625,2.7163500000000003
-3.17291259765625,2.7164
-3.302001953125,2.71645
-3.29681396484375,2.7165000000000004
-3.3935546875,2.7165500000000002
-3.17352294921875,2.7166
-3.31695556640625,2.71665
-3.36181640625,2.7167000000000003
-3.33282470703125,2.71675
-3.4735107421875,2.7168
-3.22021484375,2.71685
-3.26141357421875,2.7169000000000003
-3.1805419921875,2.71695
-3.51226806640625,2.717
-3.280029296875,2.71705
-3.218994140625,2.7171000000000003
-3.41583251953125,2.71715
-3.1536865234375,2.7172
-2.9290771484375,2.7172500000000004
-3.40576171875,2.7173000000000003
-3.087158203125,2.71735
-3.17596435546875,2.7174
-2.7764892578125,2.7174500000000004
-3.0548095703125,2.7175000000000002
-3.3221435546875,2.71755
-3.13323974609375,2.7176
-2.94189453125,2.7176500000000003
-2.98492431640625,2.7177000000000002
-3.2470703125,2.71775
-2.8057861328125,2.7178
-2.886962890625,2.7178500000000003
-3.0963134765625,2.7179
-2.89520263671875,2.71795
-2.7471923828125,2.718
-3.02703857421875,2.7180500000000003
-2.60101318359375,2.7181
-3.19000244140625,2.71815
-2.958984375,2.7182000000000004
-2.97515869140625,2.7182500000000003
-3.01483154296875,2.7183
-2.747802734375,2.71835
-3.0078125,2.7184000000000004
-3.231201171875,2.7184500000000003
-3.27667236328125,2.7185
-3.22113037109375,2.71855
-2.8155517578125,2.7186000000000003
-3.360595703125,2.7186500000000002
-3.50341796875,2.7187
-3.267822265625,2.71875
-3.394775390625,2.7188000000000003
-3.203125,2.71885
-3.19671630859375,2.7189
-3.2769775390625,2.71895
-3.43902587890625,2.7190000000000003
-3.36639404296875,2.71905
-3.638916015625,2.7191
-3.68194580078125,2.71915
-3.73809814453125,2.7192000000000003
-3.48876953125,2.71925
-3.59344482421875,2.7193
-3.55804443359375,2.7193500000000004
-4.07318115234375,2.7194000000000003
-3.289794921875,2.71945
-3.57025146484375,2.7195
-3.42742919921875,2.7195500000000004
-3.23699951171875,2.7196000000000002
-3.511962890625,2.71965
-3.72314453125,2.7197
-2.98370361328125,2.7197500000000003
-3.19793701171875,2.7198
-3.45733642578125,2.71985
-3.27972412109375,2.7199
-3.19183349609375,2.7199500000000003
-3.231201171875,2.72
-2.85797119140625,2.72005
-2.67303466796875,2.7201
-3.13232421875,2.7201500000000003
-3.02825927734375,2.7202
-2.94586181640625,2.72025
-2.45758056640625,2.7203000000000004
-2.745361328125,2.7203500000000003
-2.74444580078125,2.7204
-2.4761962890625,2.72045
-2.5689697265625,2.7205000000000004
-2.41455078125,2.7205500000000002
-2.59979248046875,2.7206
-2.672119140625,2.72065
-2.7130126953125,2.7207000000000003
-2.5640869140625,2.7207500000000002
-2.916259765625,2.7208
-2.6409912109375,2.72085
-2.91015625,2.7209000000000003
-2.65838623046875,2.72095
-2.93670654296875,2.721
-3.06121826171875,2.72105
-3.03009033203125,2.7211000000000003
-3.118896484375,2.72115
-3.08319091796875,2.7212
-2.99346923828125,2.7212500000000004
-3.34869384765625,2.7213000000000003
-3.49212646484375,2.72135
-3.09417724609375,2.7214
-2.89398193359375,2.7214500000000004
-3.27301025390625,2.7215000000000003
-3.02520751953125,2.72155
-3.14697265625,2.7216
-3.262939453125,2.7216500000000003
-3.01116943359375,2.7217000000000002
-2.779541015625,2.72175
-2.7252197265625,2.7218
-2.88665771484375,2.7218500000000003
-2.78167724609375,2.7219
-2.75421142578125,2.72195
-2.8326416015625,2.722
-2.923583984375,2.7220500000000003
-2.85186767578125,2.7221
-3.04412841796875,2.72215
-2.88299560546875,2.7222000000000004
-2.81585693359375,2.7222500000000003
-2.78472900390625,2.7223
-2.89306640625,2.72235
-2.58575439453125,2.7224000000000004
-2.73590087890625,2.7224500000000003
-2.7685546875,2.7225
-2.923583984375,2.72255
-2.57843017578125,2.7226000000000004
-2.75146484375,2.7226500000000002
-2.93304443359375,2.7227
-2.82684326171875,2.72275
-2.76397705078125,2.7228000000000003
-3.0413818359375,2.72285
-2.64129638671875,2.7229
-2.73834228515625,2.72295
-3.409423828125,2.7230000000000003
-3.2513427734375,2.72305
-3.00445556640625,2.7231
-3.1158447265625,2.72315
-3.1341552734375,2.7232000000000003
-3.0633544921875,2.72325
-3.0377197265625,2.7233
-3.1036376953125,2.7233500000000004
-3.05877685546875,2.7234000000000003
-3.06915283203125,2.72345
-2.9681396484375,2.7235
-2.93365478515625,2.7235500000000004
-3.197021484375,2.7236000000000002
-3.240966796875,2.72365
-3.21502685546875,2.7237
-2.958984375,2.7237500000000003
-3.17047119140625,2.7238
-3.2537841796875,2.72385
-3.28857421875,2.7239
-3.22784423828125,2.7239500000000003
-3.43414306640625,2.724
-3.3441162109375,2.72405
-3.5809326171875,2.7241
-3.70635986328125,2.7241500000000003
-3.79180908203125,2.7242
-3.31939697265625,2.72425
-3.060302734375,2.7243000000000004
-3.651123046875,2.7243500000000003
-3.44818115234375,2.7244
-3.5467529296875,2.72445
-3.4600830078125,2.7245000000000004
-3.4527587890625,2.7245500000000002
-3.177490234375,2.7246
-3.446044921875,2.72465
-3.08685302734375,2.7247000000000003
-3.29620361328125,2.7247500000000002
-3.487548828125,2.7248
-3.431396484375,2.72485
-3.38104248046875,2.7249000000000003
-3.5089111328125,2.72495
-3.63800048828125,2.725
-3.29803466796875,2.72505
-3.39385986328125,2.7251000000000003
-3.2501220703125,2.72515
-3.41461181640625,2.7252
-3.1988525390625,2.72525
-3.20587158203125,2.7253000000000003
-3.32672119140625,2.72535
-3.27728271484375,2.7254
-3.08258056640625,2.72545
-3.353271484375,2.7255000000000003
-2.86376953125,2.72555
-3.19732666015625,2.7256
-3.27362060546875,2.72565
-3.0938720703125,2.7257000000000002
-2.965087890625,2.72575
-3.22998046875,2.7258
-3.411865234375,2.7258500000000003
-3.48297119140625,2.7259
-3.1817626953125,2.72595
-3.42132568359375,2.726
-3.20892333984375,2.7260500000000003
-3.17474365234375,2.7261
-3.41796875,2.72615
-3.4454345703125,2.7262
-3.2177734375,2.7262500000000003
-3.36639404296875,2.7263
-3.43780517578125,2.72635
-3.160400390625,2.7264
-3.36639404296875,2.7264500000000003
-3.358154296875,2.7265
-3.2366943359375,2.72655
-3.2794189453125,2.7266
-3.08807373046875,2.7266500000000002
-3.1585693359375,2.7267
-3.37982177734375,2.72675
-3.3135986328125,2.7268000000000003
-3.38958740234375,2.72685
-2.9632568359375,2.7269
-3.05328369140625,2.72695
-3.17535400390625,2.7270000000000003
-3.0194091796875,2.72705
-2.76519775390625,2.7271
-2.899169921875,2.72715
-2.76458740234375,2.7272000000000003
-2.7777099609375,2.72725
-3.0914306640625,2.7273
-3.0169677734375,2.72735
-2.7105712890625,2.7274000000000003
-2.8582763671875,2.72745
-3.18817138671875,2.7275
-2.969970703125,2.72755
-2.999267578125,2.7276000000000002
-2.9656982421875,2.72765
-3.06610107421875,2.7277
-2.73651123046875,2.72775
-2.96234130859375,2.7278000000000002
-2.79388427734375,2.72785
-2.61627197265625,2.7279
-2.9559326171875,2.7279500000000003
-2.8802490234375,2.728
-2.63763427734375,2.72805
-2.8466796875,2.7281
-2.730712890625,2.7281500000000003
-2.90618896484375,2.7282
-2.76947021484375,2.72825
-2.9510498046875,2.7283
-2.99591064453125,2.7283500000000003
-2.8875732421875,2.7284
-3.10302734375,2.72845
-3.18695068359375,2.7285
-2.99591064453125,2.7285500000000003
-2.72979736328125,2.7286
-3.0755615234375,2.72865
-2.8240966796875,2.7287
-2.950439453125,2.7287500000000002
-2.841796875,2.7288
-2.85308837890625,2.72885
-2.58087158203125,2.7289000000000003
-2.8851318359375,2.72895
-2.97760009765625,2.729
-3.10638427734375,2.72905
-2.9339599609375,2.7291000000000003
-2.8912353515625,2.72915
-2.91595458984375,2.7292
-3.03680419921875,2.72925
-3.13018798828125,2.7293000000000003
-3.282470703125,2.72935
-2.95013427734375,2.7294
-3.189697265625,2.72945
-3.4869384765625,2.7295000000000003
-2.98797607421875,2.72955
-3.24920654296875,2.7296
-3.14666748046875,2.72965
-3.04779052734375,2.7297000000000002
-3.160400390625,2.72975
-2.8936767578125,2.7298
-3.08349609375,2.7298500000000003
-3.36700439453125,2.7299
-3.2574462890625,2.72995
-3.29986572265625,2.73
-3.03497314453125,2.7300500000000003
-3.18603515625,2.7301
-3.4521484375,2.73015
-3.41583251953125,2.7302
-2.86651611328125,2.7302500000000003
-3.3746337890625,2.7303
-3.06671142578125,2.73035
-3.22998046875,2.7304
-3.511962890625,2.7304500000000003
-3.45458984375,2.7305
-3.05999755859375,2.73055
-3.2403564453125,2.7306
-3.187255859375,2.7306500000000002
-3.331298828125,2.7307
-3.10333251953125,2.73075
-3.42742919921875,2.7308000000000003
-3.38531494140625,2.73085
-3.14178466796875,2.7309
-3.248291015625,2.73095
-3.2635498046875,2.7310000000000003
-3.1494140625,2.73105
-3.0059814453125,2.7311
-3.3673095703125,2.73115
-2.8790283203125,2.7312000000000003
-2.987060546875,2.73125
-3.07403564453125,2.7313
-3.05816650390625,2.73135
-2.85186767578125,2.7314000000000003
-3.03253173828125,2.73145
-3.15277099609375,2.7315
-3.10455322265625,2.73155
-3.06610107421875,2.7316000000000003
-2.99957275390625,2.73165
-2.919921875,2.7317
-2.59613037109375,2.73175
-3.03466796875,2.7318000000000002
-2.98919677734375,2.73185
-3.0242919921875,2.7319
-2.916259765625,2.7319500000000003
-2.857666015625,2.732
-2.7386474609375,2.73205
-3.07220458984375,2.7321
-3.14788818359375,2.7321500000000003
-3.06121826171875,2.7322
-2.76214599609375,2.73225
-3.1231689453125,2.7323
-3.02032470703125,2.7323500000000003
-2.99835205078125,2.7324
-3.050537109375,2.73245
-3.06671142578125,2.7325
-2.8277587890625,2.7325500000000003
-2.81005859375,2.7326
-2.79541015625,2.73265
-2.764892578125,2.7327
-2.999267578125,2.7327500000000002
-2.821044921875,2.7328
-2.73681640625,2.73285
-2.79449462890625,2.7329000000000003
-3.10333251953125,2.73295
-2.97637939453125,2.733
-2.974853515625,2.73305
-2.89276123046875,2.7331000000000003
-3.02154541015625,2.73315
-2.8857421875,2.7332
-2.98065185546875,2.73325
-2.9095458984375,2.7333000000000003
-3.0316162109375,2.73335
-2.79022216796875,2.7334
-2.8204345703125,2.73345
-2.83660888671875,2.7335000000000003
-2.82745361328125,2.73355
-2.87872314453125,2.7336
-3.00384521484375,2.73365
-2.76885986328125,2.7337000000000002
-2.86346435546875,2.73375
-3.02032470703125,2.7338
-3.08685302734375,2.7338500000000003
-2.6531982421875,2.7339
-3.1842041015625,2.73395
-3.0877685546875,2.734
-2.81829833984375,2.7340500000000003
-2.9736328125,2.7341
-3.06243896484375,2.73415
-2.90618896484375,2.7342
-2.9742431640625,2.7342500000000003
-2.91259765625,2.7343
-2.84149169921875,2.73435
-3.00537109375,2.7344
-3.01971435546875,2.7344500000000003
-3.08563232421875,2.7345
-2.7545166015625,2.73455
-2.75482177734375,2.7346
-3.0322265625,2.7346500000000002
-2.96875,2.7347
-3.13446044921875,2.73475
-3.03497314453125,2.7348
-2.938232421875,2.7348500000000002
-2.96875,2.7349
-3.131103515625,2.73495
-3.15643310546875,2.7350000000000003
-3.09539794921875,2.73505
-2.7777099609375,2.7351
-2.96417236328125,2.73515
-3.0487060546875,2.7352000000000003
-3.05755615234375,2.73525
-2.8424072265625,2.7353
-3.13812255859375,2.73535
-2.88665771484375,2.7354000000000003
-2.87994384765625,2.73545
-2.69561767578125,2.7355
-2.9681396484375,2.73555
-3.1719970703125,2.7356000000000003
-3.155517578125,2.73565
-2.9730224609375,2.7357
-3.0145263671875,2.73575
-3.14910888671875,2.7358000000000002
-3.12408447265625,2.73585
-3.02947998046875,2.7359
-2.67425537109375,2.7359500000000003
-3.02337646484375,2.736
-2.8875732421875,2.73605
-3.0010986328125,2.7361
-2.67852783203125,2.7361500000000003
-2.80853271484375,2.7362
-2.74444580078125,2.73625
-3.050537109375,2.7363
-2.80364990234375,2.7363500000000003
-2.96478271484375,2.7364
-3.0908203125,2.73645
-2.96173095703125,2.7365
-2.9254150390625,2.7365500000000003
-3.1744384765625,2.7366
-3.02215576171875,2.73665
-3.10150146484375,2.7367
-2.9559326171875,2.7367500000000002
-3.3343505859375,2.7368
-3.099365234375,2.73685
-2.9095458984375,2.7369000000000003
-3.06732177734375,2.73695
-3.2525634765625,2.737
-2.90557861328125,2.73705
-3.153076171875,2.7371000000000003
-3.14422607421875,2.73715
-2.91961669921875,2.7372
-3.33343505859375,2.73725
-3.4124755859375,2.7373000000000003
-3.0645751953125,2.73735
-3.1072998046875,2.7374
-3.20648193359375,2.73745
-3.09417724609375,2.7375000000000003
-3.26812744140625,2.73755
-3.0987548828125,2.7376
-3.02032470703125,2.73765
-2.989501953125,2.7377000000000002
-3.08746337890625,2.73775
-3.21533203125,2.7378
-3.30474853515625,2.73785
-3.121337890625,2.7379000000000002
-3.22357177734375,2.73795
-2.77862548828125,2.738
-3.0487060546875,2.7380500000000003
-3.0694580078125,2.7381
-3.10302734375,2.73815
-3.06640625,2.7382
-3.20098876953125,2.7382500000000003
-3.16558837890625,2.7383
-2.9876708984375,2.73835
-3.056640625,2.7384
-2.9669189453125,2.7384500000000003
-3.194580078125,2.7385
-2.6580810546875,2.73855
-2.7801513671875,2.7386
-2.94952392578125,2.7386500000000003
-2.84881591796875,2.7387
-2.8759765625,2.73875
-2.99163818359375,2.7388
-2.93975830078125,2.7388500000000002
-3.11767578125,2.7389
-3.07037353515625,2.73895
-3.0731201171875,2.7390000000000003
-2.90130615234375,2.73905
-2.82684326171875,2.7391
-2.791748046875,2.73915
-2.9656982421875,2.7392000000000003
-3.15673828125,2.73925
-2.82440185546875,2.7393
-2.8277587890625,2.73935
-2.7972412109375,2.7394000000000003
-3.04473876953125,2.73945
-2.918701171875,2.7395
-2.82470703125,2.73955
-2.890625,2.7396000000000003
-3.0889892578125,2.73965
-2.92236328125,2.7397
-3.1884765625,2.73975
-3.12713623046875,2.7398000000000002
-3.3099365234375,2.73985
-3.167724609375,2.7399
-3.33404541015625,2.7399500000000003
-2.91778564453125,2.74
-3.0938720703125,2.74005
-3.2745361328125,2.7401
-3.3270263671875,2.7401500000000003
-2.9388427734375,2.7402
-2.98309326171875,2.74025
-3.32977294921875,2.7403
-3.20587158203125,2.7403500000000003
-3.25103759765625,2.7404
-3.197021484375,2.74045
-3.02520751953125,2.7405
-3.04779052734375,2.7405500000000003
-3.09295654296875,2.7406
-3.13018798828125,2.74065
-3.39111328125,2.7407
-3.1427001953125,2.7407500000000002
-3.13140869140625,2.7408
-2.92205810546875,2.74085
-3.1768798828125,2.7409000000000003
-3.162841796875,2.74095
-3.206787109375,2.741
-2.8070068359375,2.74105
-3.016357421875,2.7411000000000003
-2.95867919921875,2.74115
-3.06304931640625,2.7412
-2.95074462890625,2.74125
-2.9248046875,2.7413000000000003
-2.8240966796875,2.74135
-2.8936767578125,2.7414
-3.06793212890625,2.74145
-2.91717529296875,2.7415000000000003
-2.96966552734375,2.74155
-3.03253173828125,2.7416
-3.0792236328125,2.74165
-2.93670654296875,2.7417000000000002
-3.14453125,2.74175
-3.1207275390625,2.7418
-2.996826171875,2.74185
-2.89459228515625,2.7419000000000002
-2.97271728515625,2.74195
-2.68096923828125,2.742
-2.92999267578125,2.7420500000000003
-3.10089111328125,2.7421
-2.7838134765625,2.74215
-2.9083251953125,2.7422
-3.03314208984375,2.7422500000000003
-2.99072265625,2.7423
-3.36334228515625,2.74235
-3.35357666015625,2.7424
-3.1903076171875,2.7424500000000003
-3.172607421875,2.7425
-3.14239501953125,2.74255
-3.34930419921875,2.7426
-3.1256103515625,2.7426500000000003
-3.14239501953125,2.7427
-3.08563232421875,2.74275
-3.17352294921875,2.7428
-2.80120849609375,2.7428500000000002
-3.11737060546875,2.7429
-3.3026123046875,2.74295
-3.34014892578125,2.7430000000000003
-3.2122802734375,2.74305
-3.58642578125,2.7431
-3.41949462890625,2.74315
-3.72894287109375,2.7432000000000003
-3.85955810546875,2.74325
-3.57635498046875,2.7433
-3.4100341796875,2.74335
-3.48541259765625,2.7434000000000003
-3.70849609375,2.74345
-3.427734375,2.7435
-3.57177734375,2.74355
-3.38714599609375,2.7436000000000003
-3.084716796875,2.74365
-3.16436767578125,2.7437
-3.4954833984375,2.74375
-3.4765625,2.7438000000000002
-3.46649169921875,2.74385
-3.44573974609375,2.7439
-3.69110107421875,2.7439500000000003
-3.67889404296875,2.744
-3.79180908203125,2.74405
-3.2977294921875,2.7441
-3.82171630859375,2.7441500000000003
-3.33099365234375,2.7442
-3.45794677734375,2.74425
-3.42926025390625,2.7443
-3.2861328125,2.7443500000000003
-3.1146240234375,2.7444
-3.21929931640625,2.74445
-2.998046875,2.7445
-2.916259765625,2.7445500000000003
-2.87872314453125,2.7446
-2.947998046875,2.74465
-2.61932373046875,2.7447
-2.7880859375,2.7447500000000002
-2.6214599609375,2.7448
-2.82135009765625,2.74485
-3.15704345703125,2.7449
-3.05816650390625,2.7449500000000002
-2.68768310546875,2.745
-3.03924560546875,2.74505
-3.08746337890625,2.7451000000000003
-2.93060302734375,2.74515
-3.19976806640625,2.7452
-3.10028076171875,2.74525
-3.1268310546875,2.7453000000000003
-2.9254150390625,2.74535
-3.2391357421875,2.7454
-3.1024169921875,2.74545
-3.13629150390625,2.7455000000000003
-3.34259033203125,2.74555
-3.4442138671875,2.7456
-3.094482421875,2.74565
-3.25347900390625,2.7457000000000003
-3.28643798828125,2.74575
-3.47442626953125,2.7458
-3.131103515625,2.74585
-3.28125,2.7459000000000002
-3.28216552734375,2.74595
-3.03924560546875,2.746
-3.12652587890625,2.7460500000000003
-3.21807861328125,2.7461
-3.06610107421875,2.74615
-2.74658203125,2.7462
-2.8472900390625,2.7462500000000003
-2.67364501953125,2.7463
-2.7276611328125,2.74635
-3.02520751953125,2.7464
-2.66693115234375,2.7464500000000003
-2.467041015625,2.7465
-2.8472900390625,2.74655
-2.88604736328125,2.7466
-2.8387451171875,2.7466500000000003
-2.52593994140625,2.7467
-2.56805419921875,2.74675
-2.77069091796875,2.7468
-2.69195556640625,2.7468500000000002
-2.8717041015625,2.7469
-2.7093505859375,2.74695
-2.6885986328125,2.7470000000000003
-2.713623046875,2.74705
-2.84027099609375,2.7471
-2.5701904296875,2.74715
-2.81494140625,2.7472000000000003
-2.6885986328125,2.74725
-2.71728515625,2.7473
-2.46795654296875,2.74735
-2.7618408203125,2.7474000000000003
-2.72735595703125,2.74745
-2.9638671875,2.7475
-2.87261962890625,2.74755
-2.80487060546875,2.7476000000000003
-2.91107177734375,2.74765
-3.05450439453125,2.7477
-3.19183349609375,2.74775
-3.1634521484375,2.7478000000000002
-2.57598876953125,2.74785
-3.03314208984375,2.7479
-2.71820068359375,2.7479500000000003
-2.6904296875,2.748
-3.03558349609375,2.74805
-2.8033447265625,2.7481
-2.72064208984375,2.7481500000000003
-2.7142333984375,2.7482
-2.84881591796875,2.74825
-2.8289794921875,2.7483
-2.94158935546875,2.7483500000000003
-3.13812255859375,2.7484
-3.1640625,2.74845
-3.02764892578125,2.7485
-3.2958984375,2.7485500000000003
-3.02642822265625,2.7486
-3.1585693359375,2.74865
-3.12225341796875,2.7487
-3.277587890625,2.7487500000000002
-2.87811279296875,2.7488
-2.974853515625,2.74885
-3.25653076171875,2.7489
-3.25714111328125,2.7489500000000002
-2.99407958984375,2.749
-3.25958251953125,2.74905
-3.067626953125,2.7491000000000003
-3.14727783203125,2.74915
-3.33465576171875,2.7492
-3.30352783203125,2.74925
-3.1011962890625,2.7493000000000003
-2.8765869140625,2.74935
-3.42926025390625,2.7494
-3.382568359375,2.74945
-3.193359375,2.7495000000000003
-3.22479248046875,2.74955
-3.02459716796875,2.7496
-2.91412353515625,2.74965
-3.06121826171875,2.7497000000000003
-3.08319091796875,2.74975
-3.10577392578125,2.7498
-3.02093505859375,2.74985
-3.1658935546875,2.7499000000000002
-2.89794921875,2.74995
-3.1207275390625,2.75
-3.316650390625,2.75005
-3.0450439453125,2.7501
-2.965087890625,2.75015
-2.8863525390625,2.7502
-3.20343017578125,2.75025
-3.1036376953125,2.7503
-2.9461669921875,2.75035
-3.25408935546875,2.7504
-2.8277587890625,2.75045
-2.86163330078125,2.7505
-3.1256103515625,2.75055
-2.9132080078125,2.7506
-2.84454345703125,2.75065
-2.84912109375,2.7507
-2.90557861328125,2.75075
-2.8411865234375,2.7508
-2.96966552734375,2.75085
-3.277587890625,2.7509
-3.114013671875,2.75095
-2.8564453125,2.751
-3.12408447265625,2.75105
-3.00323486328125,2.7511
-3.13232421875,2.75115
-3.3489990234375,2.7512
-3.08074951171875,2.75125
-3.04901123046875,2.7513
-3.3319091796875,2.75135
-3.34075927734375,2.7514
-3.021240234375,2.75145
-3.1817626953125,2.7515
-3.41796875,2.75155
-3.30780029296875,2.7516
-3.1866455078125,2.75165
-3.118896484375,2.7517
-3.33953857421875,2.75175
-3.39263916015625,2.7518
-3.043212890625,2.75185
-3.49822998046875,2.7519
-3.00140380859375,2.75195
-3.24554443359375,2.752
-3.082275390625,2.75205
-3.22540283203125,2.7521
-2.89825439453125,2.75215
-3.07220458984375,2.7522
-3.14361572265625,2.75225
-3.37005615234375,2.7523
-3.21441650390625,2.75235
-3.24066162109375,2.7524
-2.81402587890625,2.75245
-2.7978515625,2.7525
-3.214111328125,2.75255
-3.154296875,2.7526
-3.12591552734375,2.75265
-2.9473876953125,2.7527
-3.05755615234375,2.75275
-2.90069580078125,2.7528
-3.001708984375,2.75285
-3.03253173828125,2.7529
-2.79754638671875,2.75295
-2.99224853515625,2.753
-3.043212890625,2.75305
-2.930908203125,2.7531
-3.096923828125,2.75315
-3.138427734375,2.7532
-3.12835693359375,2.75325
-2.9461669921875,2.7533
-2.9315185546875,2.75335
-3.0413818359375,2.7534
-2.95440673828125,2.75345
-3.03741455078125,2.7535
-2.9632568359375,2.75355
-2.7734375,2.7536
-2.93670654296875,2.75365
-3.228759765625,2.7537
-3.2525634765625,2.75375
-2.82318115234375,2.7538
-3.0865478515625,2.75385
-3.1689453125,2.7539
-2.9119873046875,2.75395
-3.19671630859375,2.754
-3.22174072265625,2.75405
-3.31085205078125,2.7541
-2.85247802734375,2.75415
-3.09661865234375,2.7542
-3.134765625,2.75425
-2.923583984375,2.7543
-3.08502197265625,2.75435
-3.13140869140625,2.7544
-2.818603515625,2.75445
-2.9949951171875,2.7545
-2.928466796875,2.75455
-3.013916015625,2.7546
-2.9119873046875,2.75465
-3.36517333984375,2.7547
-3.20220947265625,2.75475
-3.01483154296875,2.7548
-3.27728271484375,2.75485
-3.359375,2.7549
-3.2940673828125,2.75495
-3.16192626953125,2.755
-3.27056884765625,2.75505
-3.07281494140625,2.7551
-3.353271484375,2.75515
-3.24432373046875,2.7552
-3.34014892578125,2.75525
-2.94158935546875,2.7553
-2.91412353515625,2.75535
-3.2452392578125,2.7554
-3.28094482421875,2.75545
-3.01300048828125,2.7555
-3.18267822265625,2.75555
-3.0914306640625,2.7556
-3.30413818359375,2.75565
-3.4136962890625,2.7557
-3.46923828125,2.75575
-3.08990478515625,2.7558
-3.2537841796875,2.75585
-3.3636474609375,2.7559
-3.03741455078125,2.75595
-3.13323974609375,2.756
-3.009033203125,2.75605
-3.06488037109375,2.7561
-2.95440673828125,2.75615
-2.8875732421875,2.7562
-2.7978515625,2.75625
-2.86773681640625,2.7563
-3.0377197265625,2.75635
-3.1732177734375,2.7564
-2.781982421875,2.75645
-3.10028076171875,2.7565
-3.09326171875,2.75655
-3.06427001953125,2.7566
-2.8802490234375,2.75665
-2.98553466796875,2.7567
-2.96844482421875,2.75675
-2.991943359375,2.7568
-3.2025146484375,2.75685
-3.092041015625,2.7569
-3.00262451171875,2.75695
-3.01239013671875,2.757
-3.02978515625,2.75705
-2.918701171875,2.7571
-2.98828125,2.75715
-3.18328857421875,2.7572
-3.22174072265625,2.75725
-3.01177978515625,2.7573
-3.2012939453125,2.75735
-3.12408447265625,2.7574
-2.92327880859375,2.75745
-3.12713623046875,2.7575
-3.24676513671875,2.75755
-3.09417724609375,2.7576
-2.96875,2.75765
-2.969970703125,2.7577
-3.33709716796875,2.75775
-2.9669189453125,2.7578
-2.97607421875,2.75785
-3.0426025390625,2.7579
-2.83203125,2.75795
-3.0279541015625,2.758
-2.9449462890625,2.75805
-2.689208984375,2.7581
-2.62969970703125,2.75815
-2.877197265625,2.7582
-2.86346435546875,2.75825
-3.0767822265625,2.7583
-2.918701171875,2.75835
-2.8729248046875,2.7584
-2.78167724609375,2.75845
-3.0108642578125,2.7585
-3.21319580078125,2.75855
-3.21990966796875,2.7586
-2.80670166015625,2.75865
-3.05755615234375,2.7587
-2.823486328125,2.75875
-2.9931640625,2.7588
-3.07830810546875,2.75885
-2.9779052734375,2.7589
-2.80853271484375,2.75895
-2.99774169921875,2.759
-2.94647216796875,2.75905
-2.87445068359375,2.7591
-3.12042236328125,2.75915
-3.15948486328125,2.7592
-3.25286865234375,2.75925
-2.8961181640625,2.7593
-3.16131591796875,2.75935
-2.8802490234375,2.7594
-3.10211181640625,2.75945
-2.97637939453125,2.7595
-3.0279541015625,2.75955
-2.87200927734375,2.7596
-2.91900634765625,2.75965
-3.0902099609375,2.7597
-2.9736328125,2.75975
-2.840576171875,2.7598
-2.7142333984375,2.75985
-2.7789306640625,2.7599
-2.8900146484375,2.75995
-2.9931640625,2.76
-3.09173583984375,2.76005
-3.0621337890625,2.7601
-2.86773681640625,2.76015
-3.1488037109375,2.7602
-2.994384765625,2.76025
-2.75848388671875,2.7603
-3.07891845703125,2.76035
-2.967529296875,2.7604
-2.79052734375,2.76045
-3.0462646484375,2.7605
-2.8948974609375,2.76055
-2.9205322265625,2.7606
-2.99346923828125,2.76065
-3.05267333984375,2.7607
-2.830810546875,2.76075
-2.806396484375,2.7608
-3.16162109375,2.76085
-3.19580078125,2.7609
-2.9034423828125,2.76095
-2.84423828125,2.761
-3.3135986328125,2.76105
-3.04290771484375,2.7611
-3.2220458984375,2.76115
-3.3563232421875,2.7612
-2.9296875,2.76125
-2.87384033203125,2.7613
-3.28094482421875,2.76135
-3.06640625,2.7614
-3.309326171875,2.76145
-3.223876953125,2.7615
-2.8399658203125,2.76155
-3.09906005859375,2.7616
-3.09326171875,2.76165
-3.0316162109375,2.7617
-3.2171630859375,2.76175
-2.82958984375,2.7618
-2.9754638671875,2.76185
-2.91595458984375,2.7619
-2.9962158203125,2.76195
-3.11248779296875,2.762
-3.05023193359375,2.76205
-2.874755859375,2.7621
-3.116455078125,2.76215
-3.01055908203125,2.7622
-2.89642333984375,2.76225
-3.209228515625,2.7623
-3.22479248046875,2.76235
-3.128662109375,2.7624
-2.99560546875,2.76245
-3.16650390625,2.7625
-3.23577880859375,2.76255
-3.238525390625,2.7626
-3.14483642578125,2.76265
-3.123779296875,2.7627
-2.86712646484375,2.76275
-2.97027587890625,2.7628
-3.2000732421875,2.76285
-3.1707763671875,2.7629
-3.06488037109375,2.76295
-3.24310302734375,2.763
-3.02764892578125,2.76305
-3.486328125,2.7631
-3.184814453125,2.76315
-3.3148193359375,2.7632
-3.08837890625,2.76325
-3.04443359375,2.7633
-3.07037353515625,2.76335
-2.9534912109375,2.7634
-3.0914306640625,2.76345
-3.1109619140625,2.7635
-3.27392578125,2.76355
-2.77557373046875,2.7636
-3.00323486328125,2.76365
-3.21990966796875,2.7637
-3.243408203125,2.76375
-3.07373046875,2.7638
-3.3154296875,2.76385
-3.3331298828125,2.7639
-3.6151123046875,2.76395
-3.74053955078125,2.764
-3.55194091796875,2.76405
-3.33343505859375,2.7641
-3.07708740234375,2.76415
-3.5565185546875,2.7642
-3.34625244140625,2.76425
-3.36395263671875,2.7643
-3.30535888671875,2.76435
-2.93060302734375,2.7644
-3.30078125,2.76445
-3.330078125,2.7645
-2.9644775390625,2.76455
-3.348388671875,2.7646
-3.29193115234375,2.76465
-3.26446533203125,2.7647
-3.0474853515625,2.76475
-3.2501220703125,2.7648
-3.1341552734375,2.76485
-3.17230224609375,2.7649
-3.280029296875,2.76495
-3.09661865234375,2.765
-3.04840087890625,2.76505
-3.1365966796875,2.7651
-3.40728759765625,2.76515
-3.31207275390625,2.7652
-2.83447265625,2.76525
-3.018798828125,2.7653
-3.1707763671875,2.76535
-2.87872314453125,2.7654
-3.2440185546875,2.76545
-3.343505859375,2.7655
-3.2366943359375,2.76555
-3.1219482421875,2.7656
-3.31451416015625,2.76565
-3.1646728515625,2.7657
-3.22509765625,2.76575
-2.95654296875,2.7658
-3.3306884765625,2.76585
-3.06671142578125,2.7659
-3.29010009765625,2.76595
-3.2391357421875,2.766
-3.08990478515625,2.76605
-2.97271728515625,2.7661
-3.1158447265625,2.76615
-2.83477783203125,2.7662
-2.84332275390625,2.76625
-2.8143310546875,2.7663
-2.93365478515625,2.76635
-2.960205078125,2.7664
-2.74993896484375,2.76645
-2.7459716796875,2.7665
-3.01116943359375,2.76655
-2.9632568359375,2.7666
-2.79937744140625,2.76665
-2.9931640625,2.7667
-2.64373779296875,2.76675
-2.8594970703125,2.7668
-3.10211181640625,2.76685
-2.86102294921875,2.7669
-2.6617431640625,2.76695
-2.64404296875,2.767
-2.72064208984375,2.76705
-2.98126220703125,2.7671
-3.09600830078125,2.76715
-2.904052734375,2.7672
-2.63397216796875,2.76725
-3.14300537109375,2.7673
-2.978515625,2.76735
-3.1103515625,2.7674
-3.39019775390625,2.76745
-3.22998046875,2.7675
-3.1378173828125,2.76755
-3.3038330078125,2.7676
-3.29315185546875,2.76765
-3.001708984375,2.7677
-3.3367919921875,2.76775
-3.5479736328125,2.7678
-3.65814208984375,2.76785
-3.31787109375,2.7679
-3.570556640625,2.76795
-3.57025146484375,2.768
-3.68560791015625,2.76805
-3.48663330078125,2.7681
-3.60809326171875,2.76815
-3.5015869140625,2.7682
-3.609619140625,2.76825
-3.65875244140625,2.7683
-3.7677001953125,2.76835
-3.5247802734375,2.7684
-3.51531982421875,2.76845
-3.7933349609375,2.7685
-3.5040283203125,2.76855
-3.58612060546875,2.7686
-3.487548828125,2.76865
-3.13720703125,2.7687
-2.996826171875,2.76875
-3.31939697265625,2.7688
-3.32244873046875,2.76885
-3.038330078125,2.7689
-3.08074951171875,2.76895
-2.9803466796875,2.769
-2.77984619140625,2.76905
-2.88330078125,2.7691
-2.7288818359375,2.76915
-2.78839111328125,2.7692
-2.552490234375,2.76925
-2.7069091796875,2.7693
-2.75054931640625,2.76935
-2.66632080078125,2.7694
-2.72308349609375,2.76945
-2.73406982421875,2.7695
-2.48779296875,2.76955
-2.50335693359375,2.7696
-2.70843505859375,2.76965
-2.72125244140625,2.7697
-2.7545166015625,2.76975
-2.78900146484375,2.7698
-2.95257568359375,2.76985
-2.86590576171875,2.7699
-3.13232421875,2.76995
-3.38104248046875,2.77
-3.05938720703125,2.77005
-3.02886962890625,2.7701
-3.41094970703125,2.77015
-3.0914306640625,2.7702
-3.40911865234375,2.77025
-3.5809326171875,2.7703
-3.2147216796875,2.77035
-2.86102294921875,2.7704
-3.49365234375,2.77045
-3.14788818359375,2.7705
-3.2025146484375,2.77055
-3.13690185546875,2.7706
-3.2659912109375,2.77065
-2.97882080078125,2.7707
-2.85552978515625,2.77075
-3.0682373046875,2.7708
-2.9876708984375,2.77085
-3.15032958984375,2.7709
-2.94281005859375,2.77095
-3.1597900390625,2.771
-2.718505859375,2.77105
-2.94097900390625,2.7711
-3.016357421875,2.77115
-2.99530029296875,2.7712
-2.93701171875,2.77125
-3.20404052734375,2.7713
-2.82318115234375,2.77135
-2.95013427734375,2.7714
-3.2781982421875,2.77145
-3.07373046875,2.7715
-2.80487060546875,2.77155
-2.83172607421875,2.7716
-3.1243896484375,2.77165
-3.0718994140625,2.7717
-3.1304931640625,2.77175
-3.08807373046875,2.7718
-3.1689453125,2.77185
-3.01116943359375,2.7719
-3.27728271484375,2.77195
-3.18359375,2.772
-3.25408935546875,2.77205
-3.076171875,2.7721
-3.32244873046875,2.77215
-3.28338623046875,2.7722
-3.36761474609375,2.77225
-3.42041015625,2.7723
-3.2635498046875,2.77235
-3.24127197265625,2.7724
-3.07830810546875,2.77245
-3.0499267578125,2.7725
-3.2275390625,2.77255
-3.1109619140625,2.7726
-3.06610107421875,2.77265
-3.0523681640625,2.7727
-2.95318603515625,2.77275
-3.3453369140625,2.7728
-3.221435546875,2.77285
-3.10089111328125,2.7729
-3.45184326171875,2.77295
-3.17230224609375,2.773
-3.02093505859375,2.77305
-3.34228515625,2.7731
-3.250732421875,2.77315
-3.05572509765625,2.7732
-3.0230712890625,2.77325
-3.34625244140625,2.7733
-3.05023193359375,2.77335
-3.19580078125,2.7734
-3.291015625,2.77345
-3.20709228515625,2.7735
-3.03009033203125,2.77355
-3.03924560546875,2.7736
-3.25653076171875,2.77365
-3.118896484375,2.7737
-3.23272705078125,2.77375
-3.4765625,2.7738
-3.2415771484375,2.77385
-3.34228515625,2.7739
-3.3099365234375,2.77395
-3.4844970703125,2.774
-3.37005615234375,2.77405
-3.24737548828125,2.7741
-3.23577880859375,2.77415
-3.067626953125,2.7742
-3.35723876953125,2.77425
-3.4881591796875,2.7743
-3.22784423828125,2.77435
-3.03131103515625,2.7744
-3.29559326171875,2.77445
-3.0792236328125,2.7745
-3.00323486328125,2.77455
-2.98828125,2.7746
-3.25897216796875,2.77465
-2.8155517578125,2.7747
-3.34503173828125,2.77475
-3.359375,2.7748
-3.2470703125,2.77485
-3.1707763671875,2.7749
-3.22509765625,2.77495
-3.18603515625,2.775
-3.03375244140625,2.77505
-2.938232421875,2.7751
-3.095703125,2.77515
-2.9705810546875,2.7752
-3.070068359375,2.7752499999999998
-3.18878173828125,2.7753
-2.86865234375,2.77535
-3.3026123046875,2.7754
-3.424072265625,2.7754499999999998
-3.11187744140625,2.7755
-3.143310546875,2.77555
-3.0438232421875,2.7756
-3.05999755859375,2.7756499999999997
-3.33343505859375,2.7757
-3.0712890625,2.77575
-3.13262939453125,2.7758
-3.076171875,2.77585
-3.07037353515625,2.7759
-3.13690185546875,2.77595
-3.01055908203125,2.776
-2.76397705078125,2.77605
-2.76336669921875,2.7761
-2.7813720703125,2.77615
-2.73223876953125,2.7762
-2.99774169921875,2.77625
-2.95501708984375,2.7763
-2.811279296875,2.77635
-2.86712646484375,2.7763999999999998
-2.5531005859375,2.77645
-2.47100830078125,2.7765
-2.71636962890625,2.77655
-2.8973388671875,2.7765999999999997
-2.835693359375,2.77665
-2.68951416015625,2.7767
-2.8216552734375,2.77675
-2.91229248046875,2.7768
-2.68951416015625,2.77685
-2.77252197265625,2.7769
-3.031005859375,2.77695
-2.70172119140625,2.777
-2.777099609375,2.77705
-2.92327880859375,2.7771
-3.0712890625,2.77715
-2.93182373046875,2.7772
-3.2135009765625,2.77725
-3.05511474609375,2.7773
-3.0908203125,2.7773499999999998
-3.18756103515625,2.7774
-3.0889892578125,2.77745
-2.93548583984375,2.7775
-2.76824951171875,2.7775499999999997
-2.80059814453125,2.7776
-2.484130859375,2.77765
-2.76092529296875,2.7777
-2.63519287109375,2.7777499999999997
-2.69683837890625,2.7778
-2.46429443359375,2.77785
-2.54302978515625,2.7779
-2.82806396484375,2.77795
-2.84393310546875,2.778
-2.79388427734375,2.77805
-2.9632568359375,2.7781
-2.9876708984375,2.77815
-2.8955078125,2.7782
-2.98126220703125,2.77825
-3.162841796875,2.7782999999999998
-2.9815673828125,2.77835
-2.92388916015625,2.7784
-2.77740478515625,2.77845
-2.63092041015625,2.7784999999999997
-3.07952880859375,2.77855
-2.86224365234375,2.7786
-2.767333984375,2.77865
-2.7838134765625,2.7786999999999997
-3.04901123046875,2.77875
-2.81890869140625,2.7788
-2.8533935546875,2.77885
-2.93243408203125,2.7789
-3.233642578125,2.77895
-2.74322509765625,2.779
-2.94281005859375,2.77905
-3.07952880859375,2.7791
-2.88543701171875,2.77915
-2.80364990234375,2.7792
-3.1524658203125,2.7792499999999998
-3.0499267578125,2.7793
-2.96875,2.77935
-3.262939453125,2.7794
-3.372802734375,2.7794499999999998
-3.24554443359375,2.7795
-3.1671142578125,2.77955
-3.02978515625,2.7796
-3.22052001953125,2.7796499999999997
-3.2147216796875,2.7797
-3.2843017578125,2.77975
-3.3990478515625,2.7798
-3.0743408203125,2.77985
-3.0706787109375,2.7799
-3.18572998046875,2.77995
-3.27545166015625,2.78
-3.07891845703125,2.78005
-3.3203125,2.7801
-2.93914794921875,2.78015
-3.13507080078125,2.7802
-3.19732666015625,2.78025
-3.2177734375,2.7803
-2.90313720703125,2.78035
-3.18695068359375,2.7803999999999998
-3.04901123046875,2.78045
-2.97119140625,2.7805
-3.09356689453125,2.78055
-2.89520263671875,2.7805999999999997
-2.94189453125,2.78065
-3.1329345703125,2.7807
-3.06549072265625,2.78075
-3.19091796875,2.7808
-3.388671875,2.78085
-3.22723388671875,2.7809
-3.201904296875,2.78095
-2.94830322265625,2.781
-3.06549072265625,2.78105
-3.01971435546875,2.7811
-3.1024169921875,2.78115
-3.11614990234375,2.7812
-3.08197021484375,2.78125
-3.01544189453125,2.7813
-2.89642333984375,2.7813499999999998
-3.03070068359375,2.7814
-3.1768798828125,2.78145
-3.0609130859375,2.7815
-2.99072265625,2.7815499999999997
-3.16192626953125,2.7816
-3.1695556640625,2.78165
-3.43109130859375,2.7817
-3.12225341796875,2.7817499999999997
-3.06976318359375,2.7818
-2.899169921875,2.78185
-3.101806640625,2.7819
-2.8143310546875,2.78195
-2.91046142578125,2.782
-2.8857421875,2.78205
-2.92877197265625,2.7821
-2.6995849609375,2.78215
-3.0853271484375,2.7822
-2.890625,2.78225
-3.00537109375,2.7822999999999998
-2.972412109375,2.78235
-2.91656494140625,2.7824
-2.98095703125,2.78245
-3.12103271484375,2.7824999999999998
-3.10699462890625,2.78255
-3.19427490234375,2.7826
-3.0511474609375,2.78265
-3.0621337890625,2.7826999999999997
-2.9449462890625,2.78275
-3.08868408203125,2.7828
-3.03314208984375,2.78285
-3.09478759765625,2.7829
-2.88421630859375,2.78295
-2.73284912109375,2.783
-2.99652099609375,2.78305
-3.06732177734375,2.7831
-3.0694580078125,2.78315
-2.9412841796875,2.7832
-3.2318115234375,2.78325
-3.10455322265625,2.7833
-3.19793701171875,2.78335
-3.24920654296875,2.7834
-3.291015625,2.7834499999999998
-2.8955078125,2.7835
-3.19793701171875,2.78355
-2.94677734375,2.7836
-2.94189453125,2.7836499999999997
-3.07098388671875,2.7837
-3.134765625,2.78375
-2.91259765625,2.7838
-2.90008544921875,2.78385
-2.94677734375,2.7839
-3.02154541015625,2.78395
-3.22265625,2.784
-3.1280517578125,2.78405
-2.93121337890625,2.7841
-2.97637939453125,2.78415
-3.128662109375,2.7842
-3.0584716796875,2.78425
-3.338623046875,2.7843
-3.03680419921875,2.78435
-2.98553466796875,2.7843999999999998
-2.70172119140625,2.78445
-3.06732177734375,2.7845
-3.037109375,2.78455
-2.977294921875,2.7845999999999997
-2.97119140625,2.78465
-3.20526123046875,2.7847
-3.03192138671875,2.78475
-3.095703125,2.7847999999999997
-3.02886962890625,2.78485
-3.1256103515625,2.7849
-3.079833984375,2.78495
-2.89520263671875,2.785
-3.045654296875,2.78505
-2.852783203125,2.7851
-2.8912353515625,2.78515
-3.038330078125,2.7852
-2.88238525390625,2.78525
-2.78717041015625,2.7853
-3.2763671875,2.7853499999999998
-3.16192626953125,2.7854
-3.04962158203125,2.78545
-3.21044921875,2.7855
-3.03497314453125,2.7855499999999997
-2.95684814453125,2.7856
-3.34136962890625,2.78565
-3.3782958984375,2.7857
-3.27789306640625,2.7857499999999997
-3.33770751953125,2.7858
-3.02001953125,2.78585
-3.23577880859375,2.7859
-3.0987548828125,2.78595
-3.00750732421875,2.786
-3.221435546875,2.78605
-3.34869384765625,2.7861
-3.11981201171875,2.78615
-3.40850830078125,2.7862
-3.406982421875,2.78625
-3.4564208984375,2.7862999999999998
-3.38531494140625,2.78635
-3.41094970703125,2.7864
-3.00048828125,2.78645
-3.228759765625,2.7864999999999998
-3.2159423828125,2.78655
-3.35784912109375,2.7866
-3.009033203125,2.78665
-3.3203125,2.7866999999999997
-3.24951171875,2.78675
-3.15338134765625,2.7868
-3.31878662109375,2.78685
-3.30230712890625,2.7869
-2.83477783203125,2.78695
-3.29803466796875,2.787
-3.0267333984375,2.78705
-3.21441650390625,2.7871
-3.563232421875,2.78715
-3.311767578125,2.7872
-2.90069580078125,2.78725
-3.35906982421875,2.7873
-3.3917236328125,2.78735
-3.323974609375,2.7874
-3.28887939453125,2.7874499999999998
-3.087158203125,2.7875
-3.07342529296875,2.78755
-3.00506591796875,2.7876
-2.94952392578125,2.7876499999999997
-2.9132080078125,2.7877
-3.22723388671875,2.78775
-2.92449951171875,2.7878
-3.34259033203125,2.7878499999999997
-2.96234130859375,2.7879
-3.09417724609375,2.78795
-3.15399169921875,2.788
-3.25439453125,2.78805
-2.958984375,2.7881
-3.14605712890625,2.78815
-3.14208984375,2.7882
-3.306884765625,2.78825
-3.2855224609375,2.7883
-3.1170654296875,2.78835
-2.928466796875,2.7883999999999998
-2.7679443359375,2.78845
-3.385009765625,2.7885
-3.18145751953125,2.78855
-3.177490234375,2.7885999999999997
-3.09967041015625,2.78865
-3.2342529296875,2.7887
-2.90374755859375,2.78875
-3.43719482421875,2.7887999999999997
-3.23883056640625,2.78885
-3.37158203125,2.7889
-3.1475830078125,2.78895
-3.39508056640625,2.789
-3.35296630859375,2.78905
-3.29681396484375,2.7891
-3.13323974609375,2.78915
-3.32122802734375,2.7892
-3.36090087890625,2.78925
-2.98583984375,2.7893
-3.15948486328125,2.7893499999999998
-3.32122802734375,2.7894
-3.10455322265625,2.78945
-3.0810546875,2.7895
-3.0938720703125,2.7895499999999998
-2.81707763671875,2.7896
-3.17718505859375,2.78965
-3.06365966796875,2.7897
-3.01727294921875,2.7897499999999997
-2.89520263671875,2.7898
-2.84942626953125,2.78985
-2.9815673828125,2.7899
-3.0096435546875,2.78995
-2.98980712890625,2.79
-2.9022216796875,2.79005
-2.5494384765625,2.7901
-3.02032470703125,2.79015
-2.9486083984375,2.7902
-2.8009033203125,2.79025
-2.90283203125,2.7903
-2.90618896484375,2.79035
-2.705078125,2.7904
-2.79693603515625,2.79045
-2.71087646484375,2.7904999999999998
-2.7032470703125,2.79055
-3.021240234375,2.7906
-3.0352783203125,2.79065
-2.8265380859375,2.7906999999999997
-2.78472900390625,2.79075
-2.9827880859375,2.7908
-3.08258056640625,2.79085
-3.14788818359375,2.7909
-2.6849365234375,2.79095
-3.0340576171875,2.791
-2.88543701171875,2.79105
-2.90374755859375,2.7911
-2.7716064453125,2.79115
-2.96173095703125,2.7912
-2.8143310546875,2.79125
-2.71392822265625,2.7913
-2.91168212890625,2.79135
-2.6904296875,2.7914
-2.77008056640625,2.7914499999999998
-2.80975341796875,2.7915
-2.72247314453125,2.79155
-2.91778564453125,2.7916
-3.29681396484375,2.7916499999999997
-3.21014404296875,2.7917
-3.1878662109375,2.79175
-3.08502197265625,2.7918
-3.5650634765625,2.7918499999999997
-3.32122802734375,2.7919
-3.38775634765625,2.79195
-3.58489990234375,2.792
-3.62701416015625,2.79205
-3.50616455078125,2.7921
-3.55987548828125,2.79215
-3.43017578125,2.7922
-3.6737060546875,2.79225
-3.521728515625,2.7923
-3.56842041015625,2.79235
-3.677978515625,2.7923999999999998
-3.20068359375,2.79245
-3.5699462890625,2.7925
-3.6114501953125,2.79255
-3.51593017578125,2.7925999999999997
-3.2562255859375,2.79265
-3.42864990234375,2.7927
-3.1597900390625,2.79275
-3.6505126953125,2.7927999999999997
-3.59771728515625,2.79285
-3.42498779296875,2.7929
-3.08349609375,2.79295
-3.583984375,2.793
-3.292236328125,2.79305
-3.39447021484375,2.7931
-3.543701171875,2.79315
-3.1756591796875,2.7932
-2.96600341796875,2.79325
-3.28369140625,2.7933
-2.95196533203125,2.7933499999999998
-3.0303955078125,2.7934
-3.167724609375,2.79345
-3.177490234375,2.7935
-2.94189453125,2.7935499999999998
-2.79144287109375,2.7936
-3.1378173828125,2.79365
-3.018798828125,2.7937
-3.21319580078125,2.7937499999999997
-2.890625,2.7938
-2.98797607421875,2.79385
-3.2879638671875,2.7939
-3.29254150390625,2.79395
-3.13140869140625,2.794
-3.18939208984375,2.79405
-3.34564208984375,2.7941
-3.4405517578125,2.79415
-3.38134765625,2.7942
-3.3740234375,2.79425
-3.3111572265625,2.7943
-3.5107421875,2.79435
-3.148193359375,2.7944
-3.35235595703125,2.79445
-3.53485107421875,2.7944999999999998
-3.42559814453125,2.79455
-3.0657958984375,2.7946
-3.4515380859375,2.79465
-3.13629150390625,2.7946999999999997
-3.01361083984375,2.79475
-3.4539794921875,2.7948
-3.38134765625,2.79485
-3.13995361328125,2.7948999999999997
-2.95440673828125,2.79495
-2.89398193359375,2.795
-2.60833740234375,2.79505
-2.80059814453125,2.7951
-2.91778564453125,2.79515
-2.80853271484375,2.7952
-2.6031494140625,2.79525
-2.6104736328125,2.7953
-2.66510009765625,2.79535
-2.69012451171875,2.7954
-2.6007080078125,2.7954499999999998
-2.694091796875,2.7955
-2.77252197265625,2.79555
-2.6715087890625,2.7956
-2.8662109375,2.7956499999999997
-2.78289794921875,2.7957
-2.8704833984375,2.79575
-2.62786865234375,2.7958
-2.7972412109375,2.7958499999999997
-2.51129150390625,2.7959
-2.716064453125,2.79595
-2.52899169921875,2.796
-2.78045654296875,2.79605
-2.476806640625,2.7961
-2.8692626953125,2.79615
-2.75115966796875,2.7962
-2.9364013671875,2.79625
-3.09967041015625,2.7963
-2.9669189453125,2.79635
-2.77740478515625,2.7963999999999998
-3.02154541015625,2.79645
-2.9388427734375,2.7965
-3.00201416015625,2.79655
-3.03192138671875,2.7965999999999998
-2.7801513671875,2.79665
-2.66265869140625,2.7967
-2.6507568359375,2.79675
-2.81646728515625,2.7967999999999997
-2.73956298828125,2.79685
-2.82623291015625,2.7969
-2.56103515625,2.79695
-2.89215087890625,2.797
-2.84027099609375,2.79705
-2.8570556640625,2.7971
-2.8057861328125,2.79715
-2.752685546875,2.7972
-2.7093505859375,2.79725
-2.92327880859375,2.7973
-2.85430908203125,2.79735
-2.97607421875,2.7974
-2.80853271484375,2.79745
-2.8857421875,2.7975
-2.9718017578125,2.7975499999999998
-3.00567626953125,2.7976
-3.04656982421875,2.79765
-3.12530517578125,2.7977
-2.78961181640625,2.7977499999999997
-3.1805419921875,2.7978
-2.81463623046875,2.79785
-2.763671875,2.7979
-3.45977783203125,2.79795
-3.29864501953125,2.798
-3.03741455078125,2.79805
-2.90130615234375,2.7981
-3.280029296875,2.79815
-3.10150146484375,2.7982
-3.22479248046875,2.79825
-3.001708984375,2.7983
-3.06793212890625,2.79835
-3.0535888671875,2.7984
-3.1085205078125,2.79845
-3.0010986328125,2.7984999999999998
-3.201904296875,2.79855
-3.1561279296875,2.7986
-3.44696044921875,2.79865
-3.03619384765625,2.7986999999999997
-3.0975341796875,2.79875
-3.30657958984375,2.7988
-3.32275390625,2.79885
-3.10211181640625,2.7988999999999997
-3.08380126953125,2.79895
-3.1036376953125,2.799
-3.17230224609375,2.79905
-3.089599609375,2.7991
-3.08319091796875,2.79915
-3.1134033203125,2.7992
-2.72674560546875,2.79925
-3.0657958984375,2.7993
-3.1341552734375,2.79935
-2.9254150390625,2.7994
-3.19061279296875,2.7994499999999998
-3.05511474609375,2.7995
-2.98309326171875,2.79955
-3.3001708984375,2.7996
-3.18450927734375,2.7996499999999997
-3.21502685546875,2.7997
-2.88909912109375,2.79975
-2.8973388671875,2.7998
-2.98675537109375,2.7998499999999997
-2.92083740234375,2.7999
-3.01300048828125,2.79995
-2.88421630859375,2.8000000000000003
-2.84332275390625,2.80005
-2.568359375,2.8001000000000005
-2.98065185546875,2.8001500000000004
-2.97119140625,2.8002000000000002
-2.92266845703125,2.80025
-3.0517578125,2.8003000000000005
-2.96844482421875,2.8003500000000003
-2.89337158203125,2.8004000000000002
-3.37554931640625,2.80045
-3.09600830078125,2.8005000000000004
-3.17169189453125,2.8005500000000003
-2.85797119140625,2.8006
-2.9150390625,2.80065
-3.24462890625,2.8007000000000004
-2.94586181640625,2.8007500000000003
-3.302001953125,2.8008
-3.23150634765625,2.80085
-2.6971435546875,2.8009000000000004
-3.203125,2.8009500000000003
-3.19427490234375,2.801
-2.93731689453125,2.8010500000000005
-3.24951171875,2.8011000000000004
-3.17474365234375,2.8011500000000003
-3.10455322265625,2.8012
-2.982177734375,2.8012500000000005
-3.1048583984375,2.8013000000000003
-2.88116455078125,2.8013500000000002
-3.03466796875,2.8014
-2.96173095703125,2.8014500000000004
-3.03985595703125,2.8015000000000003
-2.9632568359375,2.80155
-2.78656005859375,2.8016
-2.9425048828125,2.8016500000000004
-3.03680419921875,2.8017000000000003
-2.66326904296875,2.80175
-2.91412353515625,2.8018
-2.822265625,2.8018500000000004
-2.84271240234375,2.8019000000000003
-2.95745849609375,2.80195
-3.095703125,2.802
-2.99102783203125,2.8020500000000004
-3.1781005859375,2.8021000000000003
-3.08013916015625,2.80215
-3.150634765625,2.8022000000000005
-3.0548095703125,2.8022500000000004
-3.01361083984375,2.8023000000000002
-3.05511474609375,2.80235
-2.70904541015625,2.8024000000000004
-3.3074951171875,2.8024500000000003
-3.13385009765625,2.8025
-2.76092529296875,2.80255
-2.61322021484375,2.8026000000000004
-2.9229736328125,2.8026500000000003
-2.69561767578125,2.8027
-2.73651123046875,2.80275
-2.80426025390625,2.8028000000000004
-2.803955078125,2.8028500000000003
-2.82562255859375,2.8029
-2.9833984375,2.80295
-2.806396484375,2.8030000000000004
-2.91168212890625,2.8030500000000003
-3.1829833984375,2.8031
-2.94464111328125,2.8031500000000005
-2.9541015625,2.8032000000000004
-2.60498046875,2.8032500000000002
-2.97698974609375,2.8033
-3.0072021484375,2.8033500000000005
-2.86773681640625,2.8034000000000003
-2.860107421875,2.80345
-2.81402587890625,2.8035
-2.908935546875,2.8035500000000004
-3.10089111328125,2.8036000000000003
-2.9901123046875,2.80365
-2.86590576171875,2.8037
-2.70050048828125,2.8037500000000004
-2.9010009765625,2.8038000000000003
-2.9547119140625,2.80385
-3.00201416015625,2.8039
-3.172607421875,2.8039500000000004
-2.9742431640625,2.8040000000000003
-2.92236328125,2.80405
-3.1622314453125,2.8041000000000005
-3.0072021484375,2.8041500000000004
-2.978515625,2.8042000000000002
-3.08135986328125,2.80425
-3.2330322265625,2.8043000000000005
-3.11492919921875,2.8043500000000003
-3.06060791015625,2.8044000000000002
-3.30718994140625,2.80445
-2.98553466796875,2.8045000000000004
-3.194580078125,2.8045500000000003
-3.1732177734375,2.8046
-3.1158447265625,2.80465
-3.07891845703125,2.8047000000000004
-3.13690185546875,2.8047500000000003
-3.2012939453125,2.8048
-3.29376220703125,2.80485
-3.08990478515625,2.8049000000000004
-3.3935546875,2.8049500000000003
-3.253173828125,2.805
-3.323974609375,2.8050500000000005
-3.0517578125,2.8051000000000004
-3.1536865234375,2.8051500000000003
-2.977294921875,2.8052
-2.939453125,2.8052500000000005
-3.03314208984375,2.8053000000000003
-3.17962646484375,2.8053500000000002
-2.730712890625,2.8054
-3.05633544921875,2.8054500000000004
-3.00048828125,2.8055000000000003
-2.71270751953125,2.80555
-3.2720947265625,2.8056
-3.211669921875,2.8056500000000004
-3.0230712890625,2.8057000000000003
-2.90008544921875,2.80575
-3.15521240234375,2.8058
-2.9547119140625,2.8058500000000004
-2.95196533203125,2.8059000000000003
-3.037109375,2.80595
-3.251953125,2.806
-2.8668212890625,2.8060500000000004
-3.095703125,2.8061000000000003
-2.85003662109375,2.80615
-3.14056396484375,2.8062000000000005
-2.95257568359375,2.8062500000000004
-2.9022216796875,2.8063000000000002
-2.9736328125,2.80635
-2.96478271484375,2.8064000000000004
-3.17474365234375,2.8064500000000003
-3.22723388671875,2.8065
-3.01116943359375,2.80655
-2.991943359375,2.8066000000000004
-2.95745849609375,2.8066500000000003
-2.73040771484375,2.8067
-2.99560546875,2.80675
-2.95074462890625,2.8068000000000004
-2.81005859375,2.8068500000000003
-2.67791748046875,2.8069
-3.092041015625,2.80695
-3.01361083984375,2.8070000000000004
-2.93609619140625,2.8070500000000003
-2.91839599609375,2.8071
-3.07373046875,2.8071500000000005
-2.96112060546875,2.8072000000000004
-3.018798828125,2.8072500000000002
-3.04534912109375,2.8073
-2.9425048828125,2.8073500000000005
-3.09112548828125,2.8074000000000003
-3.2110595703125,2.8074500000000002
-3.11920166015625,2.8075
-2.978515625,2.8075500000000004
-3.182373046875,2.8076000000000003
-3.12225341796875,2.80765
-3.05206298828125,2.8077
-2.84454345703125,2.8077500000000004
-2.88299560546875,2.8078000000000003
-2.70477294921875,2.80785
-3.060302734375,2.8079
-3.001708984375,2.8079500000000004
-2.82318115234375,2.8080000000000003
-2.845458984375,2.80805
-2.9522705078125,2.8081000000000005
-3.01025390625,2.8081500000000004
-2.974853515625,2.8082000000000003
-2.811279296875,2.80825
-2.899169921875,2.8083000000000005
-2.67669677734375,2.8083500000000003
-2.7606201171875,2.8084000000000002
-3.04718017578125,2.80845
-2.7923583984375,2.8085000000000004
-2.47283935546875,2.8085500000000003
-2.77191162109375,2.8086
-2.666015625,2.80865
-2.53326416015625,2.8087000000000004
-2.74017333984375,2.8087500000000003
-2.87109375,2.8088
-2.70172119140625,2.80885
-2.54180908203125,2.8089000000000004
-2.7032470703125,2.8089500000000003
-2.6275634765625,2.809
-2.76580810546875,2.80905
-2.6885986328125,2.8091000000000004
-2.926025390625,2.8091500000000003
-2.30255126953125,2.8092
-2.57965087890625,2.8092500000000005
-2.65167236328125,2.8093000000000004
-2.89703369140625,2.8093500000000002
-2.52960205078125,2.8094
-2.90740966796875,2.8094500000000004
-2.5860595703125,2.8095000000000003
-2.71148681640625,2.80955
-2.89337158203125,2.8096
-2.85491943359375,2.8096500000000004
-2.689208984375,2.8097000000000003
-2.69683837890625,2.80975
-2.74078369140625,2.8098
-2.73590087890625,2.8098500000000004
-2.7783203125,2.8099000000000003
-2.8729248046875,2.80995
-2.8338623046875,2.81
-2.79998779296875,2.8100500000000004
-2.9840087890625,2.8101000000000003
-2.996826171875,2.81015
-2.96875,2.8102000000000005
-2.8240966796875,2.8102500000000004
-3.10302734375,2.8103000000000002
-2.79998779296875,2.81035
-2.796630859375,2.8104000000000005
-3.03558349609375,2.8104500000000003
-2.89581298828125,2.8105
-2.9193115234375,2.81055
-2.83966064453125,2.8106000000000004
-2.8692626953125,2.8106500000000003
-2.913818359375,2.8107
-3.08319091796875,2.81075
-2.98492431640625,2.8108000000000004
-2.840576171875,2.8108500000000003
-2.8045654296875,2.8109
-3.30810546875,2.81095
-3.046875,2.8110000000000004
-3.0157470703125,2.8110500000000003
-3.03924560546875,2.8111
-2.877197265625,2.8111500000000005
-2.68310546875,2.8112000000000004
-2.80487060546875,2.8112500000000002
-3.02642822265625,2.8113
-2.705078125,2.8113500000000005
-2.56500244140625,2.8114000000000003
-2.98614501953125,2.8114500000000002
-2.78076171875,2.8115
-2.73712158203125,2.8115500000000004
-2.9827880859375,2.8116000000000003
-3.04534912109375,2.81165
-2.93792724609375,2.8117
-2.8326416015625,2.8117500000000004
-2.94677734375,2.8118000000000003
-2.799072265625,2.81185
-3.29437255859375,2.8119
-3.37615966796875,2.8119500000000004
-3.23944091796875,2.8120000000000003
-2.943115234375,2.81205
-3.08319091796875,2.8121000000000005
-3.18206787109375,2.8121500000000004
-3.10302734375,2.8122000000000003
-2.821044921875,2.81225
-2.9425048828125,2.8123000000000005
-2.623291015625,2.8123500000000003
-2.945556640625,2.8124000000000002
-3.04595947265625,2.81245
-2.8662109375,2.8125000000000004
-2.70782470703125,2.8125500000000003
-3.11065673828125,2.8126
-3.092041015625,2.81265
-3.16375732421875,2.8127000000000004
-3.04962158203125,2.8127500000000003
-3.19549560546875,2.8128
-3.13751220703125,2.81285
-2.9010009765625,2.8129000000000004
-3.52569580078125,2.8129500000000003
-3.19122314453125,2.813
-3.15887451171875,2.81305
-3.1170654296875,2.8131000000000004
-3.35113525390625,2.8131500000000003
-2.89398193359375,2.8132
-3.12255859375,2.8132500000000005
-3.40057373046875,2.8133000000000004
-3.28948974609375,2.8133500000000002
-3.2403564453125,2.8134
-3.60504150390625,2.8134500000000005
-3.29803466796875,2.8135000000000003
-3.48663330078125,2.81355
-3.623046875,2.8136
-3.4344482421875,2.8136500000000004
-3.1353759765625,2.8137000000000003
-2.88787841796875,2.81375
-3.22998046875,2.8138
-3.048095703125,2.8138500000000004
-2.98736572265625,2.8139000000000003
-3.11767578125,2.81395
-2.81219482421875,2.814
-2.8619384765625,2.8140500000000004
-3.0865478515625,2.8141000000000003
-3.03619384765625,2.81415
-2.95989990234375,2.8142000000000005
-3.01849365234375,2.8142500000000004
-3.10943603515625,2.8143000000000002
-3.1195068359375,2.81435
-3.17901611328125,2.8144000000000005
-3.3587646484375,2.8144500000000003
-3.04473876953125,2.8145000000000002
-2.967529296875,2.81455
-3.00445556640625,2.8146000000000004
-2.93670654296875,2.8146500000000003
-2.9217529296875,2.8147
-3.17840576171875,2.81475
-3.1475830078125,2.8148000000000004
-2.799072265625,2.8148500000000003
-2.9217529296875,2.8149
-3.22723388671875,2.81495
-2.9168701171875,2.8150000000000004
-3.06365966796875,2.8150500000000003
-3.1866455078125,2.8151
-3.00048828125,2.8151500000000005
-2.864990234375,2.8152000000000004
-3.1988525390625,2.8152500000000003
-3.15948486328125,2.8153
-2.960205078125,2.8153500000000005
-2.85369873046875,2.8154000000000003
-3.037109375,2.8154500000000002
-3.04473876953125,2.8155
-3.133544921875,2.8155500000000004
-2.88482666015625,2.8156000000000003
-2.9595947265625,2.81565
-2.71087646484375,2.8157
-2.7325439453125,2.8157500000000004
-3.001708984375,2.8158000000000003
-2.7252197265625,2.81585
-2.62908935546875,2.8159
-2.94586181640625,2.8159500000000004
-2.9376220703125,2.8160000000000003
-2.74200439453125,2.81605
-3.23822021484375,2.8161
-3.150634765625,2.8161500000000004
-3.07159423828125,2.8162000000000003
-2.9144287109375,2.81625
-3.16497802734375,2.8163000000000005
-2.85400390625,2.8163500000000004
-3.0322265625,2.8164000000000002
-3.233642578125,2.81645
-3.40362548828125,2.8165000000000004
-3.028564453125,2.8165500000000003
-3.074951171875,2.8166
-3.14727783203125,2.81665
-3.21319580078125,2.8167000000000004
-3.36029052734375,2.8167500000000003
-3.33740234375,2.8168
-3.25714111328125,2.81685
-3.60076904296875,2.8169000000000004
-3.79058837890625,2.8169500000000003
-3.64898681640625,2.817
-3.5870361328125,2.81705
-3.47442626953125,2.8171000000000004
-3.86199951171875,2.8171500000000003
-3.563232421875,2.8172
-3.44451904296875,2.8172500000000005
-3.71307373046875,2.8173000000000004
-3.681640625,2.8173500000000002
-3.32855224609375,2.8174
-3.785400390625,2.8174500000000005
-3.45458984375,2.8175000000000003
-3.59039306640625,2.81755
-3.61785888671875,2.8176
-3.69140625,2.8176500000000004
-3.2861328125,2.8177000000000003
-3.24920654296875,2.81775
-3.36944580078125,2.8178
-3.2135009765625,2.8178500000000004
-3.42529296875,2.8179000000000003
-3.287353515625,2.81795
-3.08197021484375,2.818
-2.8662109375,2.8180500000000004
-3.253173828125,2.8181000000000003
-3.05999755859375,2.81815
-2.85400390625,2.8182000000000005
-2.8460693359375,2.8182500000000004
-2.85186767578125,2.8183000000000002
-2.5567626953125,2.81835
-2.74444580078125,2.8184000000000005
-2.82745361328125,2.8184500000000003
-2.43011474609375,2.8185000000000002
-2.6171875,2.81855
-2.4951171875,2.8186000000000004
-2.66937255859375,2.8186500000000003
-2.666015625,2.8187
-2.5140380859375,2.81875
-2.8851318359375,2.8188000000000004
-2.6873779296875,2.8188500000000003
-2.62420654296875,2.8189
-3.3123779296875,2.81895
-2.96966552734375,2.8190000000000004
-2.92327880859375,2.8190500000000003
-3.00506591796875,2.8191
-3.00140380859375,2.8191500000000005
-3.02459716796875,2.8192000000000004
-3.199462890625,2.8192500000000003
-3.35113525390625,2.8193
-3.2867431640625,2.8193500000000005
-3.116455078125,2.8194000000000004
-3.5162353515625,2.8194500000000002
-3.28216552734375,2.8195
-3.4259033203125,2.8195500000000004
-3.30657958984375,2.8196000000000003
-3.587646484375,2.81965
-2.9302978515625,2.8197
-3.377685546875,2.8197500000000004
-3.2928466796875,2.8198000000000003
-3.16925048828125,2.81985
-3.2421875,2.8199
-3.11859130859375,2.8199500000000004
-2.93914794921875,2.8200000000000003
-2.9962158203125,2.82005
-3.08990478515625,2.8201
-2.96844482421875,2.8201500000000004
-3.14666748046875,2.8202000000000003
-2.89825439453125,2.82025
-3.2171630859375,2.8203000000000005
-2.9998779296875,2.8203500000000004
-2.79022216796875,2.8204000000000002
-3.12286376953125,2.82045
-3.3453369140625,2.8205000000000005
-2.606201171875,2.8205500000000003
-3.13232421875,2.8206
-2.95928955078125,2.82065
-3.0194091796875,2.8207000000000004
-3.1610107421875,2.8207500000000003
-3.25103759765625,2.8208
-2.85369873046875,2.82085
-3.0029296875,2.8209000000000004
-3.3599853515625,2.8209500000000003
-3.22540283203125,2.821
-3.3038330078125,2.82105
-2.92449951171875,2.8211000000000004
-3.27606201171875,2.8211500000000003
-3.28857421875,2.8212
-3.4576416015625,2.8212500000000005
-3.33343505859375,2.8213000000000004
-3.26629638671875,2.8213500000000002
-3.29498291015625,2.8214
-3.736572265625,2.8214500000000005
-3.23516845703125,2.8215000000000003
-3.37310791015625,2.8215500000000002
-3.23333740234375,2.8216
-3.19671630859375,2.8216500000000004
-3.280029296875,2.8217000000000003
-3.0047607421875,2.82175
-3.26812744140625,2.8218
-3.19183349609375,2.8218500000000004
-3.14453125,2.8219000000000003
-3.3563232421875,2.82195
-2.95196533203125,2.822
-2.94036865234375,2.8220500000000004
-3.60687255859375,2.8221000000000003
-3.52569580078125,2.82215
-3.087158203125,2.8222000000000005
-3.2830810546875,2.8222500000000004
-3.36456298828125,2.8223000000000003
-3.02978515625,2.82235
-3.51959228515625,2.8224000000000005
-3.39447021484375,2.8224500000000003
-3.1719970703125,2.8225000000000002
-3.03619384765625,2.82255
-3.07769775390625,2.8226000000000004
-3.13018798828125,2.8226500000000003
-3.06732177734375,2.8227
-3.123779296875,2.82275
-3.2708740234375,2.8228000000000004
-2.9058837890625,2.8228500000000003
-3.1243896484375,2.8229
-3.2574462890625,2.82295
-3.12225341796875,2.8230000000000004
-3.28704833984375,2.8230500000000003
-3.32977294921875,2.8231
-3.14788818359375,2.82315
-3.16925048828125,2.8232000000000004
-2.94830322265625,2.8232500000000003
-3.20068359375,2.8233
-3.3697509765625,2.8233500000000005
-2.8521728515625,2.8234000000000004
-3.38714599609375,2.8234500000000002
-3.26995849609375,2.8235
-3.17779541015625,2.8235500000000004
-3.24676513671875,2.8236000000000003
-3.36090087890625,2.82365
-2.7911376953125,2.8237
-3.06884765625,2.8237500000000004
-3.2135009765625,2.8238000000000003
-3.33831787109375,2.82385
-3.06488037109375,2.8239
-3.20892333984375,2.8239500000000004
-2.89886474609375,2.8240000000000003
-3.1201171875,2.82405
-3.20068359375,2.8241
-3.15765380859375,2.8241500000000004
-2.9754638671875,2.8242000000000003
-3.07891845703125,2.82425
-3.17138671875,2.8243000000000005
-3.09722900390625,2.8243500000000004
-3.0938720703125,2.8244000000000002
-3.135986328125,2.82445
-2.98248291015625,2.8245000000000005
-2.87200927734375,2.8245500000000003
-3.20098876953125,2.8246
-3.07159423828125,2.82465
-3.07586669921875,2.8247000000000004
-3.02947998046875,2.8247500000000003
-3.30780029296875,2.8248
-3.1475830078125,2.82485
-3.14605712890625,2.8249000000000004
-3.22784423828125,2.8249500000000003
-3.367919921875,2.825
-3.0645751953125,2.82505
-2.9412841796875,2.8251000000000004
-2.9730224609375,2.8251500000000003
-2.71728515625,2.8252
-3.0963134765625,2.82525
-3.03070068359375,2.8253000000000004
-3.03131103515625,2.8253500000000003
-2.7362060546875,2.8254
-2.911376953125,2.82545
-2.828369140625,2.8255000000000003
-2.86712646484375,2.8255500000000002
-2.9718017578125,2.8256
-2.95440673828125,2.82565
-2.85552978515625,2.8257000000000003
-3.1768798828125,2.82575
-3.14300537109375,2.8258
-2.86376953125,2.8258500000000004
-2.90374755859375,2.8259000000000003
-2.89886474609375,2.82595
-2.92266845703125,2.826
-2.73345947265625,2.8260500000000004
-2.7520751953125,2.8261000000000003
-2.8411865234375,2.82615
-2.9193115234375,2.8262
-2.51922607421875,2.8262500000000004
-2.81402587890625,2.8263000000000003
-2.5616455078125,2.82635
-2.66143798828125,2.8264
-2.72735595703125,2.8264500000000004
-2.73834228515625,2.8265000000000002
-2.449951171875,2.82655
-2.89337158203125,2.8266
-3.1402587890625,2.8266500000000003
-3.11920166015625,2.8267
-2.92572021484375,2.82675
-3.0755615234375,2.8268000000000004
-2.72247314453125,2.8268500000000003
-2.83294677734375,2.8269
-2.8802490234375,2.82695
-3.0511474609375,2.8270000000000004
-2.76275634765625,2.8270500000000003
-2.77587890625,2.8271
-2.8607177734375,2.82715
-2.84271240234375,2.8272000000000004
-2.91168212890625,2.8272500000000003
-3.10455322265625,2.8273
-2.8656005859375,2.82735
-2.88177490234375,2.8274000000000004
-2.891845703125,2.8274500000000002
-3.03466796875,2.8275
-3.048095703125,2.82755
-2.76153564453125,2.8276000000000003
-2.9046630859375,2.82765
-2.7239990234375,2.8277
-2.62908935546875,2.82775
-2.9193115234375,2.8278000000000003
-2.85919189453125,2.82785
-2.6287841796875,2.8279
-2.83721923828125,2.8279500000000004
-2.81585693359375,2.8280000000000003
-2.80029296875,2.82805
-3.1341552734375,2.8281
-3.289794921875,2.8281500000000004
-3.04473876953125,2.8282000000000003
-3.0963134765625,2.82825
-3.47412109375,2.8283
-3.226318359375,2.8283500000000004
-3.30169677734375,2.8284000000000002
-3.19427490234375,2.82845
-3.392333984375,2.8285
-3.01055908203125,2.8285500000000003
-3.28826904296875,2.8286000000000002
-3.2965087890625,2.82865
-3.1146240234375,2.8287
-3.36639404296875,2.8287500000000003
-3.524169921875,2.8288
-3.33526611328125,2.82885
-3.47015380859375,2.8289000000000004
-3.53118896484375,2.8289500000000003
-3.49945068359375,2.829
-3.2696533203125,2.82905
-3.17718505859375,2.8291000000000004
-3.48358154296875,2.8291500000000003
-3.11798095703125,2.8292
-3.19091796875,2.82925
-3.319091796875,2.8293000000000004
-3.16131591796875,2.8293500000000003
-2.87933349609375,2.8294
-3.18359375,2.82945
-3.19915771484375,2.8295000000000003
-3.0841064453125,2.8295500000000002
-2.9876708984375,2.8296
-3.18328857421875,2.82965
-2.80517578125,2.8297000000000003
-3.1329345703125,2.82975
-3.336181640625,2.8298
-3.3001708984375,2.8298500000000004
-2.85064697265625,2.8299000000000003
-2.73162841796875,2.82995
-3.11553955078125,2.83
-2.95745849609375,2.8300500000000004
-2.890625,2.8301000000000003
-3.01544189453125,2.83015
-2.77069091796875,2.8302
-2.93853759765625,2.8302500000000004
-3.0487060546875,2.8303000000000003
-2.98736572265625,2.83035
-3.1317138671875,2.8304
-3.17657470703125,2.8304500000000004
-3.1982421875,2.8305000000000002
-3.0084228515625,2.83055
-2.94525146484375,2.8306
-3.11126708984375,2.8306500000000003
-3.26629638671875,2.8307
-2.7978515625,2.83075
-3.08990478515625,2.8308
-3.08502197265625,2.8308500000000003
-3.016357421875,2.8309
-2.9913330078125,2.83095
-3.06640625,2.8310000000000004
-2.5616455078125,2.8310500000000003
-2.569580078125,2.8311
-3.0523681640625,2.83115
-2.90008544921875,2.8312000000000004
-2.8790283203125,2.8312500000000003
-2.89825439453125,2.8313
-2.811279296875,2.83135
-2.7978515625,2.8314000000000004
-3.03802490234375,2.8314500000000002
-2.8826904296875,2.8315
-2.8826904296875,2.83155
-2.90283203125,2.8316000000000003
-3.09478759765625,2.8316500000000002
-3.023681640625,2.8317
-3.05267333984375,2.83175
-2.9925537109375,2.8318000000000003
-2.9083251953125,2.83185
-2.91595458984375,2.8319
-2.96417236328125,2.8319500000000004
-3.0474853515625,2.8320000000000003
-2.84515380859375,2.83205
-2.967529296875,2.8321
-3.1231689453125,2.8321500000000004
-2.9364013671875,2.8322000000000003
-2.88543701171875,2.83225
-3.111572265625,2.8323
-2.95135498046875,2.8323500000000004
-2.9931640625,2.8324000000000003
-2.67059326171875,2.83245
-2.86346435546875,2.8325
-2.55157470703125,2.8325500000000003
-3.011474609375,2.8326000000000002
-3.0975341796875,2.83265
-3.00689697265625,2.8327
-2.87628173828125,2.8327500000000003
-3.04473876953125,2.8328
-2.89154052734375,2.83285
-3.04229736328125,2.8329000000000004
-3.123779296875,2.8329500000000003
-3.05267333984375,2.833
-2.85400390625,2.83305
-3.06884765625,2.8331000000000004
-3.2366943359375,2.8331500000000003
-3.02154541015625,2.8332
-3.11767578125,2.83325
-3.09234619140625,2.8333000000000004
-3.3184814453125,2.8333500000000003
-3.09051513671875,2.8334
-3.12286376953125,2.83345
-3.20831298828125,2.8335000000000004
-3.16009521484375,2.8335500000000002
-3.011474609375,2.8336
-3.33587646484375,2.83365
-2.9083251953125,2.8337000000000003
-3.07403564453125,2.83375
-3.10699462890625,2.8338
-3.0999755859375,2.8338500000000004
-2.862548828125,2.8339000000000003
-2.91595458984375,2.83395
-2.97271728515625,2.834
-2.97149658203125,2.8340500000000004
-3.03131103515625,2.8341000000000003
-3.17535400390625,2.83415
-2.79205322265625,2.8342
-2.9931640625,2.8342500000000004
-3.42498779296875,2.8343000000000003
-3.348388671875,2.83435
-3.1585693359375,2.8344
-3.0169677734375,2.8344500000000004
-3.17596435546875,2.8345000000000002
-3.19976806640625,2.83455
-3.28704833984375,2.8346
-3.2574462890625,2.8346500000000003
-2.987060546875,2.8347
-3.2635498046875,2.83475
-3.15277099609375,2.8348
-3.1829833984375,2.8348500000000003
-3.3184814453125,2.8349
-3.2232666015625,2.83495
-3.4307861328125,2.8350000000000004
-3.11798095703125,2.8350500000000003
-3.1683349609375,2.8351
-3.47076416015625,2.83515
-3.23150634765625,2.8352000000000004
-3.21929931640625,2.8352500000000003
-3.4918212890625,2.8353
-3.09051513671875,2.83535
-3.399658203125,2.8354000000000004
-3.39996337890625,2.8354500000000002
-3.5369873046875,2.8355
-3.265380859375,2.83555
-3.02459716796875,2.8356000000000003
-3.66241455078125,2.8356500000000002
-3.26995849609375,2.8357
-3.3453369140625,2.83575
-3.36181640625,2.8358000000000003
-3.3978271484375,2.83585
-3.14453125,2.8359
-3.53118896484375,2.8359500000000004
-3.3160400390625,2.8360000000000003
-3.21868896484375,2.83605
-3.30078125,2.8361
-3.4088134765625,2.8361500000000004
-3.0511474609375,2.8362000000000003
-3.4002685546875,2.83625
-3.231201171875,2.8363
-3.08258056640625,2.8363500000000004
-3.099365234375,2.8364000000000003
-2.74505615234375,2.83645
-3.134765625,2.8365
-2.95562744140625,2.8365500000000003
-2.82012939453125,2.8366000000000002
-3.14208984375,2.83665
-3.0859375,2.8367
-2.6861572265625,2.8367500000000003
-3.54766845703125,2.8368
-3.05694580078125,2.83685
-3.0645751953125,2.8369000000000004
-3.153076171875,2.8369500000000003
-3.1671142578125,2.837
-3.0450439453125,2.83705
-2.940673828125,2.8371000000000004
-3.3026123046875,2.8371500000000003
-3.37310791015625,2.8372
-3.0804443359375,2.83725
-2.8790283203125,2.8373000000000004
-3.106689453125,2.8373500000000003
-3.03802490234375,2.8374
-3.18145751953125,2.83745
-3.33404541015625,2.8375000000000004
-3.1585693359375,2.8375500000000002
-3.1298828125,2.8376
-3.38714599609375,2.83765
-3.09539794921875,2.8377000000000003
-3.1768798828125,2.83775
-3.1884765625,2.8378
-3.12408447265625,2.83785
-3.14697265625,2.8379000000000003
-2.85064697265625,2.83795
-3.25347900390625,2.838
-3.18359375,2.8380500000000004
-2.92236328125,2.8381000000000003
-3.28277587890625,2.83815
-2.98065185546875,2.8382
-3.01055908203125,2.8382500000000004
-3.43505859375,2.8383000000000003
-3.44268798828125,2.83835
-2.9949951171875,2.8384
-3.4100341796875,2.8384500000000004
-3.17779541015625,2.8385000000000002
-3.23822021484375,2.83855
-3.60382080078125,2.8386
-3.61663818359375,2.8386500000000003
-3.28399658203125,2.8387000000000002
-3.1982421875,2.83875
-3.34930419921875,2.8388
-3.330078125,2.8388500000000003
-3.232421875,2.8389
-3.27239990234375,2.83895
-3.41522216796875,2.8390000000000004
-3.1201171875,2.8390500000000003
-3.271484375,2.8391
-3.248291015625,2.83915
-3.06915283203125,2.8392000000000004
-3.30291748046875,2.8392500000000003
-3.39996337890625,2.8393
-3.29193115234375,2.83935
-3.22906494140625,2.8394000000000004
-3.08746337890625,2.8394500000000003
-3.2012939453125,2.8395
-3.18511962890625,2.83955
-2.94036865234375,2.8396000000000003
-3.25927734375,2.8396500000000002
-2.9339599609375,2.8397
-2.9876708984375,2.83975
-2.79541015625,2.8398000000000003
-2.9632568359375,2.83985
-2.47589111328125,2.8399
-2.99041748046875,2.8399500000000004
-3.1500244140625,2.8400000000000003
-3.031005859375,2.84005
-2.89459228515625,2.8401
-3.1793212890625,2.8401500000000004
-2.943115234375,2.8402000000000003
-3.04595947265625,2.84025
-3.14788818359375,2.8403
-3.15887451171875,2.8403500000000004
-2.8875732421875,2.8404000000000003
-3.0047607421875,2.84045
-2.977294921875,2.8405
-2.90924072265625,2.8405500000000004
-2.86865234375,2.8406000000000002
-3.06488037109375,2.84065
-2.8265380859375,2.8407
-2.6788330078125,2.8407500000000003
-3.02276611328125,2.8408
-2.98187255859375,2.84085
-3.07403564453125,2.8409000000000004
-2.92877197265625,2.8409500000000003
-3.0474853515625,2.841
-3.0157470703125,2.84105
-2.9998779296875,2.8411000000000004
-3.02642822265625,2.8411500000000003
-3.40179443359375,2.8412
-3.1256103515625,2.84125
-3.211669921875,2.8413000000000004
-3.304443359375,2.8413500000000003
-3.3843994140625,2.8414
-3.5626220703125,2.84145
-3.77593994140625,2.8415000000000004
-3.3856201171875,2.8415500000000002
-3.4625244140625,2.8416
-3.88092041015625,2.84165
-3.79241943359375,2.8417000000000003
-3.6688232421875,2.84175
-3.44482421875,2.8418
-3.49212646484375,2.84185
-3.4100341796875,2.8419000000000003
-3.82049560546875,2.84195
-3.72161865234375,2.842
-3.345947265625,2.8420500000000004
-3.44757080078125,2.8421000000000003
-3.57391357421875,2.84215
-3.54400634765625,2.8422
-3.49456787109375,2.8422500000000004
-3.39111328125,2.8423000000000003
-3.61572265625,2.84235
-3.26873779296875,2.8424
-3.46466064453125,2.8424500000000004
-3.48907470703125,2.8425000000000002
-3.22509765625,2.84255
-3.26416015625,2.8426
-3.37005615234375,2.8426500000000003
-3.0609130859375,2.8427000000000002
-3.10455322265625,2.84275
-3.21685791015625,2.8428
-3.353271484375,2.8428500000000003
-3.17962646484375,2.8429
-2.8680419921875,2.84295
-2.9742431640625,2.8430000000000004
-2.60223388671875,2.8430500000000003
-2.8448486328125,2.8431
-2.8607177734375,2.84315
-2.89642333984375,2.8432000000000004
-2.56500244140625,2.8432500000000003
-2.76031494140625,2.8433
-2.755126953125,2.84335
-2.81707763671875,2.8434000000000004
-2.91839599609375,2.8434500000000003
-3.06243896484375,2.8435
-2.6959228515625,2.84355
-3.00048828125,2.8436000000000003
-2.89154052734375,2.8436500000000002
-3.05999755859375,2.8437
-2.95806884765625,2.84375
-2.96783447265625,2.8438000000000003
-3.057861328125,2.84385
-2.8411865234375,2.8439
-2.96478271484375,2.8439500000000004
-3.06121826171875,2.8440000000000003
-3.1915283203125,2.84405
-2.8125,2.8441
-3.333740234375,2.8441500000000004
-3.06304931640625,2.8442000000000003
-3.1317138671875,2.84425
-3.2122802734375,2.8443
-3.133544921875,2.8443500000000004
-2.79052734375,2.8444000000000003
-2.76031494140625,2.84445
-2.935791015625,2.8445
-2.9327392578125,2.8445500000000004
-2.6641845703125,2.8446000000000002
-2.55767822265625,2.84465
-2.7850341796875,2.8447
-2.53082275390625,2.8447500000000003
-2.67608642578125,2.8448
-2.79266357421875,2.84485
-2.4029541015625,2.8449
-2.5787353515625,2.8449500000000003
-2.44415283203125,2.845
-2.403564453125,2.84505
-2.61077880859375,2.8451000000000004
-2.645263671875,2.8451500000000003
-2.46978759765625,2.8452
-2.4615478515625,2.84525
-2.5311279296875,2.8453000000000004
-2.70782470703125,2.8453500000000003
-2.50823974609375,2.8454
-2.550048828125,2.84545
-2.8106689453125,2.8455000000000004
-2.49298095703125,2.8455500000000002
-2.55828857421875,2.8456
-2.6202392578125,2.84565
-2.76214599609375,2.8457000000000003
-2.4798583984375,2.8457500000000002
-2.8570556640625,2.8458
-2.6129150390625,2.84585
-2.62939453125,2.8459000000000003
-2.98736572265625,2.84595
-2.96173095703125,2.846
-2.7996826171875,2.8460500000000004
-2.68707275390625,2.8461000000000003
-2.633056640625,2.84615
-2.803955078125,2.8462
-2.80853271484375,2.8462500000000004
-2.8961181640625,2.8463000000000003
-3.02276611328125,2.84635
-2.63641357421875,2.8464
-2.98980712890625,2.8464500000000004
-2.96783447265625,2.8465000000000003
-2.8155517578125,2.84655
-2.99774169921875,2.8466
-3.27362060546875,2.8466500000000003
-2.97027587890625,2.8467000000000002
-3.218994140625,2.84675
-3.1719970703125,2.8468
-3.19366455078125,2.8468500000000003
-3.0218505859375,2.8469
-2.9632568359375,2.84695
-2.950439453125,2.8470000000000004
-2.7593994140625,2.8470500000000003
-2.97637939453125,2.8471
-2.6751708984375,2.84715
-2.63427734375,2.8472000000000004
-2.44354248046875,2.8472500000000003
-2.847900390625,2.8473
-3.07708740234375,2.84735
-3.0731201171875,2.8474000000000004
-3.1341552734375,2.8474500000000003
-3.03741455078125,2.8475
-3.04290771484375,2.84755
-3.29681396484375,2.8476000000000004
-3.16741943359375,2.8476500000000002
-3.26873779296875,2.8477
-2.89825439453125,2.84775
-3.13995361328125,2.8478000000000003
-3.29132080078125,2.84785
-3.11981201171875,2.8479
-3.2354736328125,2.8479500000000004
-3.310546875,2.8480000000000003
-3.07098388671875,2.84805
-3.199462890625,2.8481
-3.421630859375,2.8481500000000004
-3.34320068359375,2.8482000000000003
-3.3209228515625,2.84825
-3.42620849609375,2.8483
-3.1475830078125,2.8483500000000004
-3.28460693359375,2.8484000000000003
-3.19305419921875,2.84845
-3.08380126953125,2.8485
-2.97332763671875,2.8485500000000004
-2.98370361328125,2.8486000000000002
-2.8314208984375,2.84865
-2.87353515625,2.8487
-2.98736572265625,2.8487500000000003
-2.96478271484375,2.8488
-3.1085205078125,2.84885
-2.7410888671875,2.8489
-2.99530029296875,2.8489500000000003
-2.958984375,2.849
-2.9083251953125,2.84905
-3.01422119140625,2.8491000000000004
-3.0877685546875,2.8491500000000003
-2.97149658203125,2.8492
-2.8033447265625,2.84925
-2.90679931640625,2.8493000000000004
-3.06549072265625,2.8493500000000003
-2.73773193359375,2.8494
-2.9248046875,2.84945
-2.78778076171875,2.8495000000000004
-2.74993896484375,2.8495500000000002
-3.016357421875,2.8496
-2.89764404296875,2.84965
-3.02581787109375,2.8497000000000003
-2.799072265625,2.8497500000000002
-3.14971923828125,2.8498
-2.7423095703125,2.84985
-2.904052734375,2.8499000000000003
-3.048095703125,2.84995
-3.15643310546875,2.85
-2.745361328125,2.85005
-3.192138671875,2.8501000000000003
-2.97760009765625,2.85015
-3.24432373046875,2.8502
-3.2537841796875,2.85025
-3.11676025390625,2.8503000000000003
-3.15032958984375,2.85035
-2.9461669921875,2.8504
-3.1207275390625,2.85045
-3.4466552734375,2.8505000000000003
-3.30810546875,2.85055
-3.20037841796875,2.8506
-3.0572509765625,2.85065
-3.21624755859375,2.8507000000000002
-3.3343505859375,2.85075
-3.23211669921875,2.8508
-3.1048583984375,2.85085
-2.65411376953125,2.8509
-2.943115234375,2.85095
-2.99835205078125,2.851
-2.9034423828125,2.8510500000000003
-2.81494140625,2.8511
-3.04779052734375,2.85115
-2.969970703125,2.8512
-3.13323974609375,2.8512500000000003
-3.09814453125,2.8513
-3.11920166015625,2.85135
-2.9608154296875,2.8514
-3.055419921875,2.8514500000000003
-3.06121826171875,2.8515
-2.81646728515625,2.85155
-3.03955078125,2.8516
-3.17169189453125,2.8516500000000002
-3.17718505859375,2.8517
-3.1182861328125,2.85175
-2.8570556640625,2.8518
-3.05023193359375,2.85185
-3.316650390625,2.8519
-3.1390380859375,2.85195
-3.20465087890625,2.852
-3.1988525390625,2.85205
-3.41278076171875,2.8521
-3.34320068359375,2.85215
-3.50494384765625,2.8522000000000003
-3.0859375,2.85225
-3.31878662109375,2.8523
-2.845458984375,2.85235
-3.20037841796875,2.8524000000000003
-3.1829833984375,2.85245
-2.92816162109375,2.8525
-2.947998046875,2.85255
-3.0194091796875,2.8526000000000002
-3.11309814453125,2.85265
-3.0889892578125,2.8527
-3.1988525390625,2.85275
-3.10150146484375,2.8528000000000002
-3.39385986328125,2.85285
-3.0133056640625,2.8529
-3.2611083984375,2.85295
-3.03558349609375,2.853
-3.19122314453125,2.85305
-2.972412109375,2.8531
-3.212890625,2.8531500000000003
-2.8802490234375,2.8532
-3.05633544921875,2.85325
-3.4295654296875,2.8533
-3.18817138671875,2.8533500000000003
-3.27423095703125,2.8534
-3.228759765625,2.85345
-3.02520751953125,2.8535
-3.40301513671875,2.8535500000000003
-3.282470703125,2.8536
-3.52020263671875,2.85365
-3.59954833984375,2.8537
-3.19244384765625,2.8537500000000002
-3.40972900390625,2.8538
-3.309326171875,2.85385
-3.173828125,2.8539
-3.4423828125,2.85395
-3.41094970703125,2.854
-2.899169921875,2.85405
-3.37646484375,2.8541000000000003
-3.3258056640625,2.85415
-3.31573486328125,2.8542
-3.270263671875,2.85425
-3.16925048828125,2.8543000000000003
-3.1353759765625,2.85435
-3.1951904296875,2.8544
-3.2305908203125,2.85445
-3.25653076171875,2.8545000000000003
-3.0865478515625,2.85455
-3.05023193359375,2.8546
-3.36090087890625,2.85465
-3.204345703125,2.8547000000000002
-3.33953857421875,2.85475
-3.564453125,2.8548
-3.00689697265625,2.85485
-3.33648681640625,2.8549
-3.36944580078125,2.85495
-3.06976318359375,2.855
-3.4228515625,2.8550500000000003
-3.4228515625,2.8551
-3.2257080078125,2.85515
-2.97027587890625,2.8552
-3.145751953125,2.8552500000000003
-3.30963134765625,2.8553
-3.32733154296875,2.85535
-3.03436279296875,2.8554
-3.14483642578125,2.8554500000000003
-3.20343017578125,2.8555
-3.11767578125,2.85555
-3.26324462890625,2.8556
-3.170166015625,2.8556500000000002
-2.9901123046875,2.8557
-3.22662353515625,2.85575
-3.20343017578125,2.8558
-2.939453125,2.85585
-3.03619384765625,2.8559
-3.15032958984375,2.85595
-3.14605712890625,2.856
-3.03070068359375,2.85605
-3.0877685546875,2.8561
-3.27850341796875,2.85615
-3.2012939453125,2.8562000000000003
-2.857666015625,2.85625
-3.08746337890625,2.8563
-2.8369140625,2.85635
-3.16802978515625,2.8564000000000003
-3.0828857421875,2.85645
-3.0670166015625,2.8565
-2.88818359375,2.85655
-2.8802490234375,2.8566000000000003
-2.91717529296875,2.85665
-3.170166015625,2.8567
-2.89031982421875,2.85675
-2.9736328125,2.8568000000000002
-2.91534423828125,2.85685
-2.750244140625,2.8569
-3.095703125,2.85695
-3.04840087890625,2.857
-2.95318603515625,2.85705
-2.80914306640625,2.8571
-3.1793212890625,2.8571500000000003
-2.58270263671875,2.8572
-2.85797119140625,2.85725
-2.83966064453125,2.8573
-2.8411865234375,2.8573500000000003
-2.67669677734375,2.8574
-2.90740966796875,2.85745
-2.75054931640625,2.8575
-2.943115234375,2.8575500000000003
-2.88909912109375,2.8576
-2.87261962890625,2.85765
-2.5665283203125,2.8577
-2.61932373046875,2.8577500000000002
-2.76275634765625,2.8578
-2.88116455078125,2.85785
-2.81890869140625,2.8579
-2.85430908203125,2.85795
-2.61505126953125,2.858
-2.80517578125,2.85805
-2.99224853515625,2.8581000000000003
-2.82012939453125,2.85815
-2.857666015625,2.8582
-2.77618408203125,2.85825
-2.7703857421875,2.8583000000000003
-2.8179931640625,2.85835
-2.85888671875,2.8584
-2.786865234375,2.85845
-2.91259765625,2.8585000000000003
-2.64984130859375,2.85855
-2.67578125,2.8586
-2.86956787109375,2.85865
-2.6715087890625,2.8587000000000002
-2.7105712890625,2.85875
-2.76214599609375,2.8588
-2.46063232421875,2.85885
-2.54180908203125,2.8589
-2.82318115234375,2.85895
-2.5115966796875,2.859
-2.59918212890625,2.85905
-2.6220703125,2.8591
-2.59368896484375,2.85915
-2.7117919921875,2.8592
-2.8509521484375,2.8592500000000003
-2.80975341796875,2.8593
-2.84271240234375,2.85935
-2.9461669921875,2.8594
-2.93853759765625,2.8594500000000003
-2.84942626953125,2.8595
-3.11187744140625,2.85955
-2.9669189453125,2.8596
-3.09967041015625,2.8596500000000002
-2.63702392578125,2.8597
-2.884521484375,2.85975
-3.18878173828125,2.8598
-2.93121337890625,2.8598500000000002
-2.9815673828125,2.8599
-2.860107421875,2.85995
-3.12408447265625,2.86
-2.9547119140625,2.86005
-2.98248291015625,2.8601
-3.00201416015625,2.86015
-3.2403564453125,2.8602000000000003
-2.674560546875,2.86025
-3.1854248046875,2.8603
-2.8204345703125,2.86035
-3.07708740234375,2.8604000000000003
-2.89825439453125,2.86045
-3.096923828125,2.8605
-2.69683837890625,2.86055
-2.89703369140625,2.8606000000000003
-3.0242919921875,2.86065
-3.05755615234375,2.8607
-3.28094482421875,2.86075
-2.98431396484375,2.8608000000000002
-2.72308349609375,2.86085
-3.118896484375,2.8609
-3.08746337890625,2.86095
-3.17291259765625,2.861
-3.35845947265625,2.86105
-2.9168701171875,2.8611
-3.11004638671875,2.8611500000000003
-3.03924560546875,2.8612
-3.10150146484375,2.86125
-3.072509765625,2.8613
-3.1866455078125,2.8613500000000003
-2.955322265625,2.8614
-3.19915771484375,2.86145
-3.01239013671875,2.8615
-3.177490234375,2.8615500000000003
-2.97698974609375,2.8616
-3.0621337890625,2.86165
-2.91717529296875,2.8617
-2.938232421875,2.8617500000000002
-3.01239013671875,2.8618
-2.9376220703125,2.86185
-2.8668212890625,2.8619
-2.93426513671875,2.86195
-2.9443359375,2.862
-3.011474609375,2.86205
-3.20648193359375,2.8621000000000003
-3.21044921875,2.86215
-2.76611328125,2.8622
-3.162841796875,2.86225
-2.8717041015625,2.8623000000000003
-2.66754150390625,2.86235
-3.09326171875,2.8624
-3.0364990234375,2.86245
-2.92388916015625,2.8625000000000003
-2.7496337890625,2.86255
-2.8985595703125,2.8626
-3.13934326171875,2.86265
-3.11065673828125,2.8627000000000002
-2.99285888671875,2.86275
-3.18511962890625,2.8628
-3.1719970703125,2.86285
-3.388671875,2.8629000000000002
-3.3502197265625,2.86295
-3.4063720703125,2.863
-3.4039306640625,2.86305
-3.25286865234375,2.8631
-3.3807373046875,2.86315
-3.150634765625,2.8632
-3.29803466796875,2.8632500000000003
-3.44329833984375,2.8633
-3.270263671875,2.86335
-3.38043212890625,2.8634
-3.565673828125,2.8634500000000003
-3.4661865234375,2.8635
-3.46466064453125,2.86355
-3.32427978515625,2.8636
-3.5760498046875,2.8636500000000003
-3.10638427734375,2.8637
-3.31939697265625,2.86375
-3.32489013671875,2.8638
-3.29986572265625,2.8638500000000002
-3.2293701171875,2.8639
-3.02459716796875,2.86395
-2.9400634765625,2.864
-3.1719970703125,2.86405
-3.09326171875,2.8641
-3.12408447265625,2.86415
-3.16436767578125,2.8642000000000003
-2.965087890625,2.86425
-3.3868408203125,2.8643
-3.38470458984375,2.86435
-3.22601318359375,2.8644000000000003
-2.99163818359375,2.86445
-3.41400146484375,2.8645
-2.96875,2.86455
-3.28704833984375,2.8646000000000003
-3.26690673828125,2.86465
-3.19122314453125,2.8647
-3.0694580078125,2.86475
-3.33648681640625,2.8648000000000002
-2.94677734375,2.86485
-3.3209228515625,2.8649
-3.30657958984375,2.86495
-3.37432861328125,2.865
-2.9840087890625,2.86505
-3.32733154296875,2.8651
-3.023681640625,2.8651500000000003
-3.177490234375,2.8652
-3.309326171875,2.86525
-3.39996337890625,2.8653
-2.90924072265625,2.8653500000000003
-3.05877685546875,2.8654
-3.27728271484375,2.86545
-3.0462646484375,2.8655
-3.15887451171875,2.8655500000000003
-2.84423828125,2.8656
-2.8662109375,2.86565
-3.1744384765625,2.8657
-3.02032470703125,2.8657500000000002
-2.991943359375,2.8658
-2.8985595703125,2.86585
-3.0718994140625,2.8659
-3.08502197265625,2.86595
-3.02947998046875,2.866
-2.9443359375,2.86605
-2.763671875,2.8661
-3.01544189453125,2.86615
-2.63885498046875,2.8662
-2.8662109375,2.86625
-3.0035400390625,2.8663000000000003
-2.82623291015625,2.86635
-2.8509521484375,2.8664
-3.10882568359375,2.86645
-2.80181884765625,2.8665000000000003
-3.01055908203125,2.86655
-3.42498779296875,2.8666
-3.3538818359375,2.86665
-3.30352783203125,2.8667000000000002
-3.38653564453125,2.86675
-3.52447509765625,2.8668
-3.319091796875,2.86685
-3.353271484375,2.8669000000000002
-3.58123779296875,2.86695
-3.66241455078125,2.867
-3.2525634765625,2.86705
-3.45855712890625,2.8671
-3.51837158203125,2.86715
-3.78692626953125,2.8672
-3.6083984375,2.8672500000000003
-3.52294921875,2.8673
-3.80462646484375,2.86735
-3.62884521484375,2.8674
-3.96148681640625,2.8674500000000003
-3.800048828125,2.8675
-3.837890625,2.86755
-3.32763671875,2.8676
-3.70697021484375,2.8676500000000003
-3.2916259765625,2.8677
-3.577880859375,2.86775
-3.25042724609375,2.8678
-3.39202880859375,2.8678500000000002
-2.8912353515625,2.8679
-3.33343505859375,2.86795
-3.236083984375,2.868
-3.1488037109375,2.86805
-3.2781982421875,2.8681
-3.20220947265625,2.86815
-2.930908203125,2.8682000000000003
-3.2257080078125,2.86825
-2.80364990234375,2.8683
-3.040771484375,2.86835
-3.0517578125,2.8684000000000003
-2.74078369140625,2.86845
-2.5299072265625,2.8685
-2.61138916015625,2.86855
-2.606201171875,2.8686000000000003
-2.6287841796875,2.86865
-2.66571044921875,2.8687
-2.318115234375,2.86875
-2.5238037109375,2.8688000000000002
-2.640380859375,2.86885
-2.6190185546875,2.8689
-2.5927734375,2.86895
-2.53448486328125,2.869
-2.666015625,2.86905
-3.09173583984375,2.8691
-3.1298828125,2.8691500000000003
-3.104248046875,2.8692
-2.79571533203125,2.86925
-3.0712890625,2.8693
-3.0889892578125,2.8693500000000003
-2.99560546875,2.8694
-3.01300048828125,2.86945
-3.0853271484375,2.8695
-2.796630859375,2.8695500000000003
-3.12225341796875,2.8696
-2.83416748046875,2.86965
-2.74932861328125,2.8697
-3.1341552734375,2.8697500000000002
-3.21533203125,2.8698
-3.0352783203125,2.86985
-2.74505615234375,2.8699
-2.9864501953125,2.8699500000000002
-3.067626953125,2.87
-3.125,2.87005
-2.90008544921875,2.8701
-2.8924560546875,2.87015
-2.6922607421875,2.8702
-2.6873779296875,2.87025
-2.799072265625,2.8703000000000003
-2.98126220703125,2.87035
-2.98675537109375,2.8704
-2.85186767578125,2.87045
-2.7288818359375,2.8705000000000003
-2.6654052734375,2.87055
-2.945556640625,2.8706
-2.82012939453125,2.87065
-2.7813720703125,2.8707000000000003
-2.7630615234375,2.87075
-3.02093505859375,2.8708
-2.98126220703125,2.87085
-2.96966552734375,2.8709000000000002
-2.8936767578125,2.87095
-2.91595458984375,2.871
-2.557373046875,2.87105
-2.98370361328125,2.8711
-2.9388427734375,2.87115
-3.09722900390625,2.8712
-2.96905517578125,2.8712500000000003
-3.1365966796875,2.8713
-3.0291748046875,2.87135
-3.28125,2.8714
-3.079833984375,2.8714500000000003
-3.35845947265625,2.8715
-3.09844970703125,2.87155
-2.92388916015625,2.8716
-3.19244384765625,2.8716500000000003
-3.394775390625,2.8717
-3.11614990234375,2.87175
-3.07342529296875,2.8718
-3.1707763671875,2.8718500000000002
-2.69256591796875,2.8719
-3.25836181640625,2.87195
-3.13232421875,2.872
-2.95379638671875,2.87205
-3.1103515625,2.8721
-3.04779052734375,2.87215
-2.9638671875,2.8722000000000003
-3.380126953125,2.87225
-3.101806640625,2.8723
-3.15277099609375,2.87235
-2.862548828125,2.8724000000000003
-3.1866455078125,2.87245
-3.326416015625,2.8725
-3.09173583984375,2.87255
-3.1829833984375,2.8726000000000003
-3.24371337890625,2.87265
-3.0108642578125,2.8727
-3.0853271484375,2.87275
-3.1695556640625,2.8728000000000002
-2.991943359375,2.87285
-3.30291748046875,2.8729
-3.2818603515625,2.87295
-3.07861328125,2.873
-3.0474853515625,2.87305
-3.23822021484375,2.8731
-3.1915283203125,2.87315
-3.21624755859375,2.8732
-2.8955078125,2.87325
-3.13018798828125,2.8733
-3.0877685546875,2.8733500000000003
-2.9583740234375,2.8734
-2.99560546875,2.87345
-3.18115234375,2.8735
-2.88421630859375,2.8735500000000003
-3.07159423828125,2.8736
-3.394775390625,2.87365
-3.0194091796875,2.8737
-3.05877685546875,2.8737500000000002
-3.33099365234375,2.8738
-3.11767578125,2.87385
-3.44268798828125,2.8739
-3.482666015625,2.8739500000000002
-3.44940185546875,2.874
-3.29742431640625,2.87405
-3.25592041015625,2.8741
-3.33740234375,2.87415
-2.769775390625,2.8742
-3.138427734375,2.87425
-3.2470703125,2.8743000000000003
-3.1005859375,2.87435
-2.803955078125,2.8744
-3.05419921875,2.87445
-3.19305419921875,2.8745000000000003
-3.4820556640625,2.87455
-3.104248046875,2.8746
-3.17352294921875,2.87465
-3.14208984375,2.8747000000000003
-3.0377197265625,2.87475
-3.47900390625,2.8748
-3.27484130859375,2.87485
-3.07647705078125,2.8749000000000002
-3.1134033203125,2.87495
-3.11004638671875,2.875
-2.918701171875,2.87505
-3.206787109375,2.8751
-3.0389404296875,2.87515
-2.803955078125,2.8752
-2.791748046875,2.87525
-3.1005859375,2.8753
-2.984619140625,2.87535
-3.16253662109375,2.8754
-3.1329345703125,2.87545
-2.9205322265625,2.8755
-2.901611328125,2.87555
-3.03314208984375,2.8756
-2.91778564453125,2.87565
-3.0291748046875,2.8757
-2.823486328125,2.87575
-2.87139892578125,2.8758
-2.8076171875,2.8758500000000002
-2.73956298828125,2.8759
-3.01239013671875,2.87595
-2.91961669921875,2.876
-2.8717041015625,2.87605
-2.58575439453125,2.8761
-2.835693359375,2.87615
-2.98492431640625,2.8762
-2.857666015625,2.87625
-2.6690673828125,2.8763
-2.98736572265625,2.87635
-2.65777587890625,2.8764
-2.9248046875,2.87645
-3.03985595703125,2.8765
-2.7740478515625,2.87655
-2.72857666015625,2.8766
-3.01666259765625,2.87665
-2.7532958984375,2.8767
-2.88970947265625,2.87675
-3.048095703125,2.8768000000000002
-2.75787353515625,2.87685
-2.510986328125,2.8769
-3.14605712890625,2.87695
-2.7801513671875,2.8770000000000002
-3.08502197265625,2.87705
-3.1640625,2.8771
-3.1207275390625,2.87715
-2.93975830078125,2.8772
-2.845458984375,2.87725
-2.99835205078125,2.8773
-2.9364013671875,2.87735
-3.17626953125,2.8774
-2.89886474609375,2.87745
-3.162841796875,2.8775
-2.85064697265625,2.87755
-2.99591064453125,2.8776
-3.026123046875,2.87765
-3.06365966796875,2.8777
-2.933349609375,2.87775
-3.1683349609375,2.8778
-2.91107177734375,2.87785
-3.08074951171875,2.8779
-3.2318115234375,2.8779500000000002
-3.11920166015625,2.878
-2.66937255859375,2.87805
-2.7911376953125,2.8781
-3.14208984375,2.87815
-2.85980224609375,2.8782
-2.8436279296875,2.87825
-2.8558349609375,2.8783
-2.7960205078125,2.87835
-2.84393310546875,2.8784
-3.11737060546875,2.87845
-2.940673828125,2.8785
-2.90802001953125,2.87855
-3.06793212890625,2.8786
-3.07647705078125,2.87865
-2.9986572265625,2.8787
-2.8619384765625,2.87875
-3.07373046875,2.8788
-2.99407958984375,2.87885
-2.955322265625,2.8789000000000002
-3.00994873046875,2.87895
-2.994384765625,2.879
-3.2086181640625,2.87905
-3.182373046875,2.8791
-3.12744140625,2.87915
-3.03009033203125,2.8792
-3.018798828125,2.87925
-3.25714111328125,2.8793
-3.150634765625,2.87935
-2.92144775390625,2.8794
-3.1842041015625,2.87945
-3.0487060546875,2.8795
-3.02947998046875,2.87955
-3.15704345703125,2.8796
-3.040771484375,2.87965
-2.8680419921875,2.8797
-2.77313232421875,2.87975
-3.04168701171875,2.8798
-3.01025390625,2.8798500000000002
-3.197021484375,2.8799
-3.3258056640625,2.87995
-3.2598876953125,2.88
-3.05145263671875,2.88005
-3.30352783203125,2.8801
-2.8656005859375,2.88015
-3.12225341796875,2.8802
-3.2806396484375,2.88025
-3.328857421875,2.8803
-3.0029296875,2.88035
-3.155517578125,2.8804
-3.3056640625,2.88045
-3.0780029296875,2.8805
-2.9962158203125,2.88055
-3.06640625,2.8806
-2.95501708984375,2.88065
-2.92236328125,2.8807
-2.95166015625,2.88075
-3.04473876953125,2.8808
-2.90802001953125,2.88085
-2.79937744140625,2.8809
-3.1304931640625,2.88095
-2.899169921875,2.8810000000000002
-2.93731689453125,2.88105
-2.97332763671875,2.8811
-3.016357421875,2.88115
-2.6702880859375,2.8812
-2.98614501953125,2.88125
-2.9864501953125,2.8813
-2.95501708984375,2.88135
-2.806396484375,2.8814
-2.98797607421875,2.88145
-2.81463623046875,2.8815
-2.85369873046875,2.88155
-3.082275390625,2.8816
-3.04962158203125,2.88165
-2.78350830078125,2.8817
-2.8668212890625,2.88175
-2.83172607421875,2.8818
-2.67242431640625,2.88185
-2.7490234375,2.8819
-2.89642333984375,2.8819500000000002
-2.67303466796875,2.882
-2.68890380859375,2.88205
-2.6263427734375,2.8821
-2.72796630859375,2.88215
-2.972412109375,2.8822
-2.91290283203125,2.88225
-2.884521484375,2.8823
-2.77801513671875,2.88235
-2.9315185546875,2.8824
-3.34991455078125,2.88245
-3.13568115234375,2.8825
-2.6800537109375,2.88255
-3.09783935546875,2.8826
-2.79937744140625,2.88265
-2.9248046875,2.8827
-2.77557373046875,2.88275
-3.16680908203125,2.8828
-2.98492431640625,2.88285
-2.96356201171875,2.8829000000000002
-2.99285888671875,2.88295
-2.89886474609375,2.883
-3.11492919921875,2.88305
-3.20343017578125,2.8831
-3.29559326171875,2.88315
-3.09967041015625,2.8832
-3.24737548828125,2.88325
-3.08197021484375,2.8833
-3.02947998046875,2.88335
-3.0535888671875,2.8834
-3.11798095703125,2.88345
-2.540283203125,2.8835
-2.88238525390625,2.88355
-2.8125,2.8836
-2.79388427734375,2.88365
-2.63214111328125,2.8837
-2.89581298828125,2.88375
-2.65716552734375,2.8838
-2.75787353515625,2.8838500000000002
-2.68707275390625,2.8839
-2.7825927734375,2.88395
-2.67822265625,2.884
-2.43865966796875,2.8840500000000002
-2.87384033203125,2.8841
-2.5262451171875,2.88415
-2.5823974609375,2.8842
-2.60345458984375,2.88425
-2.70721435546875,2.8843
-2.5152587890625,2.88435
-2.7374267578125,2.8844
-2.98370361328125,2.88445
-2.87750244140625,2.8845
-2.781982421875,2.88455
-2.755126953125,2.8846
-2.93792724609375,2.88465
-2.7691650390625,2.8847
-3.0322265625,2.88475
-3.0865478515625,2.8848
-2.872314453125,2.88485
-2.82623291015625,2.8849
-2.77130126953125,2.88495
-2.87933349609375,2.8850000000000002
-2.9644775390625,2.88505
-2.95379638671875,2.8851
-2.68707275390625,2.88515
-2.6556396484375,2.8852
-3.0810546875,2.88525
-3.056640625,2.8853
-2.869873046875,2.88535
-2.9278564453125,2.8854
-3.15704345703125,2.88545
-2.92938232421875,2.8855
-3.043212890625,2.88555
-3.05694580078125,2.8856
-3.04473876953125,2.88565
-2.90679931640625,2.8857
-3.17474365234375,2.88575
-3.28521728515625,2.8858
-3.2965087890625,2.88585
-3.23974609375,2.8859
-3.46649169921875,2.8859500000000002
-3.09661865234375,2.886
-3.27545166015625,2.88605
-3.25164794921875,2.8861
-3.30780029296875,2.88615
-3.3074951171875,2.8862
-3.4173583984375,2.88625
-3.463134765625,2.8863
-3.10211181640625,2.88635
-3.38623046875,2.8864
-3.60992431640625,2.88645
-3.4051513671875,2.8865
-3.36822509765625,2.88655
-3.26141357421875,2.8866
-3.05755615234375,2.88665
-3.4381103515625,2.8867
-3.37677001953125,2.88675
-3.3001708984375,2.8868
-3.070068359375,2.88685
-3.35540771484375,2.8869000000000002
-3.094482421875,2.88695
-3.07769775390625,2.887
-2.95623779296875,2.88705
-2.9840087890625,2.8871
-2.87200927734375,2.88715
-3.1024169921875,2.8872
-3.082275390625,2.88725
-3.17230224609375,2.8873
-3.03131103515625,2.88735
-3.1610107421875,2.8874
-3.05450439453125,2.88745
-3.0291748046875,2.8875
-3.035888671875,2.88755
-3.275146484375,2.8876
-3.192138671875,2.88765
-3.04718017578125,2.8877
-3.17596435546875,2.88775
-3.10577392578125,2.8878
-3.11859130859375,2.88785
-3.1024169921875,2.8879
-3.26507568359375,2.88795
-2.98797607421875,2.888
-2.91961669921875,2.8880500000000002
-3.1597900390625,2.8881
-3.30322265625,2.88815
-3.1329345703125,2.8882
-3.1915283203125,2.88825
-3.101806640625,2.8883
-3.01605224609375,2.88835
-3.29925537109375,2.8884
-3.1439208984375,2.88845
-2.85308837890625,2.8885
-2.8851318359375,2.88855
-3.1512451171875,2.8886
-2.92510986328125,2.88865
-3.27972412109375,2.8887
-3.0682373046875,2.88875
-3.046875,2.8888
-3.07952880859375,2.88885
-3.24432373046875,2.8889
-3.52386474609375,2.88895
-3.67645263671875,2.8890000000000002
-3.2952880859375,2.88905
-3.64532470703125,2.8891
-3.28643798828125,2.88915
-3.46527099609375,2.8892
-3.358154296875,2.88925
-3.32427978515625,2.8893
-3.31787109375,2.88935
-3.465576171875,2.8894
-3.1390380859375,2.88945
-3.1536865234375,2.8895
-3.37158203125,2.88955
-3.4722900390625,2.8896
-3.23272705078125,2.88965
-3.20465087890625,2.8897
-3.49761962890625,2.88975
-3.37890625,2.8898
-3.6749267578125,2.88985
-3.36669921875,2.8899
-3.4259033203125,2.8899500000000002
-3.03863525390625,2.89
-3.3319091796875,2.89005
-3.18206787109375,2.8901
-3.18603515625,2.89015
-3.0224609375,2.8902
-3.0511474609375,2.89025
-2.784423828125,2.8903
-3.14666748046875,2.89035
-3.17962646484375,2.8904
-3.1976318359375,2.89045
-3.26446533203125,2.8905
-3.18328857421875,2.89055
-3.23883056640625,2.8906
-3.2696533203125,2.89065
-2.94677734375,2.8907
-3.38775634765625,2.89075
-3.221435546875,2.8908
-2.98736572265625,2.89085
-3.09967041015625,2.8909000000000002
-2.98553466796875,2.89095
-3.065185546875,2.891
-3.155517578125,2.89105
-3.18634033203125,2.8911000000000002
-2.73345947265625,2.89115
-2.90771484375,2.8912
-3.24005126953125,2.89125
-3.07403564453125,2.8913
-2.8167724609375,2.89135
-3.05328369140625,2.8914
-3.162841796875,2.89145
-3.10760498046875,2.8915
-3.2476806640625,2.89155
-3.17840576171875,2.8916
-2.7618408203125,2.89165
-2.80914306640625,2.8917
-3.03466796875,2.89175
-2.91839599609375,2.8918
-3.00994873046875,2.89185
-3.10333251953125,2.8919
-2.835693359375,2.89195
-3.17291259765625,2.892
-3.14422607421875,2.8920500000000002
-3.26019287109375,2.8921
-3.6407470703125,2.89215
-3.572998046875,2.8922
-3.721923828125,2.89225
-3.5113525390625,2.8923
-3.61968994140625,2.89235
-3.73016357421875,2.8924
-3.72161865234375,2.89245
-3.311767578125,2.8925
-3.60260009765625,2.89255
-3.58154296875,2.8926
-3.38958740234375,2.89265
-3.48663330078125,2.8927
-3.51470947265625,2.89275
-3.50341796875,2.8928
-3.5223388671875,2.89285
-3.47991943359375,2.8929
-3.58795166015625,2.89295
-3.6114501953125,2.8930000000000002
-3.3819580078125,2.89305
-3.5870361328125,2.8931
-3.3001708984375,2.89315
-3.73260498046875,2.8932
-3.50189208984375,2.89325
-3.4185791015625,2.8933
-3.49945068359375,2.89335
-3.44451904296875,2.8934
-2.86712646484375,2.89345
-3.511962890625,2.8935
-3.2916259765625,2.89355
-3.3563232421875,2.8936
-3.0499267578125,2.89365
-3.189697265625,2.8937
-3.10211181640625,2.89375
-3.13934326171875,2.8938
-2.70477294921875,2.89385
-3.0059814453125,2.8939
-2.99468994140625,2.8939500000000002
-2.66571044921875,2.894
-2.67333984375,2.89405
-2.874755859375,2.8941
-2.57232666015625,2.8941500000000002
-2.6220703125,2.8942
-2.8680419921875,2.89425
-2.5103759765625,2.8943
-3.035888671875,2.89435
-3.05511474609375,2.8944
-2.9913330078125,2.89445
-2.9644775390625,2.8945
-2.764892578125,2.89455
-3.0633544921875,2.8946
-3.25897216796875,2.89465
-3.13751220703125,2.8947
-3.27301025390625,2.89475
-2.80120849609375,2.8948
-3.26751708984375,2.89485
-3.330078125,2.8949
-2.9644775390625,2.89495
-3.2379150390625,2.895
-3.1939697265625,2.89505
-3.128662109375,2.8951000000000002
-3.15399169921875,2.89515
-3.1170654296875,2.8952
-2.98431396484375,2.89525
-3.24920654296875,2.8953
-3.21014404296875,2.89535
-3.02825927734375,2.8954
-2.99468994140625,2.89545
-3.14971923828125,2.8955
-3.0511474609375,2.89555
-3.0584716796875,2.8956
-2.523193359375,2.89565
-2.6031494140625,2.8957
-2.5518798828125,2.89575
-2.43011474609375,2.8958
-2.43865966796875,2.89585
-2.65655517578125,2.8959
-2.43896484375,2.89595
-2.62939453125,2.896
-2.7276611328125,2.8960500000000002
-2.47222900390625,2.8961
-2.52685546875,2.89615
-2.53692626953125,2.8962
-2.5701904296875,2.89625
-2.75634765625,2.8963
-2.87933349609375,2.89635
-2.869873046875,2.8964
-2.706298828125,2.89645
-2.725830078125,2.8965
-2.9461669921875,2.89655
-2.4102783203125,2.8966
-2.67059326171875,2.89665
-2.7691650390625,2.8967
-2.877197265625,2.89675
-2.71881103515625,2.8968
-2.89459228515625,2.89685
-2.81707763671875,2.8969
-3.1390380859375,2.89695
-2.86956787109375,2.8970000000000002
-2.999267578125,2.89705
-2.86651611328125,2.8971
-2.59857177734375,2.89715
-2.97332763671875,2.8972
-2.99041748046875,2.89725
-2.7154541015625,2.8973
-2.84820556640625,2.89735
-2.633056640625,2.8974
-2.525634765625,2.89745
-2.9443359375,2.8975
-2.92083740234375,2.89755
-2.57171630859375,2.8976
-2.77862548828125,2.89765
-2.78839111328125,2.8977
-2.91046142578125,2.89775
-3.13629150390625,2.8978
-3.0584716796875,2.89785
-2.8826904296875,2.8979
-2.89306640625,2.8979500000000002
-3.3917236328125,2.898
-3.10211181640625,2.89805
-3.20648193359375,2.8981
-3.0743408203125,2.8981500000000002
-3.28643798828125,2.8982
-3.25225830078125,2.89825
-3.1719970703125,2.8983
-3.42132568359375,2.89835
-3.2025146484375,2.8984
-3.38623046875,2.89845
-3.27880859375,2.8985
-3.331298828125,2.89855
-3.3984375,2.8986
-3.41796875,2.89865
-3.15277099609375,2.8987
-3.36090087890625,2.89875
-3.09234619140625,2.8988
-3.41796875,2.89885
-3.2611083984375,2.8989
-3.2354736328125,2.89895
-3.04718017578125,2.899
-3.20526123046875,2.89905
-2.8656005859375,2.8991000000000002
-3.28125,2.89915
-3.56903076171875,2.8992
-3.201904296875,2.89925
-2.943115234375,2.8993
-3.49456787109375,2.89935
-3.1982421875,2.8994
-3.1903076171875,2.89945
-3.2806396484375,2.8995
-3.106689453125,2.89955
-3.01788330078125,2.8996
-3.04840087890625,2.89965
-3.08441162109375,2.8997
-2.900390625,2.89975
-3.153076171875,2.8998
-3.10211181640625,2.89985
-3.23394775390625,2.8999
-2.864990234375,2.89995
-3.0865478515625,2.9000000000000004
-3.14605712890625,2.9000500000000002
-3.2965087890625,2.9001000000000006
-2.9986572265625,2.9001500000000004
-3.1475830078125,2.9002000000000003
-2.86468505859375,2.90025
-2.88543701171875,2.9003000000000005
-3.037109375,2.9003500000000004
-3.0426025390625,2.9004000000000003
-2.81402587890625,2.90045
-2.9248046875,2.9005000000000005
-3.104248046875,2.9005500000000004
-3.009033203125,2.9006000000000003
-3.072509765625,2.90065
-3.19427490234375,2.9007000000000005
-2.5128173828125,2.9007500000000004
-2.872314453125,2.9008000000000003
-3.25897216796875,2.90085
-3.19183349609375,2.9009000000000005
-2.98828125,2.9009500000000004
-2.78656005859375,2.9010000000000002
-3.0499267578125,2.9010500000000006
-2.82470703125,2.9011000000000005
-2.85858154296875,2.9011500000000003
-3.2012939453125,2.9012000000000002
-2.9388427734375,2.9012500000000006
-3.15185546875,2.9013000000000004
-3.14483642578125,2.9013500000000003
-3.216552734375,2.9014
-3.1591796875,2.9014500000000005
-3.3416748046875,2.9015000000000004
-3.13262939453125,2.9015500000000003
-3.00140380859375,2.9016
-2.97515869140625,2.9016500000000005
-3.23974609375,2.9017000000000004
-3.0908203125,2.9017500000000003
-3.0352783203125,2.9018
-3.18450927734375,2.9018500000000005
-2.99163818359375,2.9019000000000004
-3.04473876953125,2.9019500000000003
-3.1085205078125,2.902
-3.31451416015625,2.9020500000000005
-3.00079345703125,2.9021000000000003
-2.74505615234375,2.9021500000000002
-3.21258544921875,2.9022000000000006
-2.84210205078125,2.9022500000000004
-3.12835693359375,2.9023000000000003
-3.3367919921875,2.90235
-2.81829833984375,2.9024000000000005
-2.9046630859375,2.9024500000000004
-3.145751953125,2.9025000000000003
-3.0438232421875,2.90255
-2.9541015625,2.9026000000000005
-3.13507080078125,2.9026500000000004
-3.19183349609375,2.9027000000000003
-2.94647216796875,2.90275
-3.1597900390625,2.9028000000000005
-3.2440185546875,2.9028500000000004
-3.13140869140625,2.9029000000000003
-3.118896484375,2.90295
-3.157958984375,2.9030000000000005
-3.56414794921875,2.9030500000000004
-2.99041748046875,2.9031000000000002
-3.1414794921875,2.9031500000000006
-3.50006103515625,2.9032000000000004
-3.29742431640625,2.9032500000000003
-2.99468994140625,2.9033
-3.409423828125,2.9033500000000005
-3.0023193359375,2.9034000000000004
-3.11981201171875,2.9034500000000003
-3.04107666015625,2.9035
-3.1121826171875,2.9035500000000005
-2.73162841796875,2.9036000000000004
-2.808837890625,2.9036500000000003
-3.26507568359375,2.9037
-3.28521728515625,2.9037500000000005
-3.0816650390625,2.9038000000000004
-3.0413818359375,2.9038500000000003
-2.90740966796875,2.9039
-3.10211181640625,2.9039500000000005
-3.20465087890625,2.9040000000000004
-3.2147216796875,2.9040500000000002
-2.93792724609375,2.9041000000000006
-3.172607421875,2.9041500000000005
-3.1854248046875,2.9042000000000003
-3.01788330078125,2.90425
-3.128662109375,2.9043000000000005
-3.3319091796875,2.9043500000000004
-3.0963134765625,2.9044000000000003
-2.9766845703125,2.90445
-2.9150390625,2.9045000000000005
-3.17108154296875,2.9045500000000004
-3.30322265625,2.9046000000000003
-2.99346923828125,2.90465
-3.349609375,2.9047000000000005
-2.85400390625,2.9047500000000004
-3.09783935546875,2.9048000000000003
-3.0267333984375,2.90485
-3.2666015625,2.9049000000000005
-2.85919189453125,2.9049500000000004
-2.9412841796875,2.9050000000000002
-3.21136474609375,2.9050500000000006
-3.17352294921875,2.9051000000000005
-3.2696533203125,2.9051500000000003
-3.34686279296875,2.9052000000000002
-3.0645751953125,2.9052500000000006
-2.92083740234375,2.9053000000000004
-3.28460693359375,2.9053500000000003
-3.09600830078125,2.9054
-3.19580078125,2.9054500000000005
-3.1805419921875,2.9055000000000004
-3.19549560546875,2.9055500000000003
-2.95684814453125,2.9056
-3.3050537109375,2.9056500000000005
-3.31573486328125,2.9057000000000004
-2.86102294921875,2.9057500000000003
-3.17230224609375,2.9058
-3.23272705078125,2.9058500000000005
-3.06640625,2.9059000000000004
-3.2220458984375,2.9059500000000003
-3.2025146484375,2.906
-3.36761474609375,2.9060500000000005
-3.00750732421875,2.9061000000000003
-3.08349609375,2.9061500000000002
-3.36273193359375,2.9062000000000006
-2.96600341796875,2.9062500000000004
-3.12713623046875,2.9063000000000003
-3.14544677734375,2.90635
-2.9071044921875,2.9064000000000005
-3.018798828125,2.9064500000000004
-3.20037841796875,2.9065000000000003
-3.055419921875,2.90655
-3.1195068359375,2.9066000000000005
-3.0548095703125,2.9066500000000004
-3.0670166015625,2.9067000000000003
-2.762451171875,2.90675
-2.884521484375,2.9068000000000005
-2.9949951171875,2.9068500000000004
-3.12469482421875,2.9069000000000003
-2.97393798828125,2.90695
-2.85369873046875,2.9070000000000005
-3.00384521484375,2.9070500000000004
-2.972412109375,2.9071000000000002
-3.11187744140625,2.9071500000000006
-3.3221435546875,2.9072000000000005
-2.777099609375,2.9072500000000003
-3.04443359375,2.9073
-2.947998046875,2.9073500000000005
-2.9833984375,2.9074000000000004
-3.1011962890625,2.9074500000000003
-3.2110595703125,2.9075
-3.10760498046875,2.9075500000000005
-3.0230712890625,2.9076000000000004
-2.9571533203125,2.9076500000000003
-3.079833984375,2.9077
-3.060302734375,2.9077500000000005
-2.86376953125,2.9078000000000004
-3.24798583984375,2.9078500000000003
-2.8936767578125,2.9079
-3.0548095703125,2.9079500000000005
-3.08197021484375,2.9080000000000004
-3.0120849609375,2.9080500000000002
-2.6971435546875,2.9081000000000006
-2.72918701171875,2.9081500000000005
-2.9888916015625,2.9082000000000003
-3.03131103515625,2.9082500000000002
-2.955322265625,2.9083000000000006
-3.02459716796875,2.9083500000000004
-3.05816650390625,2.9084000000000003
-2.9852294921875,2.90845
-3.09326171875,2.9085000000000005
-3.24310302734375,2.9085500000000004
-3.11676025390625,2.9086000000000003
-3.20526123046875,2.90865
-3.134765625,2.9087000000000005
-2.88482666015625,2.9087500000000004
-3.15338134765625,2.9088000000000003
-2.98248291015625,2.90885
-2.8814697265625,2.9089000000000005
-2.81707763671875,2.9089500000000004
-3.10272216796875,2.9090000000000003
-2.81585693359375,2.90905
-2.80517578125,2.9091000000000005
-2.97698974609375,2.9091500000000003
-3.10211181640625,2.9092000000000002
-2.67608642578125,2.9092500000000006
-3.06915283203125,2.9093000000000004
-3.0279541015625,2.9093500000000003
-2.8472900390625,2.9094
-2.94677734375,2.9094500000000005
-3.03466796875,2.9095000000000004
-2.98095703125,2.9095500000000003
-2.92694091796875,2.9096
-3.1268310546875,2.9096500000000005
-2.84271240234375,2.9097000000000004
-2.98736572265625,2.9097500000000003
-2.94219970703125,2.9098
-2.69683837890625,2.9098500000000005
-2.65869140625,2.9099000000000004
-2.82623291015625,2.9099500000000003
-2.85614013671875,2.91
-3.07952880859375,2.9100500000000005
-2.83111572265625,2.9101000000000004
-2.79815673828125,2.9101500000000002
-2.70843505859375,2.9102000000000006
-2.75604248046875,2.9102500000000004
-2.784423828125,2.9103000000000003
-3.05694580078125,2.91035
-2.75543212890625,2.9104000000000005
-2.86376953125,2.9104500000000004
-2.9376220703125,2.9105000000000003
-3.02703857421875,2.91055
-2.90435791015625,2.9106000000000005
-2.9779052734375,2.9106500000000004
-2.87567138671875,2.9107000000000003
-2.74383544921875,2.91075
-2.9498291015625,2.9108000000000005
-2.90771484375,2.9108500000000004
-2.80548095703125,2.9109000000000003
-2.8863525390625,2.91095
-2.9144287109375,2.9110000000000005
-2.950439453125,2.9110500000000004
-3.3221435546875,2.9111000000000002
-3.201904296875,2.9111500000000006
-3.05267333984375,2.9112000000000005
-2.94586181640625,2.9112500000000003
-3.04443359375,2.9113
-3.0743408203125,2.9113500000000005
-3.226318359375,2.9114000000000004
-3.0181884765625,2.9114500000000003
-3.08563232421875,2.9115
-3.0218505859375,2.9115500000000005
-3.1024169921875,2.9116000000000004
-3.138427734375,2.9116500000000003
-3.17626953125,2.9117
-3.0810546875,2.9117500000000005
-3.08197021484375,2.9118000000000004
-3.2598876953125,2.9118500000000003
-3.184814453125,2.9119
-3.291015625,2.9119500000000005
-3.076171875,2.9120000000000004
-3.3831787109375,2.9120500000000002
-2.940673828125,2.9121000000000006
-3.0743408203125,2.9121500000000005
-2.76458740234375,2.9122000000000003
-2.9254150390625,2.9122500000000002
-3.07464599609375,2.9123000000000006
-3.02703857421875,2.9123500000000004
-2.7667236328125,2.9124000000000003
-3.10455322265625,2.91245
-3.13873291015625,2.9125000000000005
-3.0963134765625,2.9125500000000004
-3.0828857421875,2.9126000000000003
-2.92877197265625,2.91265
-2.967529296875,2.9127000000000005
-3.1829833984375,2.9127500000000004
-3.23822021484375,2.9128000000000003
-3.00811767578125,2.91285
-3.07464599609375,2.9129000000000005
-2.9498291015625,2.9129500000000004
-2.928466796875,2.9130000000000003
-2.9583740234375,2.91305
-2.89764404296875,2.9131000000000005
-3.092041015625,2.9131500000000004
-2.80120849609375,2.9132000000000002
-2.7862548828125,2.9132500000000006
-2.95654296875,2.9133000000000004
-2.76885986328125,2.9133500000000003
-2.84027099609375,2.9134
-2.7545166015625,2.9134500000000005
-3.050537109375,2.9135000000000004
-2.80120849609375,2.9135500000000003
-2.86041259765625,2.9136
-2.9901123046875,2.9136500000000005
-3.1463623046875,2.9137000000000004
-2.69378662109375,2.9137500000000003
-2.996826171875,2.9138
-2.84393310546875,2.9138500000000005
-2.8179931640625,2.9139000000000004
-2.9217529296875,2.9139500000000003
-3.08929443359375,2.914
-2.7337646484375,2.9140500000000005
-2.774658203125,2.9141000000000004
-2.9119873046875,2.9141500000000002
-3.050537109375,2.9142000000000006
-3.17047119140625,2.9142500000000005
-3.18695068359375,2.9143000000000003
-2.8948974609375,2.91435
-3.0657958984375,2.9144000000000005
-3.20037841796875,2.9144500000000004
-3.31756591796875,2.9145000000000003
-3.52508544921875,2.91455
-2.9925537109375,2.9146000000000005
-3.12896728515625,2.9146500000000004
-2.78045654296875,2.9147000000000003
-3.1085205078125,2.91475
-3.00811767578125,2.9148000000000005
-3.052978515625,2.9148500000000004
-2.8790283203125,2.9149000000000003
-3.13018798828125,2.91495
-3.13232421875,2.9150000000000005
-3.1524658203125,2.9150500000000004
-3.1146240234375,2.9151000000000002
-3.3807373046875,2.9151500000000006
-3.26080322265625,2.9152000000000005
-3.13751220703125,2.9152500000000003
-3.14727783203125,2.9153000000000002
-3.09326171875,2.9153500000000006
-3.0755615234375,2.9154000000000004
-3.16131591796875,2.9154500000000003
-3.070068359375,2.9155
-2.779541015625,2.9155500000000005
-3.148193359375,2.9156000000000004
-3.05450439453125,2.9156500000000003
-2.8826904296875,2.9157
-3.0731201171875,2.9157500000000005
-2.8924560546875,2.9158000000000004
-2.6171875,2.9158500000000003
-3.30963134765625,2.9159
-3.34930419921875,2.9159500000000005
-3.08807373046875,2.9160000000000004
-3.03375244140625,2.9160500000000003
-3.14056396484375,2.9161
-3.30902099609375,2.9161500000000005
-3.20281982421875,2.9162000000000003
-3.018798828125,2.9162500000000002
-3.29681396484375,2.9163000000000006
-3.19610595703125,2.9163500000000004
-3.03131103515625,2.9164000000000003
-3.20068359375,2.91645
-3.2293701171875,2.9165000000000005
-3.4063720703125,2.9165500000000004
-3.28125,2.9166000000000003
-3.28826904296875,2.91665
-2.847900390625,2.9167000000000005
-3.0303955078125,2.9167500000000004
-3.22509765625,2.9168000000000003
-3.291015625,2.91685
-2.764892578125,2.9169000000000005
-2.93914794921875,2.9169500000000004
-3.0426025390625,2.9170000000000003
-2.8826904296875,2.91705
-2.92816162109375,2.9171000000000005
-2.87841796875,2.9171500000000004
-2.47161865234375,2.9172000000000002
-2.85888671875,2.9172500000000006
-2.74017333984375,2.9173000000000004
-2.69561767578125,2.9173500000000003
-3.135986328125,2.9174
-2.9083251953125,2.9174500000000005
-2.6904296875,2.9175000000000004
-2.97332763671875,2.9175500000000003
-2.960205078125,2.9176
-3.07037353515625,2.9176500000000005
-3.12530517578125,2.9177000000000004
-2.7874755859375,2.9177500000000003
-3.00689697265625,2.9178
-2.877197265625,2.9178500000000005
-3.21563720703125,2.9179000000000004
-2.88330078125,2.9179500000000003
-3.00750732421875,2.918
-2.7642822265625,2.9180500000000005
-3.1317138671875,2.9181000000000004
-3.2183837890625,2.9181500000000002
-3.297119140625,2.9182000000000006
-3.39569091796875,2.9182500000000005
-3.48907470703125,2.9183000000000003
-3.19488525390625,2.91835
-3.4515380859375,2.9184000000000005
-3.4124755859375,2.9184500000000004
-3.583984375,2.9185000000000003
-3.34747314453125,2.91855
-3.284912109375,2.9186000000000005
-3.35784912109375,2.9186500000000004
-3.06365966796875,2.9187000000000003
-3.475341796875,2.91875
-3.55133056640625,2.9188000000000005
-3.08807373046875,2.9188500000000004
-3.62091064453125,2.9189000000000003
-3.70819091796875,2.91895
-3.23638916015625,2.9190000000000005
-4.0045166015625,2.9190500000000004
-3.88092041015625,2.9191000000000003
-3.55682373046875,2.91915
-3.38775634765625,2.9192000000000005
-3.52813720703125,2.9192500000000003
-3.45306396484375,2.9193000000000002
-3.3892822265625,2.9193500000000006
-3.39752197265625,2.9194000000000004
-3.37005615234375,2.9194500000000003
-3.2037353515625,2.9195
-3.026123046875,2.9195500000000005
-3.1463623046875,2.9196000000000004
-3.35540771484375,2.9196500000000003
-2.9736328125,2.9197
-3.25469970703125,2.9197500000000005
-3.01025390625,2.9198000000000004
-2.93914794921875,2.9198500000000003
-3.11614990234375,2.9199
-3.10577392578125,2.9199500000000005
-2.908935546875,2.9200000000000004
-2.70172119140625,2.9200500000000003
-2.4786376953125,2.9201
-2.535400390625,2.9201500000000005
-2.44171142578125,2.9202000000000004
-2.61199951171875,2.9202500000000002
-2.55279541015625,2.9203000000000006
-2.132568359375,2.9203500000000004
-2.57293701171875,2.9204000000000003
-2.69561767578125,2.92045
-2.5555419921875,2.9205000000000005
-2.50579833984375,2.9205500000000004
-2.822265625,2.9206000000000003
-2.70233154296875,2.92065
-2.94342041015625,2.9207000000000005
-3.023681640625,2.9207500000000004
-2.94769287109375,2.9208000000000003
-3.07037353515625,2.92085
-3.10943603515625,2.9209000000000005
-3.08746337890625,2.9209500000000004
-3.038330078125,2.9210000000000003
-3.350830078125,2.92105
-3.20953369140625,2.9211000000000005
-3.270263671875,2.9211500000000004
-2.92327880859375,2.9212000000000002
-3.25225830078125,2.9212500000000006
-3.2177734375,2.9213000000000005
-3.26263427734375,2.9213500000000003
-3.06549072265625,2.9214
-3.0609130859375,2.9214500000000005
-3.03466796875,2.9215000000000004
-3.16680908203125,2.9215500000000003
-3.1884765625,2.9216
-3.134765625,2.9216500000000005
-2.706298828125,2.9217000000000004
-3.1072998046875,2.9217500000000003
-3.03955078125,2.9218
-2.89642333984375,2.9218500000000005
-3.21136474609375,2.9219000000000004
-2.95806884765625,2.9219500000000003
-2.90740966796875,2.922
-2.87628173828125,2.9220500000000005
-3.1072998046875,2.9221000000000004
-2.83111572265625,2.9221500000000002
-3.14666748046875,2.9222000000000006
-3.23760986328125,2.9222500000000005
-3.07342529296875,2.9223000000000003
-2.8802490234375,2.9223500000000002
-3.04473876953125,2.9224000000000006
-2.87841796875,2.9224500000000004
-3.0120849609375,2.9225000000000003
-3.0743408203125,2.92255
-3.14056396484375,2.9226000000000005
-2.82989501953125,2.9226500000000004
-3.2183837890625,2.9227000000000003
-3.2891845703125,2.92275
-3.33038330078125,2.9228000000000005
-2.9498291015625,2.9228500000000004
-3.35968017578125,2.9229000000000003
-3.26019287109375,2.92295
-3.280029296875,2.9230000000000005
-3.23486328125,2.9230500000000004
-3.46893310546875,2.9231000000000003
-3.25775146484375,2.92315
-2.91900634765625,2.9232000000000005
-3.2476806640625,2.9232500000000003
-3.2855224609375,2.9233000000000002
-3.14605712890625,2.9233500000000006
-3.0938720703125,2.9234000000000004
-3.25653076171875,2.9234500000000003
-3.0621337890625,2.9235
-3.4765625,2.9235500000000005
-3.70635986328125,2.9236000000000004
-3.62060546875,2.9236500000000003
-3.3099365234375,2.9237
-3.6431884765625,2.9237500000000005
-3.29071044921875,2.9238000000000004
-3.22296142578125,2.9238500000000003
-3.32794189453125,2.9239
-3.46405029296875,2.9239500000000005
-3.1280517578125,2.9240000000000004
-3.0303955078125,2.9240500000000003
-3.29833984375,2.9241
-3.31024169921875,2.9241500000000005
-3.53485107421875,2.9242000000000004
-3.61663818359375,2.9242500000000002
-3.22418212890625,2.9243000000000006
-3.41522216796875,2.9243500000000004
-3.6431884765625,2.9244000000000003
-3.798828125,2.92445
-3.57452392578125,2.9245000000000005
-3.2763671875,2.9245500000000004
-3.32550048828125,2.9246000000000003
-3.14697265625,2.92465
-3.2965087890625,2.9247000000000005
-3.3447265625,2.9247500000000004
-3.26507568359375,2.9248000000000003
-2.90435791015625,2.92485
-3.22509765625,2.9249000000000005
-3.0902099609375,2.9249500000000004
-3.22052001953125,2.9250000000000003
-3.42254638671875,2.92505
-3.665771484375,2.9251000000000005
-3.472900390625,2.9251500000000004
-3.51593017578125,2.9252000000000002
-3.6907958984375,2.92525
-3.31207275390625,2.9253000000000005
-3.6004638671875,2.9253500000000003
-3.5858154296875,2.9254000000000002
-3.695068359375,2.92545
-3.09661865234375,2.9255000000000004
-3.56964111328125,2.9255500000000003
-3.67645263671875,2.9256
-3.3367919921875,2.92565
-3.49700927734375,2.9257000000000004
-3.59649658203125,2.9257500000000003
-3.15643310546875,2.9258
-3.71307373046875,2.9258500000000005
-3.53271484375,2.9259000000000004
-3.4686279296875,2.9259500000000003
-3.1005859375,2.926
-3.37371826171875,2.9260500000000005
-3.70880126953125,2.9261000000000004
-3.32763671875,2.9261500000000003
-3.2122802734375,2.9262
-3.5015869140625,2.9262500000000005
-3.27239990234375,2.9263000000000003
-2.88604736328125,2.9263500000000002
-3.1976318359375,2.9264
-3.24920654296875,2.9264500000000004
-3.10546875,2.9265000000000003
-3.28369140625,2.92655
-3.2342529296875,2.9266
-2.9986572265625,2.9266500000000004
-3.16650390625,2.9267000000000003
-3.34869384765625,2.92675
-3.5400390625,2.9268000000000005
-3.148193359375,2.9268500000000004
-3.10272216796875,2.9269000000000003
-3.465576171875,2.92695
-3.52630615234375,2.9270000000000005
-3.38653564453125,2.9270500000000004
-3.64227294921875,2.9271000000000003
-2.8289794921875,2.92715
-3.31085205078125,2.9272000000000005
-3.38470458984375,2.9272500000000004
-3.18023681640625,2.9273000000000002
-3.1805419921875,2.92735
-3.0389404296875,2.9274000000000004
-2.8741455078125,2.9274500000000003
-2.940673828125,2.9275
-2.7606201171875,2.92755
-2.92266845703125,2.9276000000000004
-2.7703857421875,2.9276500000000003
-2.72735595703125,2.9277
-2.99957275390625,2.92775
-2.7349853515625,2.9278000000000004
-2.960205078125,2.9278500000000003
-2.684326171875,2.9279
-2.97698974609375,2.9279500000000005
-2.46612548828125,2.9280000000000004
-2.59735107421875,2.9280500000000003
-2.845458984375,2.9281
-2.60162353515625,2.9281500000000005
-2.8179931640625,2.9282000000000004
-2.78289794921875,2.9282500000000002
-2.59521484375,2.9283
-2.6544189453125,2.9283500000000005
-2.66937255859375,2.9284000000000003
-2.7301025390625,2.92845
-2.56683349609375,2.9285
-2.6007080078125,2.9285500000000004
-2.79144287109375,2.9286000000000003
-2.6202392578125,2.92865
-2.74566650390625,2.9287
-2.67913818359375,2.9287500000000004
-2.4530029296875,2.9288000000000003
-2.58697509765625,2.92885
-2.77801513671875,2.9289000000000005
-2.4481201171875,2.9289500000000004
-2.7142333984375,2.9290000000000003
-2.64678955078125,2.92905
-2.845458984375,2.9291000000000005
-2.59429931640625,2.9291500000000004
-2.79052734375,2.9292000000000002
-2.850341796875,2.92925
-2.633056640625,2.9293000000000005
-2.862548828125,2.9293500000000003
-2.70538330078125,2.9294000000000002
-2.55615234375,2.92945
-2.554931640625,2.9295000000000004
-2.85400390625,2.9295500000000003
-2.91168212890625,2.9296
-2.835693359375,2.92965
-2.85064697265625,2.9297000000000004
-2.701416015625,2.9297500000000003
-2.7496337890625,2.9298
-2.9443359375,2.9298500000000005
-3.03131103515625,2.9299000000000004
-3.13812255859375,2.9299500000000003
-2.72613525390625,2.93
-2.90496826171875,2.9300500000000005
-3.11767578125,2.9301000000000004
-2.97149658203125,2.9301500000000003
-2.9302978515625,2.9302
-3.1854248046875,2.9302500000000005
-3.0584716796875,2.9303000000000003
-3.1964111328125,2.9303500000000002
-3.0316162109375,2.9304
-3.07952880859375,2.9304500000000004
-3.140869140625,2.9305000000000003
-3.0352783203125,2.93055
-3.00933837890625,2.9306
-2.97576904296875,2.9306500000000004
-3.043212890625,2.9307000000000003
-3.2525634765625,2.93075
-3.08868408203125,2.9308000000000005
-3.10546875,2.9308500000000004
-3.115234375,2.9309000000000003
-3.118896484375,2.93095
-3.319091796875,2.9310000000000005
-3.27178955078125,2.9310500000000004
-3.36273193359375,2.9311000000000003
-2.9583740234375,2.93115
-3.08013916015625,2.9312000000000005
-2.9705810546875,2.9312500000000004
-3.116455078125,2.9313000000000002
-2.89703369140625,2.93135
-2.9296875,2.9314000000000004
-2.78961181640625,2.9314500000000003
-3.04168701171875,2.9315
-3.089599609375,2.93155
-3.109130859375,2.9316000000000004
-2.8582763671875,2.9316500000000003
-3.2403564453125,2.9317
-3.10638427734375,2.93175
-3.22235107421875,2.9318000000000004
-3.2470703125,2.9318500000000003
-3.25469970703125,2.9319
-3.25592041015625,2.9319500000000005
-3.1903076171875,2.9320000000000004
-3.19183349609375,2.9320500000000003
-2.98187255859375,2.9321
-3.14453125,2.9321500000000005
-3.0474853515625,2.9322000000000004
-3.03314208984375,2.9322500000000002
-2.76336669921875,2.9323
-2.8564453125,2.9323500000000005
-3.03070068359375,2.9324000000000003
-3.15155029296875,2.9324500000000002
-2.98980712890625,2.9325
-3.00262451171875,2.9325500000000004
-2.8497314453125,2.9326000000000003
-2.9638671875,2.93265
-2.92694091796875,2.9327
-3.131103515625,2.9327500000000004
-3.072509765625,2.9328000000000003
-2.78167724609375,2.93285
-3.00323486328125,2.9329000000000005
-3.00567626953125,2.9329500000000004
-2.91534423828125,2.9330000000000003
-3.07525634765625,2.93305
-2.91900634765625,2.9331000000000005
-2.77252197265625,2.9331500000000004
-3.08990478515625,2.9332000000000003
-2.9534912109375,2.93325
-2.8912353515625,2.9333000000000005
-2.999267578125,2.9333500000000003
-3.1243896484375,2.9334000000000002
-2.90924072265625,2.93345
-3.11492919921875,2.9335000000000004
-3.23822021484375,2.9335500000000003
-3.19061279296875,2.9336
-3.009033203125,2.93365
-2.92572021484375,2.9337000000000004
-3.16650390625,2.9337500000000003
-3.10089111328125,2.9338
-2.96356201171875,2.9338500000000005
-3.189697265625,2.9339000000000004
-2.987060546875,2.9339500000000003
-2.9852294921875,2.934
-3.060302734375,2.9340500000000005
-2.972412109375,2.9341000000000004
-3.34686279296875,2.9341500000000003
-3.10638427734375,2.9342
-2.79571533203125,2.9342500000000005
-2.94891357421875,2.9343000000000004
-3.24798583984375,2.9343500000000002
-3.1890869140625,2.9344
-3.255615234375,2.9344500000000004
-2.84698486328125,2.9345000000000003
-3.046875,2.93455
-2.85003662109375,2.9346
-3.05816650390625,2.9346500000000004
-2.9052734375,2.9347000000000003
-2.95196533203125,2.93475
-2.7886962890625,2.9348
-3.1439208984375,2.9348500000000004
-2.98736572265625,2.9349000000000003
-2.89947509765625,2.93495
-3.0255126953125,2.9350000000000005
-3.231201171875,2.9350500000000004
-3.12835693359375,2.9351000000000003
-3.125,2.93515
-3.221435546875,2.9352000000000005
-3.24005126953125,2.9352500000000004
-3.32763671875,2.9353000000000002
-3.0804443359375,2.93535
-2.9461669921875,2.9354000000000005
-2.76031494140625,2.9354500000000003
-2.82928466796875,2.9355
-3.0230712890625,2.93555
-2.88604736328125,2.9356000000000004
-2.864990234375,2.9356500000000003
-2.9736328125,2.9357
-2.9266357421875,2.93575
-3.32733154296875,2.9358000000000004
-3.1719970703125,2.9358500000000003
-3.26416015625,2.9359
-2.86712646484375,2.9359500000000005
-3.055419921875,2.9360000000000004
-3.048095703125,2.9360500000000003
-2.9852294921875,2.9361
-2.862548828125,2.9361500000000005
-2.90679931640625,2.9362000000000004
-3.1109619140625,2.9362500000000002
-2.4896240234375,2.9363
-2.7935791015625,2.9363500000000005
-2.94342041015625,2.9364000000000003
-2.88726806640625,2.9364500000000002
-2.89459228515625,2.9365
-2.85980224609375,2.9365500000000004
-2.81829833984375,2.9366000000000003
-3.20892333984375,2.93665
-3.01055908203125,2.9367
-2.82623291015625,2.9367500000000004
-2.891845703125,2.9368000000000003
-2.6446533203125,2.93685
-2.9888916015625,2.9369000000000005
-3.02581787109375,2.9369500000000004
-3.0078125,2.9370000000000003
-3.0126953125,2.93705
-2.67730712890625,2.9371000000000005
-3.09814453125,2.9371500000000004
-3.07952880859375,2.9372000000000003
-2.9913330078125,2.93725
-2.9840087890625,2.9373000000000005
-3.11981201171875,2.9373500000000003
-2.98431396484375,2.9374000000000002
-2.97210693359375,2.93745
-3.10760498046875,2.9375000000000004
-3.0621337890625,2.9375500000000003
-3.1475830078125,2.9376
-2.9998779296875,2.93765
-3.1146240234375,2.9377000000000004
-2.978515625,2.9377500000000003
-3.11920166015625,2.9378
-3.00201416015625,2.93785
-3.2061767578125,2.9379000000000004
-2.93914794921875,2.9379500000000003
-3.1671142578125,2.938
-3.07769775390625,2.9380500000000005
-2.8802490234375,2.9381000000000004
-3.10760498046875,2.9381500000000003
-3.46710205078125,2.9382
-2.8265380859375,2.9382500000000005
-3.32000732421875,2.9383000000000004
-3.35174560546875,2.9383500000000002
-3.321533203125,2.9384
-3.271484375,2.9384500000000005
-3.3355712890625,2.9385000000000003
-3.03192138671875,2.93855
-3.0206298828125,2.9386
-3.428955078125,2.9386500000000004
-3.39019775390625,2.9387000000000003
-3.33526611328125,2.93875
-3.04351806640625,2.9388
-3.2476806640625,2.9388500000000004
-3.37615966796875,2.9389000000000003
-3.189697265625,2.93895
-3.26812744140625,2.9390000000000005
-3.32550048828125,2.9390500000000004
-3.21563720703125,2.9391000000000003
-3.53302001953125,2.93915
-3.1903076171875,2.9392000000000005
-3.284912109375,2.9392500000000004
-3.2318115234375,2.9393000000000002
-3.10577392578125,2.93935
-3.16070556640625,2.9394000000000005
-2.93212890625,2.9394500000000003
-3.0908203125,2.9395000000000002
-3.0755615234375,2.93955
-2.92999267578125,2.9396000000000004
-3.055419921875,2.9396500000000003
-2.7642822265625,2.9397
-2.79754638671875,2.93975
-3.3636474609375,2.9398000000000004
-3.26446533203125,2.9398500000000003
-2.72735595703125,2.9399
-2.80426025390625,2.9399500000000005
-2.90191650390625,2.9400000000000004
-2.7484130859375,2.9400500000000003
-3.0474853515625,2.9401
-2.95074462890625,2.9401500000000005
-2.9791259765625,2.9402000000000004
-2.7972412109375,2.9402500000000003
-2.91168212890625,2.9403
-2.8961181640625,2.9403500000000005
-2.78076171875,2.9404000000000003
-2.93701171875,2.9404500000000002
-3.10821533203125,2.9405
-3.08258056640625,2.9405500000000004
-2.99224853515625,2.9406000000000003
-3.12255859375,2.94065
-3.00750732421875,2.9407
-2.9754638671875,2.9407500000000004
-2.96112060546875,2.9408000000000003
-2.90252685546875,2.94085
-2.80670166015625,2.9409000000000005
-2.7874755859375,2.9409500000000004
-2.86346435546875,2.9410000000000003
-3.072509765625,2.94105
-2.73529052734375,2.9411000000000005
-3.1439208984375,2.9411500000000004
-3.15765380859375,2.9412000000000003
-2.977294921875,2.94125
-3.09906005859375,2.9413000000000005
-3.2147216796875,2.9413500000000004
-2.64801025390625,2.9414000000000002
-3.15185546875,2.94145
-3.5589599609375,2.9415000000000004
-3.46649169921875,2.9415500000000003
-3.13323974609375,2.9416
-3.40179443359375,2.94165
-3.15826416015625,2.9417000000000004
-3.2281494140625,2.9417500000000003
-3.23150634765625,2.9418
-3.30078125,2.94185
-3.17047119140625,2.9419000000000004
-3.26019287109375,2.9419500000000003
-3.3563232421875,2.942
-3.380126953125,2.9420500000000005
-3.42498779296875,2.9421000000000004
-3.3514404296875,2.9421500000000003
-3.3563232421875,2.9422
-2.916259765625,2.9422500000000005
-3.20220947265625,2.9423000000000004
-3.10028076171875,2.9423500000000002
-3.1787109375,2.9424
-3.08685302734375,2.9424500000000005
-3.1585693359375,2.9425000000000003
-2.93548583984375,2.94255
-2.8759765625,2.9426
-3.13323974609375,2.9426500000000004
-3.1964111328125,2.9427000000000003
-2.6055908203125,2.94275
-2.7685546875,2.9428
-2.87628173828125,2.9428500000000004
-2.763671875,2.9429000000000003
-3.2177734375,2.94295
-3.08837890625,2.9430000000000005
-2.611083984375,2.9430500000000004
-2.82958984375,2.9431000000000003
-3.1915283203125,2.94315
-2.99530029296875,2.9432000000000005
-3.04962158203125,2.9432500000000004
-2.977294921875,2.9433000000000002
-3.08807373046875,2.94335
-2.85247802734375,2.9434000000000005
-3.18206787109375,2.9434500000000003
-3.3013916015625,2.9435000000000002
-2.9010009765625,2.94355
-3.05450439453125,2.9436000000000004
-2.99224853515625,2.9436500000000003
-3.1500244140625,2.9437
-2.96295166015625,2.94375
-2.99530029296875,2.9438000000000004
-3.1207275390625,2.9438500000000003
-2.95867919921875,2.9439
-2.99957275390625,2.9439500000000005
-3.16314697265625,2.9440000000000004
-3.08685302734375,2.9440500000000003
-2.95379638671875,2.9441
-3.2769775390625,2.9441500000000005
-3.07220458984375,2.9442000000000004
-2.733154296875,2.9442500000000003
-3.17352294921875,2.9443
-3.306884765625,2.9443500000000005
-3.34320068359375,2.9444000000000004
-3.06427001953125,2.9444500000000002
-3.48541259765625,2.9445
-3.450927734375,2.9445500000000004
-3.63800048828125,2.9446000000000003
-3.709716796875,2.94465
-3.84490966796875,2.9447
-3.38043212890625,2.9447500000000004
-3.81591796875,2.9448000000000003
-3.67523193359375,2.94485
-3.68316650390625,2.9449
-3.62213134765625,2.9449500000000004
-4.00390625,2.9450000000000003
-3.51348876953125,2.94505
-3.58551025390625,2.9451000000000005
-3.4173583984375,2.9451500000000004
-3.47076416015625,2.9452000000000003
-3.6395263671875,2.94525
-3.353271484375,2.9453000000000005
-3.2818603515625,2.9453500000000004
-3.17474365234375,2.9454000000000002
-3.39385986328125,2.94545
-3.52996826171875,2.9455000000000005
-3.54156494140625,2.9455500000000003
-2.92144775390625,2.9456
-3.43109130859375,2.94565
-3.2733154296875,2.9457000000000004
-3.3074951171875,2.9457500000000003
-3.25531005859375,2.9458
-3.3770751953125,2.94585
-3.03253173828125,2.9459000000000004
-3.24859619140625,2.9459500000000003
-3.07861328125,2.946
-3.017578125,2.9460500000000005
-3.167724609375,2.9461000000000004
-2.92083740234375,2.9461500000000003
-2.93853759765625,2.9462
-2.677001953125,2.9462500000000005
-2.6611328125,2.9463000000000004
-2.77374267578125,2.9463500000000002
-2.52227783203125,2.9464
-2.64312744140625,2.9464500000000005
-2.852783203125,2.9465000000000003
-2.51800537109375,2.9465500000000002
-2.79449462890625,2.9466
-2.81524658203125,2.9466500000000004
-2.79022216796875,2.9467000000000003
-2.67547607421875,2.94675
-2.8302001953125,2.9468
-2.6519775390625,2.9468500000000004
-2.82379150390625,2.9469000000000003
-2.93243408203125,2.94695
-3.06243896484375,2.9470000000000005
-2.8948974609375,2.9470500000000004
-2.88665771484375,2.9471000000000003
-3.04656982421875,2.94715
-2.9296875,2.9472000000000005
-2.94708251953125,2.9472500000000004
-3.04168701171875,2.9473000000000003
-3.1475830078125,2.94735
-2.8369140625,2.9474000000000005
-3.51470947265625,2.9474500000000003
-3.34075927734375,2.9475000000000002
-3.37310791015625,2.94755
-3.27667236328125,2.9476000000000004
-2.99713134765625,2.9476500000000003
-3.09783935546875,2.9477
-3.154296875,2.94775
-3.04595947265625,2.9478000000000004
-3.135986328125,2.9478500000000003
-2.83416748046875,2.9479
-2.977294921875,2.9479500000000005
-2.9510498046875,2.9480000000000004
-2.6873779296875,2.9480500000000003
-3.11859130859375,2.9481
-3.08685302734375,2.9481500000000005
-2.7154541015625,2.9482000000000004
-2.62664794921875,2.9482500000000003
-2.73895263671875,2.9483
-2.8509521484375,2.9483500000000005
-2.94586181640625,2.9484000000000004
-2.755126953125,2.9484500000000002
-2.59063720703125,2.9485
-2.7203369140625,2.9485500000000004
-2.73895263671875,2.9486000000000003
-2.557373046875,2.94865
-2.53082275390625,2.9487
-2.24761962890625,2.9487500000000004
-2.3883056640625,2.9488000000000003
-2.2900390625,2.94885
-2.45849609375,2.9489
-2.4639892578125,2.9489500000000004
-2.62298583984375,2.9490000000000003
-2.35076904296875,2.94905
-2.6904296875,2.9491000000000005
-2.50396728515625,2.9491500000000004
-2.66143798828125,2.9492000000000003
-2.69439697265625,2.94925
-2.860107421875,2.9493000000000005
-2.79449462890625,2.9493500000000004
-2.59979248046875,2.9494000000000002
-2.72552490234375,2.94945
-2.82745361328125,2.9495000000000005
-2.747802734375,2.9495500000000003
-2.7838134765625,2.9496
-2.69317626953125,2.94965
-2.371826171875,2.9497000000000004
-2.6934814453125,2.9497500000000003
-2.7734375,2.9498
-2.6837158203125,2.94985
-2.51312255859375,2.9499000000000004
-2.91717529296875,2.9499500000000003
-2.47100830078125,2.95
-2.735595703125,2.95005
-2.80364990234375,2.9501000000000004
-2.666015625,2.9501500000000003
-2.49969482421875,2.9502
-2.5238037109375,2.95025
-2.6739501953125,2.9503000000000004
-2.7117919921875,2.9503500000000003
-2.83477783203125,2.9504
-2.78533935546875,2.95045
-2.725830078125,2.9505000000000003
-2.65045166015625,2.9505500000000002
-2.85858154296875,2.9506
-3.15704345703125,2.95065
-3.15582275390625,2.9507000000000003
-3.17840576171875,2.95075
-3.0255126953125,2.9508
-3.23089599609375,2.95085
-3.11920166015625,2.9509000000000003
-3.29620361328125,2.95095
-3.2464599609375,2.951
-2.92999267578125,2.9510500000000004
-3.050537109375,2.9511000000000003
-2.8045654296875,2.95115
-2.94830322265625,2.9512
-3.0902099609375,2.9512500000000004
-2.965087890625,2.9513000000000003
-2.79693603515625,2.95135
-2.7056884765625,2.9514
-3.03070068359375,2.9514500000000004
-3.01239013671875,2.9515000000000002
-2.72735595703125,2.95155
-3.07861328125,2.9516
-2.88116455078125,2.9516500000000003
-2.89581298828125,2.9517
-3.26629638671875,2.95175
-2.82073974609375,2.9518
-3.04229736328125,2.9518500000000003
-3.03314208984375,2.9519
-2.92022705078125,2.95195
-3.16925048828125,2.952
-3.248291015625,2.9520500000000003
-3.072509765625,2.9521
-3.12347412109375,2.95215
-2.99041748046875,2.9522000000000004
-3.12255859375,2.9522500000000003
-2.91015625,2.9523
-2.94891357421875,2.95235
-2.85858154296875,2.9524000000000004
-3.01544189453125,2.9524500000000002
-2.70538330078125,2.9525
-2.6727294921875,2.95255
-2.86163330078125,2.9526000000000003
-2.9388427734375,2.95265
-2.59033203125,2.9527
-2.77587890625,2.95275
-2.83782958984375,2.9528000000000003
-2.73773193359375,2.95285
-2.87445068359375,2.9529
-2.69744873046875,2.95295
-2.916259765625,2.9530000000000003
-2.6068115234375,2.95305
-2.8076171875,2.9531
-2.56378173828125,2.9531500000000004
-2.74658203125,2.9532000000000003
-2.81280517578125,2.95325
-2.83782958984375,2.9533
-2.686767578125,2.9533500000000004
-3.05267333984375,2.9534000000000002
-3.03131103515625,2.95345
-3.245849609375,2.9535
-3.15216064453125,2.9535500000000003
-3.1158447265625,2.9536000000000002
-2.86895751953125,2.95365
-3.1378173828125,2.9537
-2.9864501953125,2.9537500000000003
-3.08502197265625,2.9538
-3.21746826171875,2.95385
-3.01971435546875,2.9539
-2.89764404296875,2.9539500000000003
-2.9052734375,2.954
-3.189697265625,2.95405
-3.08197021484375,2.9541000000000004
-2.99957275390625,2.9541500000000003
-2.81494140625,2.9542
-3.17901611328125,2.95425
-3.27423095703125,2.9543000000000004
-3.194580078125,2.9543500000000003
-2.87506103515625,2.9544
-3.0841064453125,2.95445
-2.9486083984375,2.9545000000000003
-2.9400634765625,2.9545500000000002
-2.9876708984375,2.9546
-2.81463623046875,2.95465
-2.60986328125,2.9547000000000003
-2.901611328125,2.95475
-2.61199951171875,2.9548
-2.71240234375,2.95485
-3.099365234375,2.9549000000000003
-2.8607177734375,2.95495
-2.5262451171875,2.955
-2.86376953125,2.9550500000000004
-2.69989013671875,2.9551000000000003
-2.91473388671875,2.95515
-3.143310546875,2.9552
-3.16192626953125,2.9552500000000004
-2.98095703125,2.9553000000000003
-3.03466796875,2.95535
-2.9705810546875,2.9554
-2.98797607421875,2.9554500000000004
-3.1201171875,2.9555000000000002
-2.96966552734375,2.95555
-3.10516357421875,2.9556
-3.0206298828125,2.9556500000000003
-3.00262451171875,2.9557
-3.1634521484375,2.95575
-3.00079345703125,2.9558
-3.0078125,2.9558500000000003
-3.2861328125,2.9559
-3.0816650390625,2.95595
-3.0194091796875,2.956
-3.153076171875,2.9560500000000003
-3.048095703125,2.9561
-3.02886962890625,2.95615
-2.843017578125,2.9562000000000004
-3.24005126953125,2.9562500000000003
-2.90374755859375,2.9563
-2.97698974609375,2.95635
-2.9266357421875,2.9564000000000004
-3.04595947265625,2.9564500000000002
-2.71514892578125,2.9565
-3.18939208984375,2.95655
-3.06610107421875,2.9566000000000003
-3.233642578125,2.9566500000000002
-3.25897216796875,2.9567
-3.2476806640625,2.95675
-2.9888916015625,2.9568000000000003
-3.31207275390625,2.95685
-3.2452392578125,2.9569
-3.2275390625,2.95695
-3.1451416015625,2.9570000000000003
-2.91595458984375,2.95705
-2.95684814453125,2.9571
-3.18084716796875,2.9571500000000004
-2.9193115234375,2.9572000000000003
-3.01025390625,2.95725
-3.27545166015625,2.9573
-2.8350830078125,2.9573500000000004
-3.4368896484375,2.9574000000000003
-3.2421875,2.95745
-3.2720947265625,2.9575
-3.14056396484375,2.9575500000000003
-3.043212890625,2.9576000000000002
-3.03314208984375,2.95765
-3.23089599609375,2.9577
-3.08349609375,2.9577500000000003
-3.20831298828125,2.9578
-3.03070068359375,2.95785
-3.1756591796875,2.9579
-3.01239013671875,2.9579500000000003
-3.07037353515625,2.958
-3.29833984375,2.95805
-3.30963134765625,2.9581000000000004
-2.97698974609375,2.9581500000000003
-3.30291748046875,2.9582
-3.1103515625,2.95825
-3.106689453125,2.9583000000000004
-3.43841552734375,2.9583500000000003
-3.482666015625,2.9584
-3.00567626953125,2.95845
-2.9107666015625,2.9585000000000004
-3.37249755859375,2.9585500000000002
-3.36944580078125,2.9586
-3.2330322265625,2.95865
-2.95684814453125,2.9587000000000003
-3.15765380859375,2.95875
-3.3050537109375,2.9588
-3.04290771484375,2.95885
-3.05267333984375,2.9589000000000003
-3.2647705078125,2.95895
-3.0914306640625,2.959
-3.44390869140625,2.95905
-3.04718017578125,2.9591000000000003
-3.062744140625,2.95915
-3.18603515625,2.9592
-3.33465576171875,2.9592500000000004
-3.01727294921875,2.9593000000000003
-3.1207275390625,2.95935
-3.21136474609375,2.9594
-3.22540283203125,2.9594500000000004
-3.05267333984375,2.9595000000000002
-3.1597900390625,2.95955
-3.01666259765625,2.9596
-2.73468017578125,2.9596500000000003
-3.20281982421875,2.9597
-3.29833984375,2.95975
-3.19091796875,2.9598
-3.08563232421875,2.9598500000000003
-3.16192626953125,2.9599
-3.138427734375,2.95995
-3.3258056640625,2.96
-3.17352294921875,2.9600500000000003
-3.1536865234375,2.9601
-3.13446044921875,2.96015
-3.06060791015625,2.9602000000000004
-3.0908203125,2.9602500000000003
-3.072509765625,2.9603
-3.1341552734375,2.96035
-3.09783935546875,2.9604000000000004
-3.05908203125,2.9604500000000002
-2.75909423828125,2.9605
-3.2843017578125,2.96055
-3.18267822265625,2.9606000000000003
-3.0963134765625,2.9606500000000002
-3.0523681640625,2.9607
-3.1500244140625,2.96075
-3.0010986328125,2.9608000000000003
-3.31085205078125,2.96085
-3.11492919921875,2.9609
-2.97882080078125,2.96095
-2.72308349609375,2.9610000000000003
-3.179931640625,2.96105
-2.90435791015625,2.9611
-2.97637939453125,2.9611500000000004
-3.2989501953125,2.9612000000000003
-3.23272705078125,2.96125
-2.894287109375,2.9613
-3.08135986328125,2.9613500000000004
-3.30078125,2.9614000000000003
-3.26416015625,2.96145
-3.19244384765625,2.9615
-3.06793212890625,2.9615500000000003
-3.023681640625,2.9616000000000002
-3.2818603515625,2.96165
-3.321533203125,2.9617
-2.9888916015625,2.9617500000000003
-3.2000732421875,2.9618
-3.07586669921875,2.96185
-3.1622314453125,2.9619
-3.2684326171875,2.9619500000000003
-3.057861328125,2.962
-3.08258056640625,2.96205
-3.21441650390625,2.9621000000000004
-2.8143310546875,2.9621500000000003
-3.18206787109375,2.9622
-3.0218505859375,2.96225
-3.13690185546875,2.9623000000000004
-2.801513671875,2.9623500000000003
-3.20404052734375,2.9624
-2.8826904296875,2.96245
-3.0316162109375,2.9625000000000004
-3.1060791015625,2.9625500000000002
-3.17108154296875,2.9626
-2.8271484375,2.96265
-3.1756591796875,2.9627000000000003
-2.90618896484375,2.96275
-2.68280029296875,2.9628
-3.167724609375,2.96285
-3.12408447265625,2.9629000000000003
-2.92022705078125,2.96295
-2.56195068359375,2.963
-2.87994384765625,2.96305
-2.85491943359375,2.9631000000000003
-2.82806396484375,2.96315
-2.96722412109375,2.9632
-2.94342041015625,2.9632500000000004
-2.8863525390625,2.9633000000000003
-3.0242919921875,2.96335
-2.9364013671875,2.9634
-3.02703857421875,2.9634500000000004
-2.9998779296875,2.9635000000000002
-2.8082275390625,2.96355
-2.9339599609375,2.9636
-2.68951416015625,2.9636500000000003
-3.08868408203125,2.9637000000000002
-2.8912353515625,2.96375
-2.83294677734375,2.9638
-2.69775390625,2.9638500000000003
-2.78045654296875,2.9639
-2.92724609375,2.96395
-3.01177978515625,2.964
-3.1158447265625,2.9640500000000003
-2.78106689453125,2.9641
-2.85736083984375,2.96415
-3.2513427734375,2.9642000000000004
-3.0853271484375,2.9642500000000003
-3.067626953125,2.9643
-2.9888916015625,2.96435
-2.97515869140625,2.9644000000000004
-3.06182861328125,2.9644500000000003
-2.93853759765625,2.9645
-2.97271728515625,2.96455
-2.98919677734375,2.9646000000000003
-2.96417236328125,2.9646500000000002
-2.97393798828125,2.9647
-3.076171875,2.96475
-3.0694580078125,2.9648000000000003
-3.11187744140625,2.96485
-2.97119140625,2.9649
-3.11553955078125,2.96495
-2.794189453125,2.9650000000000003
-3.0499267578125,2.96505
-2.967529296875,2.9651
-3.1005859375,2.9651500000000004
-2.99285888671875,2.9652000000000003
-2.9736328125,2.96525
-3.0224609375,2.9653
-3.13720703125,2.9653500000000004
-2.93609619140625,2.9654000000000003
-3.1640625,2.96545
-2.66326904296875,2.9655
-3.07525634765625,2.9655500000000004
-2.733154296875,2.9656000000000002
-2.840576171875,2.96565
-3.28338623046875,2.9657
-3.16375732421875,2.9657500000000003
-2.850341796875,2.9658
-2.99652099609375,2.96585
-3.1732177734375,2.9659
-3.04840087890625,2.9659500000000003
-3.20587158203125,2.966
-3.00689697265625,2.96605
-2.935791015625,2.9661
-2.8900146484375,2.9661500000000003
-3.1011962890625,2.9662
-2.8826904296875,2.96625
-2.9815673828125,2.9663000000000004
-3.08837890625,2.9663500000000003
-3.26751708984375,2.9664
-2.85919189453125,2.96645
-2.98065185546875,2.9665000000000004
-3.12469482421875,2.9665500000000002
-3.23028564453125,2.9666
-2.81951904296875,2.96665
-3.10302734375,2.9667000000000003
-2.89337158203125,2.96675
-2.98919677734375,2.9668
-3.08502197265625,2.96685
-2.9547119140625,2.9669000000000003
-2.896728515625,2.96695
-2.6593017578125,2.967
-2.84820556640625,2.96705
-3.03558349609375,2.9671000000000003
-2.77801513671875,2.96715
-3.121337890625,2.9672
-2.93853759765625,2.9672500000000004
-2.9168701171875,2.9673000000000003
-3.5223388671875,2.96735
-3.46710205078125,2.9674
-3.5064697265625,2.9674500000000004
-3.128662109375,2.9675000000000002
-3.30596923828125,2.96755
-3.49456787109375,2.9676
-3.426513671875,2.9676500000000003
-3.39385986328125,2.9677000000000002
-3.16375732421875,2.96775
-3.2745361328125,2.9678
-3.08929443359375,2.9678500000000003
-3.14117431640625,2.9679
-3.07525634765625,2.96795
-3.082275390625,2.968
-3.2061767578125,2.9680500000000003
-3.026123046875,2.9681
-2.8387451171875,2.96815
-3.34197998046875,2.9682000000000004
-3.06488037109375,2.9682500000000003
-3.01361083984375,2.9683
-2.97698974609375,2.96835
-2.74566650390625,2.9684000000000004
-2.94769287109375,2.9684500000000003
-2.92724609375,2.9685
-3.07342529296875,2.96855
-2.96295166015625,2.9686000000000003
-2.48016357421875,2.9686500000000002
-2.96142578125,2.9687
-2.94281005859375,2.96875
-2.7423095703125,2.9688000000000003
-2.9632568359375,2.96885
-2.95745849609375,2.9689
-2.99346923828125,2.96895
-3.2794189453125,2.9690000000000003
-3.24981689453125,2.96905
-3.14544677734375,2.9691
-3.3282470703125,2.96915
-3.42803955078125,2.9692000000000003
-3.3319091796875,2.96925
-3.3245849609375,2.9693
-3.3050537109375,2.9693500000000004
-3.2977294921875,2.9694000000000003
-3.31573486328125,2.96945
-3.0029296875,2.9695
-3.260498046875,2.9695500000000004
-3.01544189453125,2.9696000000000002
-3.1317138671875,2.96965
-3.10577392578125,2.9697
-3.35479736328125,2.9697500000000003
-2.8277587890625,2.9698
-3.51104736328125,2.96985
-3.15460205078125,2.9699
-3.21624755859375,2.9699500000000003
-3.162841796875,2.97
-3.30169677734375,2.97005
-2.9864501953125,2.9701
-2.7935791015625,2.9701500000000003
-3.13507080078125,2.9702
-3.22601318359375,2.97025
-2.99041748046875,2.9703000000000004
-2.6220703125,2.9703500000000003
-2.960205078125,2.9704
-2.8778076171875,2.97045
-3.0511474609375,2.9705000000000004
-3.36029052734375,2.9705500000000002
-3.10150146484375,2.9706
-2.96417236328125,2.97065
-3.32244873046875,2.9707000000000003
-3.14208984375,2.9707500000000002
-3.1292724609375,2.9708
-3.09722900390625,2.97085
-3.0181884765625,2.9709000000000003
-3.03314208984375,2.97095
-2.8045654296875,2.971
-3.16802978515625,2.97105
-3.00201416015625,2.9711000000000003
-2.88909912109375,2.97115
-3.1658935546875,2.9712
-2.94189453125,2.9712500000000004
-2.960205078125,2.9713000000000003
-3.212890625,2.97135
-3.3953857421875,2.9714
-2.9827880859375,2.9714500000000004
-3.12591552734375,2.9715000000000003
-3.2623291015625,2.97155
-3.1884765625,2.9716
-3.4356689453125,2.9716500000000003
-3.39874267578125,2.9717000000000002
-3.3367919921875,2.97175
-3.37158203125,2.9718
-3.52081298828125,2.9718500000000003
-3.58612060546875,2.9719
-3.70880126953125,2.97195
-3.69964599609375,2.972
-4.04052734375,2.9720500000000003
-3.5546875,2.9721
-3.92364501953125,2.97215
-3.8433837890625,2.9722000000000004
-3.56109619140625,2.9722500000000003
-3.7017822265625,2.9723
-3.69659423828125,2.97235
-3.69293212890625,2.9724000000000004
-3.5272216796875,2.9724500000000003
-3.6456298828125,2.9725
-3.80218505859375,2.97255
-3.64715576171875,2.9726000000000004
-3.44390869140625,2.9726500000000002
-3.8177490234375,2.9727
-3.47625732421875,2.97275
-3.64715576171875,2.9728000000000003
-3.28338623046875,2.97285
-3.50860595703125,2.9729
-3.04718017578125,2.97295
-3.37066650390625,2.9730000000000003
-3.53607177734375,2.97305
-3.31451416015625,2.9731
-3.0767822265625,2.97315
-3.0401611328125,2.9732000000000003
-3.00384521484375,2.97325
-2.90618896484375,2.9733
-2.9779052734375,2.9733500000000004
-3.1427001953125,2.9734000000000003
-2.923583984375,2.97345
-2.75390625,2.9735
-2.938232421875,2.9735500000000004
-2.76397705078125,2.9736000000000002
-2.70050048828125,2.97365
-2.92694091796875,2.9737
-2.8143310546875,2.9737500000000003
-2.57049560546875,2.9738
-2.811279296875,2.97385
-3.0712890625,2.9739
-2.97332763671875,2.9739500000000003
-2.8485107421875,2.974
-3.01025390625,2.97405
-2.89886474609375,2.9741
-3.11065673828125,2.9741500000000003
-3.3184814453125,2.9742
-3.37005615234375,2.97425
-3.2366943359375,2.9743000000000004
-3.40484619140625,2.9743500000000003
-3.6883544921875,2.9744
-3.5565185546875,2.97445
-3.49761962890625,2.9745000000000004
-3.8775634765625,2.9745500000000002
-3.111572265625,2.9746
-3.2794189453125,2.97465
-3.41033935546875,2.9747000000000003
-3.3843994140625,2.9747500000000002
-3.33587646484375,2.9748
-3.11553955078125,2.97485
-3.250732421875,2.9749000000000003
-2.99041748046875,2.97495
-3.226318359375,2.975
-3.4320068359375,2.97505
-3.19610595703125,2.9751000000000003
-3.18878173828125,2.97515
-3.31329345703125,2.9752
-3.223876953125,2.97525
-3.1884765625,2.9753000000000003
-3.179931640625,2.97535
-3.25927734375,2.9754
-2.813720703125,2.97545
-2.87353515625,2.9755000000000003
-3.15216064453125,2.97555
-2.96966552734375,2.9756
-2.9876708984375,2.97565
-3.00079345703125,2.9757000000000002
-2.68310546875,2.97575
-2.94647216796875,2.9758
-3.02947998046875,2.9758500000000003
-3.37432861328125,2.9759
-3.2916259765625,2.97595
-2.8857421875,2.976
-3.29742431640625,2.9760500000000003
-2.830810546875,2.9761
-3.18206787109375,2.97615
-3.41583251953125,2.9762
-3.1964111328125,2.9762500000000003
-3.055419921875,2.9763
-3.44207763671875,2.97635
-3.326416015625,2.9764
-3.34686279296875,2.9764500000000003
-3.39080810546875,2.9765
-3.46282958984375,2.97655
-3.0364990234375,2.9766
-3.31817626953125,2.9766500000000002
-3.416748046875,2.9767
-3.4356689453125,2.97675
-3.10821533203125,2.9768000000000003
-3.26080322265625,2.97685
-3.5791015625,2.9769
-3.06427001953125,2.97695
-3.2720947265625,2.9770000000000003
-3.4417724609375,2.97705
-3.267822265625,2.9771
-2.8924560546875,2.97715
-3.2806396484375,2.9772000000000003
-2.88177490234375,2.97725
-3.20648193359375,2.9773
-3.30810546875,2.97735
-3.348388671875,2.9774000000000003
-3.04595947265625,2.97745
-2.8302001953125,2.9775
-3.5040283203125,2.97755
-3.57208251953125,2.9776000000000002
-3.24005126953125,2.97765
-3.2061767578125,2.9777
-3.31817626953125,2.97775
-3.21533203125,2.9778000000000002
-3.56231689453125,2.97785
-3.61083984375,2.9779
-3.20770263671875,2.9779500000000003
-3.323974609375,2.978
-3.37066650390625,2.97805
-3.12225341796875,2.9781
-3.32183837890625,2.9781500000000003
-3.1915283203125,2.9782
-3.25592041015625,2.97825
-3.08013916015625,2.9783
-3.00262451171875,2.9783500000000003
-3.306884765625,2.9784
-3.28369140625,2.97845
-3.13629150390625,2.9785
-3.514404296875,2.9785500000000003
-3.001708984375,2.9786
-3.1787109375,2.97865
-3.17657470703125,2.9787
-3.3734130859375,2.9787500000000002
-3.08746337890625,2.9788
-3.26202392578125,2.97885
-3.46343994140625,2.9789000000000003
-3.38623046875,2.97895
-3.5552978515625,2.979
-3.56292724609375,2.97905
-3.4185791015625,2.9791000000000003
-3.1036376953125,2.97915
-3.51104736328125,2.9792
-3.232421875,2.97925
-3.39874267578125,2.9793000000000003
-3.4765625,2.97935
-3.5906982421875,2.9794
-2.94036865234375,2.97945
-3.48388671875,2.9795000000000003
-3.32977294921875,2.97955
-2.97149658203125,2.9796
-3.089599609375,2.97965
-3.231201171875,2.9797000000000002
-3.13934326171875,2.97975
-3.25286865234375,2.9798
-3.20587158203125,2.9798500000000003
-3.43353271484375,2.9799
-3.0615234375,2.97995
-3.13720703125,2.98
-3.51715087890625,2.9800500000000003
-3.0804443359375,2.9801
-3.284912109375,2.98015
-3.12713623046875,2.9802
-3.09112548828125,2.9802500000000003
-3.04168701171875,2.9803
-3.27545166015625,2.98035
-3.21044921875,2.9804
-3.34075927734375,2.9804500000000003
-3.1842041015625,2.9805
-3.14971923828125,2.98055
-3.16864013671875,2.9806
-3.04290771484375,2.9806500000000002
-3.35540771484375,2.9807
-3.52569580078125,2.98075
-3.16253662109375,2.9808000000000003
-2.96630859375,2.98085
-3.216552734375,2.9809
-2.9547119140625,2.98095
-3.15032958984375,2.9810000000000003
-3.1109619140625,2.98105
-2.8131103515625,2.9811
-2.79541015625,2.98115
-2.861328125,2.9812000000000003
-2.967529296875,2.98125
-2.962646484375,2.9813
-2.82745361328125,2.98135
-3.1134033203125,2.9814000000000003
-2.80029296875,2.98145
-2.77862548828125,2.9815
-2.93670654296875,2.98155
-2.92877197265625,2.9816000000000003
-2.8570556640625,2.98165
-3.06243896484375,2.9817
-3.0126953125,2.98175
-3.02825927734375,2.9818000000000002
-2.98980712890625,2.98185
-3.1646728515625,2.9819
-2.7069091796875,2.9819500000000003
-2.59063720703125,2.982
-2.91473388671875,2.98205
-2.82745361328125,2.9821
-3.0389404296875,2.9821500000000003
-2.84881591796875,2.9822
-2.9071044921875,2.98225
-2.84515380859375,2.9823
-3.0877685546875,2.9823500000000003
-3.16162109375,2.9824
-2.9681396484375,2.98245
-2.88726806640625,2.9825
-2.93548583984375,2.9825500000000003
-2.796630859375,2.9826
-3.0059814453125,2.98265
-2.850341796875,2.9827
-3.101806640625,2.9827500000000002
-2.781982421875,2.9828
-2.91961669921875,2.98285
-2.85064697265625,2.9829000000000003
-2.80029296875,2.98295
-2.99072265625,2.983
-3.050537109375,2.98305
-2.694091796875,2.9831000000000003
-2.99530029296875,2.98315
-3.16864013671875,2.9832
-3.06060791015625,2.98325
-3.07098388671875,2.9833000000000003
-2.77435302734375,2.98335
-3.0816650390625,2.9834
-2.9705810546875,2.98345
-2.8631591796875,2.9835000000000003
-2.96600341796875,2.98355
-3.1500244140625,2.9836
-3.0743408203125,2.98365
-2.9205322265625,2.9837000000000002
-2.940673828125,2.98375
-3.0230712890625,2.9838
-3.1146240234375,2.9838500000000003
-3.2666015625,2.9839
-3.09814453125,2.98395
-2.98736572265625,2.984
-3.14361572265625,2.9840500000000003
-3.07861328125,2.9841
-2.93304443359375,2.98415
-3.07952880859375,2.9842
-3.1787109375,2.9842500000000003
-2.81951904296875,2.9843
-3.03863525390625,2.98435
-3.21044921875,2.9844
-3.2183837890625,2.9844500000000003
-3.001708984375,2.9845
-3.19549560546875,2.98455
-2.98492431640625,2.9846
-2.96875,2.9846500000000002
-3.1427001953125,2.9847
-3.2708740234375,2.98475
-3.19793701171875,2.9848
-3.057861328125,2.9848500000000002
-3.31512451171875,2.9849
-3.31817626953125,2.98495
-3.134765625,2.9850000000000003
-2.99652099609375,2.98505
-3.13812255859375,2.9851
-2.71575927734375,2.98515
-3.31451416015625,2.9852000000000003
-3.12347412109375,2.98525
-3.187255859375,2.9853
-2.9766845703125,2.98535
-2.85491943359375,2.9854000000000003
-2.96661376953125,2.98545
-3.07098388671875,2.9855
-3.05145263671875,2.98555
-3.13690185546875,2.9856000000000003
-2.796630859375,2.98565
-3.06884765625,2.9857
-3.14117431640625,2.98575
-2.8411865234375,2.9858000000000002
-3.03192138671875,2.98585
-3.09326171875,2.9859
-2.7630615234375,2.9859500000000003
-2.76947021484375,2.986
-2.70233154296875,2.98605
-2.72674560546875,2.9861
-3.01300048828125,2.9861500000000003
-2.7154541015625,2.9862
-2.78045654296875,2.98625
-2.60894775390625,2.9863
-2.77313232421875,2.9863500000000003
-2.841796875,2.9864
-2.939453125,2.98645
-2.36480712890625,2.9865
-2.9083251953125,2.9865500000000003
-2.7880859375,2.9866
-2.8076171875,2.98665
-2.9852294921875,2.9867
-3.1866455078125,2.9867500000000002
-2.88482666015625,2.9868
-3.0810546875,2.98685
-2.8900146484375,2.9869000000000003
-2.8350830078125,2.98695
-2.86346435546875,2.987
-2.92694091796875,2.98705
-3.01177978515625,2.9871000000000003
-2.80853271484375,2.98715
-2.91290283203125,2.9872
-3.18145751953125,2.98725
-2.80059814453125,2.9873000000000003
-2.87078857421875,2.98735
-3.04107666015625,2.9874
-2.7593994140625,2.98745
-2.93701171875,2.9875000000000003
-3.0072021484375,2.98755
-3.05877685546875,2.9876
-2.84759521484375,2.98765
-3.045654296875,2.9877000000000002
-2.9150390625,2.98775
-2.96630859375,2.9878
-2.91900634765625,2.98785
-2.89337158203125,2.9879000000000002
-2.891845703125,2.98795
-2.54669189453125,2.988
-2.8778076171875,2.9880500000000003
-2.96234130859375,2.9881
-2.84454345703125,2.98815
-2.7606201171875,2.9882
-3.07769775390625,2.9882500000000003
-2.79937744140625,2.9883
-3.25653076171875,2.98835
-3.46649169921875,2.9884
-3.2305908203125,2.9884500000000003
-2.84088134765625,2.9885
-3.07464599609375,2.98855
-3.14422607421875,2.9886
-3.01116943359375,2.9886500000000003
-2.899169921875,2.9887
-2.962646484375,2.98875
-2.88543701171875,2.9888
-2.8143310546875,2.9888500000000002
-2.783203125,2.9889
-2.72491455078125,2.98895
-2.91900634765625,2.9890000000000003
-2.86651611328125,2.98905
-2.823486328125,2.9891
-2.66021728515625,2.98915
-2.97149658203125,2.9892000000000003
-3.19122314453125,2.98925
-3.01544189453125,2.9893
-2.79510498046875,2.98935
-2.96356201171875,2.9894000000000003
-2.96234130859375,2.98945
-2.96844482421875,2.9895
-2.9522705078125,2.98955
-3.05572509765625,2.9896000000000003
-2.79052734375,2.98965
-2.93548583984375,2.9897
-3.13812255859375,2.98975
-3.094482421875,2.9898000000000002
-3.10516357421875,2.98985
-3.22296142578125,2.9899
-2.991943359375,2.9899500000000003
-3.02734375,2.99
-3.25836181640625,2.99005
-2.962646484375,2.9901
-2.926025390625,2.9901500000000003
-3.179931640625,2.9902
-3.10760498046875,2.99025
-2.70233154296875,2.9903
-2.89764404296875,2.9903500000000003
-2.81951904296875,2.9904
-2.82684326171875,2.99045
-2.72491455078125,2.9905
-2.69927978515625,2.9905500000000003
-2.68218994140625,2.9906
-2.70782470703125,2.99065
-2.75634765625,2.9907
-2.95654296875,2.9907500000000002
-2.50732421875,2.9908
-2.606201171875,2.99085
-3.021240234375,2.9909000000000003
-2.66357421875,2.99095
-2.77496337890625,2.991
-2.66387939453125,2.99105
-2.78839111328125,2.9911000000000003
-2.68829345703125,2.99115
-2.9742431640625,2.9912
-3.13812255859375,2.99125
-2.96051025390625,2.9913000000000003
-2.711181640625,2.99135
-2.89764404296875,2.9914
-2.8216552734375,2.99145
-2.891845703125,2.9915000000000003
-3.18695068359375,2.99155
-3.0718994140625,2.9916
-2.786865234375,2.99165
-3.02734375,2.9917000000000002
-3.26507568359375,2.99175
-3.17230224609375,2.9918
-3.2183837890625,2.99185
-3.18145751953125,2.9919000000000002
-3.1744384765625,2.99195
-3.00262451171875,2.992
-3.08929443359375,2.9920500000000003
-3.1561279296875,2.9921
-3.1817626953125,2.99215
-2.84423828125,2.9922
-3.3221435546875,2.9922500000000003
-3.033447265625,2.9923
-3.00811767578125,2.99235
-3.11981201171875,2.9924
-3.04595947265625,2.9924500000000003
-2.81585693359375,2.9925
-3.17352294921875,2.99255
-3.0584716796875,2.9926
-3.31939697265625,2.9926500000000003
-3.1671142578125,2.9927
-3.26568603515625,2.99275
-3.1005859375,2.9928
-3.193359375,2.9928500000000002
-3.25927734375,2.9929
-3.3416748046875,2.99295
-3.0413818359375,2.9930000000000003
-3.27301025390625,2.99305
-3.33953857421875,2.9931
-2.89886474609375,2.99315
-3.16680908203125,2.9932000000000003
-3.16253662109375,2.99325
-2.97698974609375,2.9933
-3.1512451171875,2.99335
-2.9150390625,2.9934000000000003
-2.872314453125,2.99345
-3.0926513671875,2.9935
-3.15155029296875,2.99355
-3.26171875,2.9936000000000003
-2.80487060546875,2.99365
-3.092041015625,2.9937
-3.33343505859375,2.99375
-3.17535400390625,2.9938000000000002
-2.8253173828125,2.99385
-2.9833984375,2.9939
-2.73406982421875,2.9939500000000003
-2.75299072265625,2.994
-3.0670166015625,2.99405
-2.98187255859375,2.9941
-3.07830810546875,2.9941500000000003
-2.972412109375,2.9942
-2.94769287109375,2.99425
-2.7947998046875,2.9943
-2.97943115234375,2.9943500000000003
-3.34716796875,2.9944
-3.33526611328125,2.99445
-3.10089111328125,2.9945
-3.28033447265625,2.9945500000000003
-3.31207275390625,2.9946
-3.07525634765625,2.99465
-3.3203125,2.9947
-3.4246826171875,2.9947500000000002
-2.9083251953125,2.9948
-3.1085205078125,2.99485
-3.033447265625,2.9949
-3.1634521484375,2.9949500000000002
-3.24188232421875,2.995
-3.1219482421875,2.99505
-3.2464599609375,2.9951000000000003
-3.31085205078125,2.99515
-3.5430908203125,2.9952
-3.52447509765625,2.99525
-3.30047607421875,2.9953000000000003
-2.9937744140625,2.99535
-3.59466552734375,2.9954
-3.3538818359375,2.99545
-3.39813232421875,2.9955000000000003
-3.2940673828125,2.99555
-3.43231201171875,2.9956
-3.173828125,2.99565
-3.402099609375,2.9957000000000003
-3.323974609375,2.99575
-3.53424072265625,2.9958
-3.443603515625,2.99585
-3.4832763671875,2.9959000000000002
-3.4356689453125,2.99595
-3.46527099609375,2.996
-3.47381591796875,2.9960500000000003
-3.5693359375,2.9961
-3.26812744140625,2.99615
-3.2080078125,2.9962
-3.37554931640625,2.9962500000000003
-3.05999755859375,2.9963
-3.41094970703125,2.99635
-3.27178955078125,2.9964
-2.95867919921875,2.9964500000000003
-3.0682373046875,2.9965
-3.3026123046875,2.99655
-3.01239013671875,2.9966
-3.30108642578125,2.9966500000000003
-3.0615234375,2.9967
-3.3319091796875,2.99675
-2.97760009765625,2.9968
-3.0889892578125,2.9968500000000002
-3.2476806640625,2.9969
-3.06793212890625,2.99695
-2.66754150390625,2.9970000000000003
-3.3197021484375,2.99705
-3.0279541015625,2.9971
-3.03741455078125,2.99715
-3.36578369140625,2.9972000000000003
-3.20526123046875,2.99725
-3.13995361328125,2.9973
-2.95257568359375,2.99735
-2.96112060546875,2.9974000000000003
-3.2354736328125,2.99745
-2.908935546875,2.9975
-3.22357177734375,2.99755
-3.30108642578125,2.9976000000000003
-3.06182861328125,2.99765
-3.01055908203125,2.9977
-3.099365234375,2.99775
-3.1402587890625,2.9978000000000002
-2.998046875,2.99785
-3.3135986328125,2.9979
-2.8472900390625,2.9979500000000003
-2.9296875,2.998
-3.2159423828125,2.99805
-3.07952880859375,2.9981
-2.9022216796875,2.9981500000000003
-3.07403564453125,2.9982
-2.93792724609375,2.99825
-3.26873779296875,2.9983
-3.446044921875,2.9983500000000003
-3.20831298828125,2.9984
-3.29193115234375,2.99845
-3.36334228515625,2.9985
-3.58673095703125,2.9985500000000003
-3.68255615234375,2.9986
-3.82080078125,2.99865
-3.50830078125,2.9987
-3.62213134765625,2.9987500000000002
-3.45184326171875,2.9988
-3.92059326171875,2.99885
-3.604736328125,2.9989
-3.76373291015625,2.9989500000000002
-3.602294921875,2.999
-3.8153076171875,2.99905
-3.5797119140625,2.9991000000000003
-3.57452392578125,2.99915
-3.48175048828125,2.9992
-3.71734619140625,2.99925
-3.3892822265625,2.9993000000000003
-3.409423828125,2.99935
-3.2928466796875,2.9994
-3.20892333984375,2.99945
-3.68743896484375,2.9995000000000003
-3.47381591796875,2.99955
-3.203125,2.9996
-3.24737548828125,2.99965
-3.499755859375,2.9997000000000003
-3.2171630859375,2.99975
-3.4124755859375,2.9998
-3.2427978515625,2.99985
-3.06915283203125,2.9999000000000002
-3.04290771484375,2.99995
